340.035 25.3948 32.5766 57.9609
338.5 28.5403 32.067 55.6723
335.398 27.3167 30.6253 55.5547
330.516 27.7781 28.9102 53.0567
323.855 28.6324 27.4139 51.4319
316.98 29.209 26.8776 47.2813
309.945 28.3003 24.848 45.3853
300.574 28.5201 24.2364 42.3471
291.273 29.064 21.6942 40.4452
281.422 28.9612 22.1137 38.4217
270.984 27.8606 20.2998 35.7583
262 27.5723 21.7592 33.3022
251.918 26.9878 19.4903 31.2787
242.336 26.2661 19.2775 30.7922
232.789 24.4598 19.5789 28.4158
223.562 24.3848 19.5523 26.6615
215.492 24.6499 15.979 26.5897
206.558 22.6563 15.6939 24.2193
199.305 23.2705 14.9834 23.5495
191.793 22.0625 14.2979 22.8378
184.57 21.9612 13.097 22.132
178.16 19.7322 11.3835 20.7066
171.098 18.8064 10.0378 21.0874
165.918 19.3628 9.00082 20.1883
161.254 18.3233 7.49996 20.6548
156.297 17.6983 8.28732 19.1018
149.898 16.8892 7.6506 19.038
146.027 17.0747 5.46151 18.1249
141.832 15.1297 5.1705 18.2007
137.262 14.9908 4.47616 17.7222
132.723 14.9829 4.30782 18.6751
129.215 14.8599 2.72567 17.9694
124.738 13.6021 2.14816 17.0663
122.68 13.5584 1.22494 16.9606
118.14 12.2056 0.747765 16.554
116.125 12.868 -1.07804 16.859
111.836 11.9358 -1.98063 16.2429
109.832 10.678 -2.47098 15.6548
107.121 11.0708 -4.059 15.609
105.629 11.9124 -3.49467 15.2282
103.5 10.5674 -4.89945 14.8714
99.4921 10.6375 -4.99992 14.975
98.6757 10.1526 -6.28068 14.991
95.9725 10.6983 -6.93204 15.0049
95.0116 10.4363 -6.79471 14.5205
93.4686 10.2962 -7.61893 13.5596
91.4217 10.7295 -7.22306 13.6493
90.6405 10.0857 -7.82426 13.2805
89.5233 10.3943 -7.8538 13.5476
87.7382 10.865 -7.21574 12.8937
87.4452 10.7544 -7.60868 13.5197
86.7382 11.0567 -8.4329 12.8997
85.1092 10.7544 -8.3339 12.8618
83.4999 10.7513 -8.43143 12.5747
82.4803 11.7893 -7.90409 11.4862
82.4061 11.0335 -6.84635 12.2896
82.2382 10.8135 -6.7371 13.1927
80.8514 12.1805 -5.9202 12.6744
79.3358 12.5469 -4.96305 12.1142
77.9296 12.8538 -5.11368 11.7613
78.1171 12.2742 -4.31901 10.4755
76.5311 13.1702 -4.30424 10.9021
76.3436 13.2701 -3.86991 10.4535
74.6092 12.8523 -3.10026 11.0676
73.9608 13.5818 -2.46061 9.91328
73.1288 12.7119 -2.25089 8.64336
73.7967 13.8406 -2.05143 9.5325
72.0428 13.9746 -0.447303 9.09391
70.1952 12.7901 -0.688026 9.14176
70.4569 14.3455 -0.166541 9.39694
69.2655 14.0088 -0.775184 7.97949
68.4413 13.7205 0.15841 7.61267
68.41 14.3846 0.637048 7.58077
67.8358 13.0923 1.18209 6.65375
66.2499 13.2264 1.48788 7.16809
66.4686 13.7002 1.07418 6.62384
64.4882 12.8477 3.13644 6.44442
65.3007 13.0144 2.29 5.49547
62.9296 12.8399 3.12313 4.7698
62.8671 12.5188 3.83358 6.34873
61.91 11.127 3.80697 6.39059
61.7108 11.9671 4.50131 5.29212
61.2811 11.6475 4.54562 5.09675
61.6053 13.0613 4.96664 3.59557
60.7186 11.2454 4.9725 5.13263
61.1483 10.8089 5.06417 5.08678
59.7577 11.1426 5.53243 4.40896
59.3397 10.4395 5.96224 4.44683
58.996 10.24 6.26803 4.79173
58.7577 9.70706 6.45419 4.12586
57.828 8.98538 6.61373 5.53534
57.996 10.0186 5.55453 3.17492
57.9022 9.42166 6.23849 3.74908
57.5975 10.2774 6.21932 2.98753
57.5975 9.07718 6.67867 3.54573
57.6288 9.21903 7.884 4.56845
56.3475 8.83255 8.23263 2.98155
56.1053 8.43973 7.04354 2.73832
56.0936 9.55887 7.31979 3.74509
57.0858 9.9578 7.1484 2.50508
55.6366 8.61747 7.70089 3.88464
56.5116 9.00711 7.57675 3.79094
55.7733 8.58011 7.59005 2.07645
56.0936 9.7786 7.71859 2.33562
54.8749 8.3555 6.915 2.07844
54.5702 8.2388 7.40841 2.73035
54.8202 9.02274 8.00668 2.60076
54.4139 7.793 7.67428 3.48393
54.5624 8.57059 6.96078 2.91974
55.5624 8.78739 7.03463 3.10913
55.0194 7.29886 6.88107 2.93769
54.6327 7.68534 8.18685 2.63864
55.4569 7.22879 7.68466 2.05053
55.4999 6.74247 7.56197 3.25068
53.871 7.97538 8.52511 3.04335
56.1249 7.07279 7.7142 3.21479
54.9061 7.16483 8.20309 3.21878
54.6561 6.8389 8.52364 1.15541
55.1678 6.77054 8.60787 2.90977
55.3866 7.58255 7.92831 2.40539
55.2303 6.47269 9.70394 3.43608
55.4999 7.3533 8.58273 2.69247
56.7421 5.80399 8.40841 2.38745
55.8749 6.07376 7.93722 2.22398
56.8983 6.53983 9.22384 2.52302
55.7499 6.63797 8.44979 1.84719
55.4257 5.5203 9.32577 1.88307
57.4217 5.71219 9.81918 3.10714
57.4413 6.41043 8.01107 1.79535
56.8358 5.47977 9.31246 2.84997
57.5038 6.01297 10.0378 2.04854
56.9725 5.90702 8.72018 1.7814
57.0975 6.66434 8.54293 2.54893
56.8046 5.0076 9.10128 1.99472
57.1288 4.38578 9.51339 1.80133
56.9491 4.99832 9.18844 0.898234
57.2967 5.14017 8.8619 2.63266
57.3788 4.44803 8.26522 2.05651
57.535 3.13553 9.57687 2.22398
57.4842 3.34915 8.96237 2.63465
57.9413 4.14261 9.47494 2.90579
57.3475 4.07718 8.12045 1.59201
57.8788 3.31327 8.24886 1.85716
55.2811 3.0015 8.91805 1.41857
56.9296 2.56668 7.74227 1.66577
56.7108 1.79666 8.01254 1.67973
57.6717 1.80448 8.66988 1.13348
56.1483 1.96341 7.85897 1.63388
55.9803 2.03519 8.69943 1.41657
55.7811 1.74369 8.51486 0.938106
56.535 1.72513 8.62411 1.37869
55.4999 1.20755 7.73629 1.08364
54.1014 1.15311 8.63595 1.72757
54.6444 0.277133 7.80428 2.31568
54.6757 0.852084 7.88851 -0.287953
54.8514 1.15311 8.56796 1.08963
55.4491 1.02982 7.37142 0.246333
54.6249 1.18582 7.65511 0.706851
54.8827 0.484408 6.79537 0.513469
54.0272 -1.18185 6.67721 0.714824
54.7069 0.512485 6.9963 0.91817
54.9999 0.752475 7.6329 0.499515
53.4647 0.113315 6.8663 2.34957
53.3827 -0.722135 7.54134 0.979976
52.4842 0.437533 7.22372 0.573283
53.371 -0.430631 6.70821 0.960033
53.2772 -0.885709 6.24142 0.796565
53.2147 -0.96359 6.22079 1.63986
52.285 -1.08517 6.08627 1.03181
52.3905 -0.760953 5.78793 1.29097
52.1796 -0.363492 6.78951 1.40062
51.9608 0.147738 5.60323 0.712833
51.0546 -2.03122 5.97701 1.05772
50.5936 -0.990201 5.93124 1.00389
50.9725 0.227084 4.76132 0.471606
50.0311 -0.985562 4.9548 1.48834
50.1757 -2.03122 5.25912 0.469615
49.4139 -2.21994 5.74362 1.48834
48.6952 -0.938687 5.24142 0.814502
48.5272 -1.71188 6.1484 1.88307
48.5507 -1.17721 4.80563 0.164592
46.9217 -1.77414 5.02279 0.250316
46.6717 -2.24484 4.68002 1.30493
46.8475 -1.5029 4.69039 0.754695
46.7108 -2.6174 4.34921 1.12152
46.578 -2.01877 3.88094 1.68172
45.5975 -2.41794 4.84994 0.890262
45.8866 -2.03439 4.28854 0.788585
44.8436 -2.7717 4.13644 0.954059
44.9061 -2.05929 4.4703 0.455653
45.2421 -1.5715 3.61642 0.37791
44.2186 -2.45993 3.54403 0.804538
43.4257 -2.69528 2.88827 0.991939
44.3866 -2.24167 3.6578 0.250316
43.4882 -1.92379 4.27084 0.176555
43.3007 -1.36276 4.05514 0.902225
42.0897 -2.57541 3.57516 1.10557
42.5389 -2.05636 2.49239 0.756694
42.4022 -1.34396 3.7745 1.15541
42.5077 -2.39132 3.38754 0.784602
40.9217 -2.26974 2.96652 0.435725
40.7421 -2.58004 3.62972 1.42853
40.7225 -3.15353 3.5057 1.17933
41.16 -2.30246 4.53378 -0.630849
41.2967 -2.42257 3.01522 0.246333
41.2225 -2.38205 3.49825 1.20724
40.2538 -2.9089 3.62386 0.796565
40.8671 -3.38742 4.00204 0.563312
40.0038 -2.93527 3.1379 1.38268
39.6366 -3.34689 2.7745 1.04975
39.6171 -3.44821 3.07736 -0.20622
40.0038 -2.69528 3.36984 1.57406
39.1366 -3.41378 3.33431 0.078868
38.7928 -2.7529 2.82613 0.449672
39.6874 -3.25485 2.59725 0.334048
39.2499 -2.4194 2.52194 1.15541
38.6053 -3.4592 3.49679 0.926143
39.5428 -2.55807 3.71249 1.5641
39.4061 -3.91574 2.19393 0.672961
38.7811 -3.9797 3.40231 1.01785
38.1952 -3.87985 3.38155 0.91817
39.0936 -3.5527 2.53512 1.50827
38.9061 -2.97287 2.76705 1.54017
39.3749 -3.48703 2.55148 1.17734
37.9569 -3.4465 2.58834 1.29496
39.1444 -3.46383 3.20431 1.17933
38.9257 -4.13546 3.68295 1.05573
38.0507 -3.44357 3.6755 2.10038
37.5194 -4.6716 3.59579 2.216
38.4882 -2.97433 2.36971 1.2212
37.8202 -4.30539 3.11129 1.69966
37.9999 -4.23385 4.0389 2.01465
38.0194 -4.08102 2.57943 1.47637
38.1014 -4.47067 3.08175 1.596
38.2577 -3.49191 3.07736 1.80731
38.1561 -4.25387 3.98287 1.4684
38.3202 -3.83004 3.83663 2.34957
37.6835 -4.21652 3.10983 1.61593
37.746 -4.77926 4.06405 0.348003
38.2889 -3.40915 2.20577 1.56609
38.1757 -3.77243 3.05367 1.60397
37.8514 -4.76046 2.62386 1.97677
38.0077 -4.96628 1.81869 1.42255
37.8007 -5.60226 3.11715 2.10038
38.7069 -5.12985 3.27963 1.48436
38.1639 -4.6484 2.96798 0.694888
37.8944 -5.51339 2.39632 0.934123
38.3007 -4.83542 2.90597 1.1873
37.6444 -4.62643 2.88229 1.61991
38.1757 -3.92355 2.63265 1.83323
38.3749 -5.70822 3.55587 1.89703
38.0389 -4.5112 3.16293 1.81928
38.1639 -5.54757 2.51156 1.59001
37.9764 -4.15744 3.58395 2.65858
38.4764 -5.384 3.43038 2.32167
37.9374 -5.81588 3.32552 2.19407
38.1874 -4.99118 2.33285 1.94088
37.6132 -4.34274 4.08773 3.01544
38.2382 -5.59445 4.05966 2.84797
39.1444 -5.04123 3.26486 2.14025
39.8436 -5.41989 2.73751 1.76146
38.8241 -5.38253 2.95174 2.47318
39.5546 -5.29684 4.07882 1.8133
39.6249 -5.18771 3.09359 2.08841
39.2811 -6.0964 3.11129 1.53818
40.0116 -5.63351 3.55148 1.17535
39.4608 -5.92331 4.24276 2.08442
39.5546 -5.16891 2.80404 2.5888
39.4296 -5.39962 4.04781 0.926143
40.0741 -5.49313 2.71835 2.72636
40.4725 -5.69723 2.88827 2.23992
40.3046 -6.23507 3.6578 2.9337
40.285 -4.92746 2.75228 2.22597
40.6171 -5.95285 3.57516 2.13426
40.3163 -5.32956 3.95773 2.11035
41.4725 -6.01535 3.60323 1.21322
40.953 -6.21164 3.25008 2.86791
41.5663 -5.93747 3.69332 3.01544
41.996 -6.95993 4.31075 1.54017
41.4842 -5.8486 2.49972 2.43729
41.7225 -5.88278 3.8381 2.02462
42.4452 -6.08688 2.99313 3.13505
41.6717 -6.29587 3.58248 2.76225
42.1522 -6.0339 3.58248 2.28379
42.7382 -4.67941 3.33578 2.10038
41.871 -6.25534 4.42452 1.80133
42.4842 -6.04635 3.8691 2.86592
43.2264 -5.51486 3.68881 2.00269
43.1132 -6.30978 3.6578 3.34039
43.6014 -6.16183 3.81442 2.17613
43.9061 -5.02707 4.31966 2.58482
44.3632 -5.68332 4.16451 3.01145
45.9413 -6.21017 4.61361 2.89382
44.6678 -5.46042 4.81442 1.84918
44.9921 -5.70675 5.45113 2.21401
46.0975 -6.12594 4.2236 2.07446
46.6796 -5.44626 5.27389 2.71839
46.8905 -5.11593 5.27828 1.8432
47.6835 -6.23825 6.24288 1.63587
48.4335 -5.19699 6.13656 2.8699
48.5702 -5.45407 6.47775 2.80611
48.371 -5.65841 6.43795 2.63864
49.5116 -5.3779 5.96517 2.66855
50.1757 -5.44796 7.31539 2.67453
49.8436 -6.08542 6.05831 2.04854
50.6483 -4.60617 5.80856 1.58004
50.5311 -5.27658 6.01693 1.87111
51.1288 -5.90768 6.46591 1.16139
50.9413 -5.7861 5.67416 1.5023
51.8163 -5.2048 6.72006 2.82205
51.5233 -6.04489 6.47775 2.42334
52.7967 -5.36691 6.6683 2.57884
50.5936 -6.4736 6.45858 1.22718
53.1092 -5.68185 6.61215 1.62191
52.3397 -5.5383 5.6683 2.43729
52.9764 -5.79562 5.92379 1.81529
53.5077 -5.83297 6.03756 1.53021
53.7577 -5.73629 6.0361 0.756694
54.8124 -5.88742 5.57967 2.66456
54.4139 -5.33883 6.12472 1.56011
55.1053 -5.96847 6.83077 1.60596
55.8046 -5.90304 5.82638 2.24591
55.3866 -6.6777 6.83822 0.91817
56.5663 -7.06735 5.6506 1.61593
57.2225 -6.38156 5.53976 2.27581
56.3671 -7.29171 4.18514 1.36274
58.2967 -6.27878 5.01241 0.946086
58.3085 -6.43918 5.48654 1.76545
58.8592 -6.81808 5.0361 2.07446
59.2382 -7.10177 4.15267 1.89902
58.7264 -8.06173 4.33138 1.67175
59.9999 -8.38766 5.69186 1.11753
61.2186 -6.33322 3.73312 0.19649
60.7499 -7.18747 4.5693 1.6259
61.5741 -6.9443 4.16744 1.0657
61.4491 -8.0588 3.89571 1.6259
61.7186 -6.85544 4.91781 0.878299
61.4686 -8.28 4.38314 1.12551
62.8983 -8.56051 3.60323 1.10955
62.2538 -8.01657 3.51156 2.08642
63.1835 -7.42892 2.62228 1.78539
62.8671 -7.9216 2.2767 1.94686
64.0897 -8.00094 2.49532 1.55213
63.5663 -7.97775 2.40524 1.93291
63.996 -8.30807 1.79659 1.35477
64.3085 -8.15378 1.17465 1.89105
65.3944 -8.5029 1.39034 1.37869
64.9022 -8.16012 1.93697 0.934123
66.2811 -9.09518 0.848229 2.5589
66.3632 -9.2651 0.170251 1.07566
66.9803 -8.28463 0.275109 0.786594
67.0936 -8.25192 0.142175 1.36075
66.6483 -8.40011 -0.445838 1.50827
67.8983 -8.98605 -0.903724 1.4385
68.2733 -9.16842 -0.730872 2.01863
68.7342 -8.58395 -1.86234 2.31967
68.5038 -8.99557 -0.643714 1.7834
68.578 -8.36422 -1.88749 2.67852
67.8163 -9.39132 -2.28336 1.44049
69.1717 -8.21457 -1.59501 2.06449
69.4217 -8.11642 -3.40458 2.19208
69.6639 -7.17648 -3.17557 2.03259
69.2225 -7.58029 -3.70145 3.28855
68.9413 -7.99948 -3.41642 2.5589
69.6014 -7.655 -3.72514 4.71996
70.121 -7.34494 -4.35001 4.41095
70.4452 -6.90378 -4.19926 3.12907
70.0507 -6.8508 -5.18314 3.775
69.9882 -6.64181 -5.45048 4.56645
70.2382 -6.43454 -6.08268 3.89461
70.5702 -7.07199 -6.09013 4.59635
71.3436 -6.4736 -6.66032 4.65019
70.4452 -5.59762 -6.19205 5.28016
69.8202 -6.83346 -6.82865 4.71398
69.9022 -5.27023 -7.04874 6.08557
71.5819 -5.23752 -6.94388 6.36069
70.5702 -4.20871 -7.585 6.34275
71.2499 -3.84884 -7.8007 6.86308
70.0897 -4.78708 -7.58353 6.80725
71.0936 -3.30954 -6.79618 5.66094
71.2499 -3.4902 -7.51115 6.28493
71.0194 -4.01095 -8.01481 6.84713
70.9139 -3.32345 -8.26896 6.22712
71.3241 -2.89645 -7.78593 4.84755
70.246 -2.68283 -7.16849 7.56881
71.2382 -2.35544 -7.20829 6.38461
71.3124 -2.26046 -7.2703 5.63901
72.4686 -1.43283 -8.65006 5.07682
72.2421 -1.28781 -8.5496 5.48351
72.7538 -0.937222 -8.26603 4.54253
72.3749 0.234897 -7.38554 4.38504
73.1991 -0.126676 -7.69279 4.34516
74.0897 -1.00876 -7.34721 2.94765
73.4608 0.241244 -7.99271 3.51583
74.871 0.470248 -7.32645 2.88386
74.703 0.312778 -7.26151 2.16018
74.203 0.471957 -6.77555 3.09119
75.621 1.71561 -6.59525 2.78218
76.6014 1.93387 -5.95414 2.28778
76.2382 1.74832 -5.60111 0.475597
75.6639 2.21756 -5.97489 1.96083
76.7186 2.89237 -5.67643 1.44248
77.9296 2.86283 -5.257 0.385882
77.1757 2.90799 -5.72965 -1.21099
76.4257 4.03665 -4.58781 -1.64958
77.5116 3.74515 -5.26139 -1.12726
79.328 4.08182 -3.67045 -0.680692
78.7225 4.61795 -3.47843 -1.4562
79.16 3.38651 -3.12101 -1.64958
78.4296 3.96805 -2.77677 -1.78116
79.66 3.293 -2.24503 -1.7353
79.785 5.62332 -1.55961 -2.12206
79.8085 5.02323 -1.1829 -2.30149
80.6717 5.55008 0.273644 -3.54151
80.8827 5.69193 -0.475379 -4.61007
79.5038 6.68778 1.07125 -5.32178
80.3905 6.25931 0.907311 -4.2911
78.6913 7.17093 1.14962 -5.27394
79.8905 8.57694 1.29879 -5.71851
79.6092 8.28397 1.18356 -5.5969
78.2616 8.69535 1.83651 -6.58573
78.5116 10.7107 3.99166 -7.36123
77.5233 11.6507 4.0079 -6.63158
77.3749 12.6529 4.57809 -5.54108
77.5858 14.2942 5.48654 -5.99363
78.3866 15.315 5.38021 -5.1922
79.496 17.7061 6.22079 -4.41669
78.8592 17.8479 6.04501 -4.49045
79.6092 17.9319 8.28585 -5.04467
80.703 19.8086 8.66256 -4.09572
81.6132 19.1182 8.49703 -4.46454
81.8007 17.9678 9.50301 -4.4446
84.5858 17.4551 10.8547 -4.08974
83.8983 16.6258 11.9566 -2.82181
86.1327 16.4341 12.4929 -2.28155
85.578 14.6743 13.2019 -0.658765
87.2499 13.8826 13.4146 -0.933881
90.2342 13.9278 14.5195 -0.519215
90.3046 12.4236 13.552 0.367938
90.871 10.9258 12.6701 1.60795
93.3749 10.1465 13.6052 2.05851
94.8983 10.5845 13.2699 1.89105
96.328 8.66263 13.8282 2.55491
96.203 8.16849 13.1798 4.37507
97.8007 5.66703 12.4648 3.37827
99.0311 5.78226 11.9315 4.29333
99.1874 5.35819 10.6375 3.84079
99.7303 4.41068 10.7852 4.83958
99.4999 3.28983 9.86349 5.62505
100.074 3.10599 8.91219 5.53534
99.1366 2.29544 8.4764 6.80327
99.6678 1.69998 6.72152 6.05168
98.2069 -0.17648 5.13351 6.21516
97.5819 0.247348 4.74801 6.31683
97.1639 -0.659635 4.54855 6.87504
96.2147 -1.04001 2.84982 6.7933
95.6405 0.916049 0.73446 7.40334
93.6678 -1.85519 0.34298 8.23667
92.7382 -0.945035 -0.284827 6.03773
92.0077 -0.511685 -1.79887 7.84991
90.328 -0.30441 -2.31742 8.30644
88.8553 -0.0705232 -4.2067 6.60391
88.0194 -0.00362871 -4.59367 7.52495
87.0624 -0.396207 -5.96598 7.57679
85.1913 0.961215 -6.85087 8.02534
83.3241 0.65726 -6.60123 7.74425
80.7772 1.92777 -6.39591 7.53292
78.9296 0.955112 -6.83317 7.57479
76.6561 1.3743 -5.83305 6.73947
74.203 1.36649 -5.32194 6.80526
70.6952 0.390903 -4.60844 5.35193
68.8085 0.443881 -3.50065 5.30807
64.6132 -0.251431 -2.23905 4.87347
63.8592 0.414096 -1.17399 4.55449
59.9764 -1.20212 -0.500404 4.71597
57.6171 -0.998013 0.251427 4.1478
53.7889 -1.58859 2.83358 3.15698
52.4335 -3.30954 2.5234 2.70244
49.8944 -2.98996 3.71102 2.99151
48.7577 -4.08102 3.87203 2.35954
45.2186 -3.90011 4.7214 1.28698
44.0194 -4.24777 4.32552 2.03259
42.9335 -4.65915 5.22213 2.64862
41.0858 -5.3779 4.44662 1.59799
38.9686 -6.34567 3.24276 2.47916
38.8436 -5.77047 3.06405 0.637073
36.1522 -6.59518 4.58553 0.991939
36.16 -5.19845 3.81295 1.2192
34.4921 -5.30148 4.09652 1.52622
32.7186 -6.13693 3.54403 0.222407
31.3202 -5.29831 3.66073 1.67574
31.0467 -6.56393 2.49532 0.848399
28.7186 -6.39572 3.23531 0.760677
26.6132 -7.11422 3.25314 0.615146
26.8632 -6.9194 3.27084 0.33604
25.2225 -7.58786 2.58834 0.734759
22.0819 -6.86325 2.59872 1.17335
21.6249 -6.73703 2.35494 0.421764
20.9257 -6.71212 1.81869 -0.31387
19.0155 -6.71359 2.32101 -0.349751
17.2303 -7.53488 1.74337 0.950069
17.7421 -6.96457 0.891076 -0.499272
15.1014 -7.01291 0.978234 0.393855
14.8514 -6.99557 -0.051429 -0.0826158
14.5272 -6.55148 -0.0381233 -0.0148362
12.4491 -7.67672 0.969323 -0.30988
11.1639 -6.61081 -0.0897591 -0.0547074
10.4257 -6.49679 1.05355 -0.527188
10.9257 -6.009 0.690148 0.563312
9.63269 -5.1362 0.920617 -0.903973
10.9686 -5.09713 -0.108924 -0.379659
9.28503 -4.81979 0.0668572 0.100795
9.93347 -4.30539 -0.100135 0.375911
9.328 -5.53512 -0.538856 -0.485318
7.84753 -4.72775 -1.58915 -0.776387
8.09753 -3.83004 -0.0498421 -0.527188
8.078 -4.3569 -1.00126 -0.447438
7.24987 -3.36862 -0.921424 0.603183
7.18737 -3.88766 -0.993812 0.401828
7.80456 -3.66476 -0.900794 0.110767
6.48034 -3.63205 -1.73832 -0.728536
6.26159 -2.98214 -0.921424 -0.0786256
7.31628 -3.74899 -1.07059 -0.989705
6.05065 -3.50265 -0.518104 -0.220174
5.94909 -3.0383 -1.02921 -0.204221
6.15612 -2.31662 -0.939124 0.156619
6.10534 -2.68918 -1.18729 0.164592
5.71862 -2.72799 -0.748573 -0.158368
6.16784 -3.31735 -1.48124 -0.658765
6.1444 -1.48727 -2.2996 -0.596959
5.68737 -2.10617 -1.27897 -0.417539
5.55065 -1.87692 -1.31144 0.00111685
5.55065 -1.93942 -0.182899 0.23437
4.7694 -2.21994 -1.13114 0.266261
4.35925 -2.5986 -1.46793 0.296168
4.05847 -1.75705 -1.21683 -0.704617
3.54675 -0.736051 -0.302528 -0.222165
3.65222 -1.78512 0.202721 0.0310164
4.35144 -2.65793 -1.82108 -0.0228089
4.8319 -1.66818 -0.977576 0.0848495
2.97253 -1.44845 -0.426551 0.904216
3.05456 -1.87863 -1.36454 -0.413548
4.16394 -0.96359 -0.181312 -0.848157
3.11706 -1.40011 -1.48429 0.286204
3.24597 -1.32834 -0.822425 0.0429793
3.078 -0.782926 -1.97904 0.862353
2.84753 -0.630094 -1.25236 0.015071
1.94128 -0.913785 -1.564 -0.186284
2.21081 -1.49215 -1.0308 0.529422
3.02331 -0.600553 -0.704261 -0.581014
1.14831 -1.80856 0.764001 -0.403584
3.18347 -0.536588 -0.326087 0.30614
2.25378 -0.64401 -0.841712 0.22639
2.16003 -1.97995 -1.21097 -0.315862
2.36706 -1.53097 -0.351234 -0.680692
1.83581 0.0090666 -0.9672 -0.176312
1.58581 -1.03537 -0.818031 -0.377667
1.11315 -1.03073 0.0121697 0.710841
0.831904 -0.932584 -0.08097 0.0429793
2.50378 -0.552213 -0.906654 -0.154385
1.21862 -0.30734 -0.286292 -0.616902
1.81628 -1.12253 -0.581702 0.116748
1.21081 -1.38595 -1.17106 0.357967
0.519404 0.0556975 0.251427 0.609164
1.49206 -0.509976 -0.980506 0.114757
0.667841 0.241244 -0.529945 0.124721
0.792841 -0.482144 -0.225623 -0.405576
1.52331 -0.619107 -0.292152 0.467616
1.71862 -0.893521 -0.306922 -0.57105
1.44909 -0.661344 -0.747108 -0.194257
0.894404 -0.983853 -0.851966 0.469615
1.57409 -1.11789 -0.26847 0.531413
0.999873 -1.53878 -0.1193 -0.588986
1.23034 -0.0268221 -0.865272 -0.2441
1.10534 -0.145474 0.834924 -0.048726
0.425654 -0.91525 -0.741248 -0.291943
0.644404 -1.20993 0.0327995 -0.545125
1.80456 -0.320035 -1.01603 -0.186284
0.499873 -0.489713 -0.36161 -0.501271
0.531123 -0.809293 -0.00553054 -0.0626801
0.999873 0.0603361 -1.16373 0.0828506
0.687373 -0.595914 0.183556 0.290187
0.144404 -0.469449 0.105187 -0.166341
0.956904 0.166293 0.242638 -0.170331
1.27331 0.0137053 -0.80619 -0.160367
0.113154 -0.831265 -0.0572884 -0.0865983
0.636591 -0.0627107 -0.553626 -0.0347642
1.03112 -0.322965 -0.137 -0.957799
0.636591 0.297397 -0.518104 0.130702
0.581904 -0.259244 -0.410316 0.162601
0.331904 -1.29245 -0.739783 0.0669051
0.413935 0.601352 -0.275916 0.942096
0.511591 -0.118863 -0.262611 0.316104
0.863154 -0.210904 -0.249305 -0.612912
0.675654 -0.204556 -0.315833 -0.222165
0.906123 -0.374478 -0.377845 -1.14121
0.894404 0.233432 -0.592078 -0.190267
0.406123 -0.0424471 0.152428 -0.218175
1.13659 0.1431 -0.556556 -0.71658
0.449092 -0.809293 -0.190223 -0.515225
0.156123 -0.402554 0.232262 -0.10056
0.163935 0.0293303 0.359338 -0.449437
0.687373 0.457797 0.148034 -0.142423
0.113154 -0.209195 -0.745643 0.0848495
-0.910284 -0.921597 0.498132 0.601192
0.456904 -0.413541 -0.280311 -0.0965699
0.781123 0.922397 -0.231605 0.499515
0.581904 -0.3215 -0.391151 -0.367696
1.16784 0.233432 -0.0233528 0.515468
-0.105596 -1.16012 -0.402991 -0.12647
-0.691534 0.136752 -0.0735237 0.316104
0.406123 0.122836 -0.0720589 -0.106542
1.10534 -0.935513 -0.128211 0.252315
0.374873 0.267612 -0.470863 0.894252
0.132685 -0.695523 0.164269 0.896243
0.542841 -0.62692 -0.383704 -0.445447
0.124873 -0.157926 -0.315833 -0.273999
-0.449346 -0.865445 0.118493 -0.154385
0.468623 -0.444547 0.377038 -0.258046
0.269404 -0.695523 -0.163612 -0.285962
0.937373 -0.628629 -0.984901 0.379901
0.542841 0.206821 0.422814 0.0190612
-0.441533 -0.182828 -0.620032 -0.0387544
-0.0860647 -0.747037 0.964928 0.316104
-0.136846 0.174106 0.15841 -0.800313
-0.230596 -0.528775 0.356286 -0.307889
-0.011846 -0.742398 1.02401 0.768649
0.925654 -0.118863 -0.704261 -0.373677
0.312373 0.0852385 0.143639 -0.78037
0.499873 0.213168 -0.224158 -0.230138
-0.398565 -1.10544 -0.695472 -0.455418
0.300654 -0.91525 0.434655 0.242343
-0.011846 -0.647183 0.266198 -0.451428
-0.0548147 -0.375943 -0.224158 -0.666737
0.218623 -0.829556 -0.487098 -0.929891
0.269404 -0.720426 -0.905189 0.441699
0.781123 0.213168 -0.668861 -0.588986
-0.000127239 -0.947965 -0.25077 -0.38564
0.562373 -0.651822 -0.184364 -0.708608
-0.511846 -1.0151 -0.405921 -0.291943
0.0311228 0.0727873 -0.355628 0.979976
0.593623 0.152377 -0.340858 -0.569051
0.0623728 0.0525236 0.0357292 0.659007
0.331904 -0.257535 -0.327552 0.549358
0.343623 0.242709 0.351891 -0.05869
-0.0860647 -0.243619 -0.571326 0.00510702
-0.187627 -0.179654 -0.196082 0.176555
0.769404 -0.0253572 -0.496009 1.07965
0.257685 -0.588101 -0.667396 -0.323842
0.468623 -0.382291 -0.626014 -0.287953
-0.535284 0.249057 0.922082 -1.08539
-0.316533 -0.500699 -0.120765 -0.0566987
-0.011846 -0.622281 -1.21683 -0.523198
0.906123 -0.390103 -0.906654 -0.325833
0.574091 -0.221646 -0.469398 1.07367
0.257685 -0.86691 0.057946 0.655017
-0.379033 -0.265347 -0.0661995 -0.142423
0.949091 -0.580289 0.000328834 -0.42352
-0.074346 -0.132779 0.165734 0.22639
-0.922002 -1.73361 -0.194617 -0.0547074
-0.597784 -0.916959 0.244103 -0.331815
0.425654 0.0012541 0.0194939 -0.00287332
0.613154 -0.438443 0.183556 -0.507253
-0.0313772 0.0105314 0.0741814 -0.297925
-0.261846 -0.542935 -0.23014 -0.830212
-0.605596 -1.13205 -0.556556 0.284206
-0.941534 0.319125 -0.50785 0.112758
0.363154 -0.249722 0.464196 0.0808593
1.07409 0.498324 -0.922889 0.015071
-0.254033 -0.0580721 -0.0691292 -0.220174
-0.324346 -0.664273 0.139245 -0.184285
-0.125127 -0.00509355 -0.383704 0.12073
1.44909 0.181918 -0.21244 0.134685
0.288935 -0.525601 -0.453162 -0.431493
0.667841 -0.220181 0.472985 0.312114
0.226435 -1.55758 0.378503 0.015071
-0.0235647 -0.790738 0.323815 -0.0507173
-0.785284 -1.18185 -0.140052 -0.184285
0.050654 -0.0861482 -0.615638 -0.658765
0.749873 -1.09298 0.501061 -0.172322
0.394404 -1.26754 -0.778114 -0.610921
-0.199346 -0.536588 -0.964271 -0.911946
1.0194 0.171176 -0.789954 -0.154385
0.226435 -0.927701 -1.57145 -0.445447
0.792841 0.287875 -0.286292 -0.0666627
0.413935 0.0105314 -0.132606 0.930133
-0.597784 -1.08371 0.795007 -0.584996
0.050654 -0.483609 -0.246375 0.507487
-0.754034 0.0090666 0.561608 -0.208211
0.124873 0.267612 0.130334 0.830455
0.187373 -0.0392732 -0.940589 -0.00885477
-0.0860647 -1.41403 0.216027 -0.148404
-0.074346 -0.312222 0.04757 0.393855
-0.156377 -0.274625 1.28402 -0.200238
-0.668096 0.0805998 -0.460609 -0.0726441
1.06237 -0.589566 -0.00553054 0.00111685
-0.0938772 -0.268521 0.662072 0.220409
-0.285283 0.236606 -0.150306 -0.592976
-0.804815 0.523227 -0.547645 -0.38963
0.206904 -0.0705232 0.871911 -0.283971
0.249873 0.121127 -0.549232 0.246333
1.24987 -0.19064 -0.822425 -0.808286
-0.0235647 0.7056 -0.231605 0.114757
0.800654 -0.251431 0.103722 -0.876065
-0.543096 -0.226285 -0.303992 0.0170699
-0.254033 -0.355679 0.703454 0.830455
-0.199346 0.00418379 -0.131141 -0.888028
-0.355596 -0.868619 0.391808 -0.317861
-1.02356 -0.425992 -0.559486 0.4118
-0.0938772 -0.637906 0.591149 0.130702
-0.254033 0.242709 0.0402458 -0.279981
0.574091 -0.421353 -0.151771 1.57805
0.413935 -0.616178 -0.0483772 0.457652
0.855341 -0.813931 0.239587 0.0609237
-0.304815 0.259799 -0.210853 0.154628
0.00768526 -1.15548 0.311974 0.908206
-0.261846 0.00418379 0.283898 0.69688
0.187373 -0.24191 -1.09574 0.346011
-0.648565 -1.80221 -0.541785 -0.16834
-0.691534 -0.305875 -0.544715 1.23117
-0.285283 -0.68942 -0.287757 1.09162
0.00768526 -0.210904 0.592736 0.324077
-0.617315 0.166293 -0.10453 0.216426
0.300654 -0.143765 -0.00553054 -0.164349
0.667841 -0.217008 0.146569 -0.463391
0.699091 0.0105314 -0.586097 -0.198247
0.675654 0.0666838 0.221886 0.601192
-0.293096 -1.63864 -0.262611 0.214427
-0.261846 -1.27218 0.408044 -0.311879
0.269404 -0.622281 -0.37345 0.102794
0.187373 -0.813931 0.461266 0.0868407
0.499873 -0.145474 0.824548 0.916179
0.343623 0.482699 -0.128211 1.02383
0.163935 0.515414 -0.165076 -0.525197
0.824091 -0.452359 0.443444 0.298167
0.257685 -0.165738 0.403649 -0.686673
0.456904 -0.684537 -0.312782 -0.329823
1.24987 0.0852385 -0.445838 -0.210202
0.906123 -0.00191972 0.0741814 -0.545125
0.949091 -0.676969 -0.956824 0.659007
1.11315 -0.227994 -0.0188362 0.00908957
0.0311228 0.676059 1.03585 0.30614
-0.386846 -1.4111 -0.432532 -0.2441
-0.574346 -0.520963 -0.175452 0.104785
0.605341 -0.106412 -0.611243 0.112758
0.156123 -0.104947 0.8984 0.124721
0.792841 -0.168668 0.131799 -0.0766343
0.886591 -1.4172 0.833459 0.417781
0.187373 -1.30343 -0.175452 -0.0566987
0.226435 -0.517789 -0.0779182 0.236362
0.699091 -0.160855 0.288415 0.348003
1.12487 -1.01364 -0.36161 0.236362
1.21081 -0.553678 -0.0262825 -0.102551
1.14831 -0.511685 0.15548 0.180537
0.656123 -0.681607 -0.309852 1.12352
1.52331 -0.73776 -0.131141 1.31689
0.343623 -0.49606 -0.135535 0.960033
1.61706 -0.0580721 -0.0366585 0.0469695
1.04284 -0.492887 -0.868201 1.18133
1.05065 -0.789029 -0.388221 0.26427
1.12487 -0.327603 -0.897742 1.17136
0.980341 -0.227994 -0.906654 0.270251
0.831904 -0.97775 0.139245 1.01187
1.35534 0.462436 -0.26847 0.649036
1.48034 -0.186002 -1.14005 1.13348
1.59362 -1.01364 -1.28629 1.13548
0.456904 -1.00729 -0.809119 0.212436
0.937373 -0.951138 0.639977 0.298167
0.949091 -0.969937 -0.993812 1.16937
1.48034 -0.620816 0.425744 0.068904
1.21081 -0.533414 -0.0853645 0.672961
0.531123 -0.5444 0.406579 0.832446
0.499873 -0.441617 0.781701 -0.212193
0.675654 -1.03683 -0.0646126 0.702861
0.937373 -1.61984 -0.581702 1.32686
1.38659 -0.669156 -0.0040657 0.680934
1.55456 -0.213834 -0.281776 0.322085
2.22253 0.0649748 -0.866737 1.54615
1.14831 -0.990201 -0.011512 0.26028
0.874873 -0.195279 -0.295081 -0.437474
1.0819 -0.351041 -0.915565 0.208453
1.97253 -0.930875 -0.302528 0.525432
1.83581 0.113315 -0.50492 0.95206
2.37878 -0.843717 -0.977576 0.298167
0.886591 -0.882535 0.15548 2.54694
1.84753 -1.22384 -0.150306 1.04377
0.917841 -1.61203 -0.538856 1.73754
0.218623 -0.167203 -0.439857 0.970004
1.61706 -0.62692 -0.28324 0.70486
1.13659 -0.842008 -0.572791 -0.0606889
1.06237 -0.68942 0.167199 0.593211
0.425654 -1.65573 -0.0779182 0.928142
1.54284 -0.217008 0.0327995 0.964023
1.32409 -1.35177 0.275109 0.852382
1.09362 -0.785855 0.60299 0.413791
1.23034 -1.43747 -0.701331 1.14145
0.886591 -1.44211 -0.0793831 0.942096
1.53112 -0.299771 -0.0100471 1.26705
1.44909 -0.259244 -0.0040657 0.882289
1.66784 -0.156217 -1.45316 0.826465
1.56237 0.531039 0.632531 0.912189
0.769404 -1.72751 -0.943641 1.283
1.44909 -1.50924 -1.17704 0.882289
0.706904 0.0368986 -0.939124 1.78738
0.812373 -1.22555 -0.330604 1.72159
0.738154 -1.37985 0.118493 0.970004
0.550654 -0.985562 -0.645179 1.11553
0.917841 -0.842008 -0.324622 1.02184
-0.000127239 -0.600553 -0.476844 0.461635
1.73034 -1.34396 -0.640784 1.02184
0.413935 -0.703336 0.15548 0.804538
1.57409 -0.452359 -0.070594 1.27503
1.29284 -0.600553 -0.0248176 0.694888
1.35534 -0.976041 -0.0233528 0.206462
2.11706 -0.435269 -0.773719 0.543376
2.00378 -0.647183 -1.63053 -0.128468
0.613154 -0.435269 -0.323157 0.613155
1.06237 -1.68844 0.379968 1.11953
1.43737 -1.60275 -0.37638 0.487552
1.01159 -1.24899 -0.723548 1.22718
1.62487 -0.326138 -0.977576 0.413791
1.49206 -0.418179 -0.206458 0.852382
0.480342 -1.35959 -0.473792 0.465625
0.613154 -0.726773 -0.196082 0.637073
1.43737 0.0198088 0.102258 0.549358
1.42956 -0.937222 -1.2316 0.802547
0.636591 -0.349576 -0.810584 -0.395604
1.96081 -0.120328 -0.476844 0.858363
0.988154 0.0649748 -1.20658 1.10158
1.48034 -0.829556 -0.157752 1.36274
2.10534 -0.619107 -0.825355 1.93889
1.06237 -1.07126 -0.581702 0.521449
0.886591 -1.27072 -0.979041 0.6291
1.35534 -1.65255 -0.0572884 1.28499
1.61706 -0.449185 -0.673255 -0.359723
0.562373 -1.81003 0.0107048 0.694888
1.40612 -0.636441 -0.730872 1.27503
0.980341 -0.639371 -0.114906 0.954059
0.636591 -0.0566072 -0.940589 -0.182294
0.656123 -1.51852 0.0993279 0.533404
0.769404 -0.712613 0.232262 0.970004
1.41784 -0.760953 -0.00699538 1.59001
1.24206 -0.430631 0.641442 1.41458
0.906123 -0.556851 0.824548 1.74751
1.46081 -1.04464 0.384362 0.597201
1.04284 -0.0517244 0.220422 1.13548
1.10534 -0.681607 -0.305457 1.32686
1.51159 -0.00509355 -1.42814 1.10357
1.04284 0.0261564 0.0150993 0.920161
0.988154 -0.845181 -0.679115 1.59999
1.12487 -0.954312 -0.258216 1.13548
0.687373 -1.08371 -0.781043 1.52622
0.343623 -0.142301 -0.0543587 0.52344
1.59362 -0.747037 0.676843 1.13149
-0.011846 -1.35495 0.57943 1.16737
1.17956 -1.00729 -0.9141 0.541377
1.05065 -1.04001 -0.465003 0.527431
1.80456 0.0012541 -1.09281 0.242343
0.363154 -0.785855 0.0446404 0.70486
1.44909 -0.299771 -0.564002 0.401828
1.24987 0.309848 -1.09135 0.222407
1.87878 -0.820279 0.378503 0.676944
1.32409 -0.684537 -0.80033 0.0868407
1.23034 -1.17575 -0.727943 0.682925
1.87878 0.565463 -0.63639 -0.230138
1.26159 -0.30441 -0.441322 0.495524
0.874873 -0.829556 -0.280311 0.423762
1.99206 -0.904508 -1.25675 0.619136
0.656123 0.9285 0.0121697 0.916179
1.18737 -1.2568 0.152428 0.517459
1.39831 -0.413541 -0.131141 0.393855
1.37487 -0.519498 -0.334998 0.91817
2.11706 -0.187467 -0.637855 0.513469
0.331904 -0.469449 0.409509 1.22917
0.706904 -0.430631 -0.809119 0.417781
0.718623 -0.15939 -0.392615 1.02383
0.687373 -0.745328 -0.308387 0.571284
1.41784 -0.885709 -0.1193 0.764667
0.949091 -0.517789 -0.893348 0.942096
1.12487 0.149203 -0.753089 1.35078
0.019404 -1.20212 -0.597938 1.28898
-0.242315 -0.650357 0.244103 0.581256
1.15612 -0.0392732 -0.196082 0.832446
0.081904 -0.22482 -0.258216 0.292186
1.58581 -0.97775 -0.813636 1.07766
0.101435 -0.259244 -0.974647 0.684917
0.288935 -0.750211 -0.030677 0.172565
0.499873 -0.52731 0.218957 1.24313
0.831904 -1.16159 -0.521156 0.973994
1.91784 0.0588713 0.0402458 0.236362
1.43737 -0.80148 0.0373161 0.198482
0.761591 -1.37985 -0.739783 0.0250426
0.644404 -1.61667 0.0668572 0.55733
1.24206 -0.645719 -1.09428 0.0170699
1.32409 -0.143765 0.0756462 0.724788
1.10534 0.0417814 -0.228675 0.589229
1.14831 -0.500699 0.114098 0.290187
0.574091 -0.145474 -0.555091 1.5003
1.36706 0.166293 0.128869 -0.774388
1.32409 -1.1694 0.198327 1.10557
0.300654 -0.520963 -0.661414 -1.19504
0.101435 -0.446256 -0.324622 0.734759
1.74987 -0.0441561 -0.0926887 0.627109
0.269404 -0.813931 -0.137 0.174556
0.351435 -1.72751 -0.274451 0.575275
1.01159 -0.0815096 -0.971595 1.02981
1.58581 -1.22238 -0.874183 -0.150395
1.28112 -1.12106 0.142175 1.66976
0.738154 -0.422818 -0.332069 -0.214192
1.63659 -0.114224 -0.716102 0.19649
0.699091 -1.13815 -0.549232 0.0868407
1.03112 -0.751676 -0.776649 0.659007
0.195185 -0.433804 -0.39408 0.820483
0.511591 -0.56149 -0.781043 0.726787
1.51159 -1.77267 -0.171058 0.471606
0.468623 -0.698697 -0.28324 2.14822
1.29284 -0.723599 0.781701 0.180537
1.13659 -0.101773 -0.36161 0.0250426
1.24987 -0.743863 0.102258 0.928142
0.769404 -0.589566 -0.831336 0.876308
0.675654 -0.517789 0.583825 0.497523
1.26159 -0.923062 -1.25089 -0.118497
1.21081 -1.59494 -0.52848 0.308131
0.437373 -0.558316 0.00472337 0.00709829
0.605341 -0.0971346 0.515832 0.180537
1.21862 -0.235806 -0.794349 0.0110885
0.863154 -1.09152 -1.62894 0.278224
0.312373 -0.603482 -0.0972053 0.413791
0.531123 -0.195279 -0.326087 0.272243
0.480342 -0.639371 0.229333 0.292186
1.03112 -0.84982 0.34298 0.0828506
1.51159 -0.962125 -0.181312 0.0748778
1.10534 -0.828092 0.0756462 1.02583
0.394404 -0.206021 -0.0159065 1.08564
1.03112 -1.0151 -0.962806 0.244334
0.761591 0.319125 -0.558021 0.653026
1.59362 -0.444547 -0.595008 0.300159
0.206904 -0.0065584 0.371056 0.920161
1.49987 -0.415006 0.719689 0.870326
0.351435 -0.49606 -0.315833 0.282214
0.988154 -0.831265 -0.423621 -0.545125
0.781123 -1.72262 0.935387 -0.748479
0.363154 -0.332486 -0.336463 0.00310812
0.00768526 -0.51315 0.520348 -0.048726
1.57409 -0.909146 -0.200599 0.220409
0.999873 -1.12887 -0.608314 0.69688
0.269404 -0.789029 -0.264075 0.357967
0.968623 -0.104947 -0.812171 0.415782
1.24206 0.281772 -0.141517 0.896243
0.749873 -0.676969 -0.377845 -0.303899
0.363154 -1.60885 -0.432532 -0.557088
0.925654 -1.25363 -0.131141 -0.477345
0.613154 -0.692349 0.241051 0.997913
1.48034 -0.360562 -0.634803 1.18332
1.32409 -0.472623 -0.00113601 -0.198247
1.58581 -1.00412 -0.721961 0.750713
0.574091 -0.606656 -1.12235 1.281
0.624873 -0.714322 -1.18729 -0.106542
0.605341 -0.533414 0.693078 0.379901
0.206904 -0.326138 -0.676185 0.222407
0.480342 -0.667447 -0.603797 0.477588
1.26159 -0.884244 -1.49161 0.655017
0.249873 -0.425992 0.245568 0.870326
0.792841 -1.49826 -0.287757 -0.824231
1.07409 -0.153043 -0.612708 0.310123
0.249873 -1.60104 -0.145911 0.413791
1.10534 -0.198453 -0.137 0.635081
0.312373 -0.00973222 -0.407386 -0.10056
0.886591 -0.776578 -0.78556 -0.142423
0.949091 -0.411832 -0.11637 -0.455418
0.0623728 -0.422818 0.204186 -0.0248002
0.206904 -0.683072 -0.696937 0.342021
0.781123 -0.467984 0.319421 0.752704
0.769404 -0.125211 -0.816566 0.0708953
0.488154 -0.298062 -0.945106 0.391864
0.406123 0.0137053 -0.417762 0.332057
0.550654 -1.27218 -0.589027 0.928142
0.511591 0.740024 0.740441 -0.27599
0.699091 -0.0487947 -0.267005 -0.254064
0.413935 -0.573941 -0.435462 0.110767
0.718623 -0.24191 -0.618568 0.617137
0.874873 -1.06344 -0.723548 0.0808593
0.769404 -0.410367 -0.135535 0.712833
1.0819 -0.907437 -0.841712 0.232371
0.624873 -0.765592 -0.587562 0.529422
1.91784 0.172641 -0.262611 0.409801
0.281123 -1.04318 -0.354163 0.4118
0.937373 0.158481 -0.333533 0.172565
0.331904 0.0244475 -0.776649 0.593211
0.781123 -1.29098 -0.340858 0.776622
1.62487 0.451694 -0.532874 0.479579
0.980341 -1.238 -0.274451 0.348003
0.437373 -1.37814 0.331261 -0.198247
0.968623 -0.885709 -0.9672 0.346011
1.19909 0.3035 -0.953895 0.112758
0.394404 -0.78439 -0.460609 0.33604
1.03112 0.305209 -0.135535 -0.45342
0.175654 0.227084 -0.340858 1.11753
1.15612 -0.24191 0.0564812 0.208453
-0.156377 -0.654996 -0.00260085 -0.618894
0.761591 0.113315 0.823083 0.112758
0.511591 -0.608365 -0.22721 -1.49209
0.406123 -0.569303 -0.628944 0.840419
-0.0313772 -1.08688 -0.0469124 -1.11131
0.699091 -0.0985994 0.48922 -0.515225
0.855341 -0.798551 0.347497 0.0230437
0.480342 -0.969937 -0.219764 1.33084
0.667841 -0.62692 0.15841 -0.224156
0.999873 -0.488248 -0.0425178 0.983958
0.574091 -0.535123 0.00179368 -0.529179
0.605341 -0.142301 -0.22721 -0.417539
0.542841 -1.5217 -0.49015 0.106776
0.894404 -0.0627107 -0.051429 0.0369979
1.23034 -0.265347 -0.278846 -0.515225
0.218623 -0.213834 0.363732 -0.0327729
0.949091 -0.344937 -0.856483 0.439708
0.749873 -0.390103 0.149499 0.322085
1.43737 -0.790738 -0.0248176 0.124721
0.675654 0.0823088 -0.779578 -0.557088
1.44909 0.646518 -0.166541 0.56132
0.144404 -0.86691 -0.165076 1.12551
0.968623 -0.0314607 -1.07951 0.958041
0.132685 0.117953 -0.303992 0.455653
0.511591 0.105502 -0.28324 0.621127
1.55456 0.0354338 -0.948035 0.573283
1.06237 -0.789029 -0.011512 0.407809
1.51159 0.557651 -0.655555 0.346011
1.04284 -0.263883 -0.00553054 -0.0228089
-0.0548147 -0.296597 0.164269 0.106776
-0.125127 -0.812467 -0.63639 -0.305898
-0.148565 -0.248258 0.529137 0.30614
0.124873 -0.519498 0.740441 0.732768
0.499873 -0.456998 -0.670325 0.573283
0.581904 -0.637906 0.707848 0.862353
0.906123 -0.0502596 -0.215369 -0.148404
-0.574346 0.016635 -0.0986702 0.435725
0.531123 -0.164029 -0.469398 0.457652
0.542841 -0.357388 -0.243446 0.138675
0.824091 -0.745328 -1.03666 -0.694646
0.113154 -0.35275 -0.370399 -0.0865983
0.331904 -0.310513 -1.45914 0.397845
1.0819 0.0293303 -0.593543 0.567302
0.312373 0.359653 -0.63639 -0.150395
0.749873 -0.947965 -0.391151 0.443698
0.730341 0.0339689 -0.391151 -0.756451
1.92956 0.565463 -0.925819 -0.0826158
0.156123 -0.921597 0.0608757 0.433726
0.331904 -0.96359 0.73446 0.284206
-0.574346 0.344028 0.149499 -0.563069
0.730341 0.158481 -0.114906 -0.0686616
1.86706 0.211459 -0.333533 -0.365704
0.706904 -0.430631 -0.24491 0.328067
0.281123 0.251987 -0.0381233 -0.373677
0.499873 -0.213834 -1.10465 0.95605
0.394404 -0.0285311 0.477502 0.569293
0.456904 -1.14767 -0.342323 0.467616
-0.0626272 -0.62692 0.369592 -0.0985612
0.413935 -0.142301 -0.0926887 -0.277989
-0.156377 0.330112 0.294274 -0.160367
0.124873 -0.969937 -0.623084 0.248324
0.343623 0.482699 0.0209587 -0.75446
0.886591 0.258334 -0.352699 -0.471364
0.0389353 -0.681607 -0.0159065 -0.638829
1.38659 0.644809 -0.336463 -0.150395
0.644404 0.33475 0.221886 -0.888028
0.499873 -0.12814 0.508508 0.348003
0.081904 -0.930875 -0.0882942 0.314113
0.542841 -0.126676 0.356286 -0.696645
0.706904 -0.327603 -0.113441 0.22639
0.413935 -0.842008 0.0417107 0.202472
1.21862 -0.329312 0.00325852 -0.590978
0.718623 -0.441617 0.127404 -0.214192
-0.136846 -0.312222 0.0712517 0.296168
0.019404 0.244418 0.75216 0.56132
0.406123 1.10623 -1.37931 -0.537152
0.468623 0.554477 -0.623084 -0.0865983
-0.074346 -0.584928 -0.385169 1.48635
0.769404 -0.650357 0.390343 -0.010846
0.0623728 0.0276213 0.470055 0.734759
-0.043096 -0.0736971 0.0225456 -0.899991
0.511591 0.181918 -0.581702 -0.676701
-0.148565 -0.15939 -0.159217 0.118739
-0.148565 0.361117 -0.39408 1.13747
0.605341 -0.122037 -0.197669 0.511478
0.675654 -0.126676 -0.278846 0.182536
0.855341 0.241244 0.939782 -0.634839
0.499873 0.470248 -0.676185 -0.264028
0.792841 0.298862 0.0830925 -0.501271
0.886591 1.09525 -0.0159065 0.166583
-0.0626272 -1.0588 -0.138465 -0.108533
-1.00403 -0.365201 -0.906654 0.383891
-0.511846 -0.483609 -0.465003 0.0170699
-0.011846 -0.611295 -0.0159065 -0.182294
1.06237 0.0588713 -0.795814 -0.166341
0.542841 -0.480435 -0.549232 -0.624875
1.26159 0.546664 0.0550163 -0.421529
0.288935 0.155551 0.162804 0.22639
-0.000127239 0.616733 -0.374915 0.0170699
-0.254033 0.395541 -0.445838 0.451671
0.581904 -0.0065584 -0.865272 0.0848495
0.574091 0.209994 -0.320228 -0.429501
-0.230596 -0.477262 0.356286 0.00310812
0.687373 0.0354338 -0.609779 0.878299
-0.043096 -0.552213 0.295739 -0.353742
0.281123 -0.52731 -0.346839 -0.299916
-0.922002 0.451694 -0.176917 -0.569051
0.613154 0.462436 0.792077 -0.686673
0.980341 -0.497525 0.594201 0.742732
0.050654 0.443881 0.610436 -1.14919
0.761591 -1.33297 0.697594 0.148646
0.937373 -0.606656 0.313439 0.983958
-0.125127 -0.0861482 -0.368934 -0.449437
-0.304815 -0.505338 -0.54325 0.653026
0.0701853 -1.38302 0.60299 -0.957799
-0.418096 0.322299 -0.141517 -0.194257
0.124873 0.721225 -0.315833 -0.884038
0.0623728 -0.279508 -0.241981 -0.866094
0.163935 -0.218717 0.592736 -0.118497
-0.523565 0.166293 -0.108924 0.0928222
-0.156377 -0.452359 0.0741814 0.0589324
0.605341 -0.221646 0.374108 -0.555097
0.699091 0.267612 -0.360145 0.437717
0.656123 -0.201383 -0.153236 0.102794
0.0623728 -0.681607 -0.255164 -0.307889
1.0194 0.389194 -0.416175 0.100795
-0.117315 -0.545865 -0.426551 -1.14321
-0.636846 -0.837369 0.413903 0.477588
0.144404 -0.542935 -0.779578 0.0728866
-0.230596 -0.800015 -0.327552 -0.353742
0.124873 0.761752 -1.0839 -0.957799
-0.597784 -0.776578 -0.624549 -0.238118
0.749873 0.0713225 0.530602 -0.186284
0.730341 -0.0861482 -0.206458 -0.449437
0.781123 0.735385 0.139245 -0.0467271
0.656123 -0.566129 0.808312 -0.172322
-0.0626272 0.513949 -0.620032 0.363948
0.175654 0.312778 0.43319 0.850391
-0.273565 0.914584 -0.83866 -0.431493
0.800654 1.02201 0.71676 -0.718572
0.792841 -0.00362871 -0.240394 0.413791
-0.230596 0.194369 -0.259681 -0.543134
0.968623 0.442172 -0.132606 -0.487317
1.64831 1.40091 -0.0838997 -0.12647
-0.441533 1.00492 -1.12528 0.517459
0.792841 0.325473 -1.02921 0.529422
-0.355596 0.584018 -0.0144417 -0.884038
0.0936228 0.799106 -0.569862 -0.64082
-0.043096 0.348666 0.381432 1.43052
0.792841 -0.888883 0.21151 0.102794
-0.367315 0.244418 -0.451698 0.12073
0.800654 -1.19894 -0.537391 0.222407
0.437373 -0.218717 -0.103065 0.144656
-0.836065 -0.81564 0.552819 -0.592976
0.288935 -0.375943 -0.070594 -0.188275
-1.14856 -0.0238924 -0.302528 0.635081
-0.011846 0.636996 -0.441322 -0.0128373
-0.449346 -0.399381 -0.826942 -0.287953
0.195185 0.283237 0.230798 0.212436
-0.273565 1.03934 -0.82096 0.258288
0.718623 -0.460172 -0.132606 -0.0168275
-0.0860647 -0.240445 0.521813 0.288196
0.288935 0.166293 0.0608757 0.0968123
-0.324346 -1.32223 -0.0691292 0.0609237
-1.02356 -0.0238924 -0.0233528 0.26427
0.675654 -0.84982 -0.496009 1.17933
-0.449346 -0.218717 0.319421 0.0389968
0.300654 -1.18185 0.394738 0.210445
-0.011846 0.593539 -0.956824 -0.586995
0.300654 -0.109586 -0.405921 -0.262036
-0.285283 -0.175015 -0.943641 0.59521
-0.511846 0.364291 1.07418 -0.812268
0.288935 0.305209 -0.405921 -0.329823
-0.586065 0.180453 0.628136 -0.439465
0.382685 0.168002 0.0446404 -0.796323
0.667841 0.309848 -0.600867 -0.272008
0.843623 0.437533 0.379968 0.298167
0.050654 0.0962248 -0.171058 0.0569411
-0.043096 0.0571623 0.122887 0.425754
-0.261846 0.462436 -0.169593 0.160609
0.238154 -0.477262 0.515832 0.659007
0.0311228 -0.399381 -0.317298 0.828456
-0.429815 -0.566129 -0.0572884 -0.437474
0.519404 0.0183439 -0.267005 -0.75446
0.226435 -0.318326 -0.732337 -0.361714
0.101435 -0.418179 0.183556 0.326076
-0.793096 -0.217008 -0.162147 0.463634
0.769404 0.60892 0.154015 0.0489608
0.363154 0.00589278 0.0652702 -0.102551
-0.449346 0.467319 0.0889519 0.816501
-0.554815 0.325473 -0.0986702 0.0350066
-0.074346 0.281772 0.115563 0.0569411
0.394404 0.277133 0.00923997 -0.228146
-1.25403 -0.821744 0.190881 0.308131
-0.367315 -0.0111971 0.165734 0.882289
-0.074346 -0.357388 0.741906 0.156619
0.437373 -0.175015 0.437585 -0.0826158
0.0389353 0.740024 -1.33353 -0.511235
0.351435 0.358188 0.136193 -0.122487
0.206904 0.725863 -0.272987 -0.315862
-0.480596 0.453158 0.515832 0.975986
-0.168096 0.546664 -0.25077 0.220409
-0.972784 -0.454068 0.195275 -0.365704
-0.699346 -0.318326 -0.630408 -0.0826158
0.226435 -0.461881 0.189416 0.168574
0.542841 0.273959 -0.719032 0.445689
-0.574346 1.0828 0.589684 -0.397603
-0.347783 0.359653 0.48922 0.0549422
-1.42981 0.0901213 0.139245 0.836436
-0.441533 0.451694 -0.241981 -0.0566987
0.331904 0.601352 -0.529945 0.1925
-0.586065 -0.517789 -0.620032 0.252315
-0.824346 -0.12814 -0.207923 0.575275
0.156123 -0.474332 0.202721 -0.226155
0.300654 0.557651 0.631066 -0.471364
-0.355596 -0.461881 -0.278846 -0.373677
0.113154 0.418979 -0.255164 0.970004
-1.00403 0.577914 0.16134 0.348003
-0.254033 -0.182828 -0.611243 -0.210202
-0.0548147 0.0261564 -0.131141 -0.116506
0.480342 0.774203 -0.011512 -0.0547074
0.988154 0.626254 -0.906654 0.210445
-0.316533 -0.135953 -0.435462 0.314113
1.11315 0.0588713 -0.956824 -0.0267915
-0.285283 -0.425992 -0.438392 -1.14321
-0.316533 -0.817105 0.0165642 0.481578
0.363154 1.08744 0.648766 -0.375676
0.656123 0.047885 -0.0144417 -0.465382
0.081904 0.65433 -0.463538 -1.11928
0.413935 0.869418 -0.405921 -0.971761
-0.117315 -0.0861482 -0.465003 0.405818
-0.0235647 0.713412 0.765466 0.674953
-0.0313772 0.172641 0.84237 -0.108533
1.13659 0.727572 -0.137 -0.202229
0.281123 -0.220181 -0.835731 0.12073
-0.043096 -0.583219 -0.467933 0.419772
-0.566534 0.0276213 0.632531 -0.662755
-0.117315 1.10306 0.19674 0.256297
0.156123 -0.229459 0.43319 0.100795
-0.636846 -0.556851 0.434655 0.659007
-0.511846 -0.754849 0.951623 -0.258046
0.656123 0.57474 -0.199134 0.0509597
0.449092 -0.30441 0.524743 0.0350066
0.624873 1.03934 0.317956 0.174556
0.175654 -1.03537 0.238122 1.03579
0.218623 0.981479 -0.209388 0.367938
-0.199346 -0.454068 -0.602332 -0.220174
0.656123 0.03226 0.434655 -0.74648
-0.429815 -0.201383 0.338586 -0.874074
0.0623728 0.102572 0.162804 -0.0706529
0.257685 -0.112515 -0.705726 -0.812268
0.956904 0.0293303 -0.438392 0.369929
0.574091 -0.0143709 0.28988 0.015071
-0.254033 -1.07907 0.351891 -0.317861
-0.187627 0.836703 0.102258 0.100795
0.980341 0.350375 -0.822425 -0.828221
0.281123 -0.480435 -0.442786 0.310123
-0.285283 0.079135 0.979699 -0.13046
0.124873 -0.251431 -0.389686 -0.357732
0.562373 0.135287 0.574914 0.379901
0.312373 0.33475 0.17904 -1.25485
0.636591 -0.0207186 0.30172 -0.307889
1.12487 0.454623 0.279504 0.342021
0.312373 -0.541226 0.221886 1.01985
-0.972784 -0.754849 0.187951 -0.0407456
-0.187627 0.233432 -1.47538 0.250316
-0.0860647 -0.206021 -0.225623 0.052951
-0.324346 0.0400725 0.130334 0.51945
0.531123 0.418979 -0.391151 -0.620885
-0.511846 -0.312222 -0.52555 0.0509597
-0.316533 -0.53024 -0.0483772 -0.262036
0.238154 0.344028 -0.881507 0.126712
0.0936228 -0.120328 0.573449 0.0509597
-0.187627 -0.598844 0.700524 -0.0168275
-0.574346 0.353305 -0.171058 0.190509
-0.492315 -0.488248 0.725671 0.328067
-0.511846 -0.3215 0.189416 0.290187
0.531123 0.372104 -0.463538 -0.202229
0.468623 -0.0595369 0.185021 -0.698636
-0.597784 0.560824 0.263268 -0.258046
-0.0313772 0.506137 -1.19474 -1.08539
0.531123 0.392367 0.576379 0.256297
0.238154 0.136752 0.588219 0.0250426
-0.898565 -0.3215 0.351891 -0.519215
-0.636846 0.359653 -0.0366585 0.12073
0.124873 -0.731412 -0.52555 -0.81825
-0.929815 0.0976897 -0.216834 0.0569411
0.331904 0.1431 0.187951 0.330058
-0.179815 -0.259244 -0.107459 0.714824
0.144404 0.00418379 -0.784095 0.180537
0.394404 -0.310513 -0.439857 0.170573
0.699091 0.619906 -0.872718 0.407809
-1.11731 -0.396207 -0.713172 -1.0216
0.163935 0.447055 -0.577308 -1.12327
0.144404 -1.33297 -0.334998 -0.624875
-0.0313772 -0.145474 0.117028 0.140666
0.163935 0.228793 0.340051 -0.71259
0.644404 -0.343228 0.930993 0.619136
-0.879034 -0.117398 0.297204 0.0330153
-0.043096 -0.499234 0.057946 -0.854138
-0.543096 -0.528775 0.202721 0.822475
0.605341 0.0603361 -1.33207 0.601192
-0.043096 -0.567838 -0.491615 -0.10056
-0.285283 0.189731 0.323815 0.176555
-0.367315 0.381381 0.0342644 0.26826
0.101435 0.110385 0.492272 -0.682683
-0.566534 -0.160855 -0.210853 0.910197
0.406123 0.439242 -0.261146 -0.862111
-0.793096 -0.210904 0.529137 -0.178304
-0.566534 0.500033 0.540978 0.00908957
-0.199346 0.283237 0.48922 0.565303
-0.629034 -0.762662 0.43612 0.0948134
0.824091 0.171176 -0.695472 -0.114514
-0.480596 0.0852385 -0.286292 -0.844167
-0.367315 -0.118863 -0.0233528 0.078868
-0.0938772 -0.608365 -0.389686 0.338039
0.363154 -0.296597 0.174645 0.734759
-0.254033 0.166293 0.964928 -0.162358
-0.0938772 -0.229459 -0.141517 0.210445
-0.000127239 -0.600553 0.332726 0.0768691
0.187373 -0.15939 0.171716 0.278224
0.187373 -0.499234 -0.193153 0.627109
0.019404 -0.249722 -0.340858 -0.656773
0.187373 -0.263883 0.282433 0.611156
-0.211065 -0.351041 0.303185 -0.658765
-0.136846 -0.407193 -0.0439827 0.479579
0.687373 0.384555 -0.0543587 -0.152394
-0.461065 -0.109586 -0.332069 0.146648
0.531123 1.05008 0.443444 -0.363713
0.187373 -0.584928 -0.374915 -0.507253
-0.136846 0.0869475 -0.08097 -0.0746354
0.531123 -0.347867 0.00179368 -0.45342
-1.03528 0.135287 0.278039 0.686916
0.050654 -0.665982 -0.317298 -0.565068
-0.699346 0.449985 -0.1016 -0.315862
-0.011846 -0.747037 -0.141517 0.146648
0.511591 -0.125211 0.507043 1.07566
0.562373 -0.355679 -0.844642 0.357967
0.206904 0.676059 -0.494544 0.581256
-0.148565 0.892612 -0.0262825 0.136684
-0.0626272 0.426791 0.21151 -0.0686616
-0.636846 -0.0985994 -0.868201 -0.618894
0.269404 0.0713225 0.315026 -0.00287332
1.05065 -0.0502596 -0.577308 -0.321843
0.269404 -0.142301 -0.147376 0.172565
0.226435 0.047885 0.864465 -0.505254
-0.418096 0.471957 0.208581 -0.202229
-0.074346 -0.913785 0.907311 0.12073
0.331904 -0.731412 -0.553626 -0.158368
-1.07825 -0.475797 -0.163612 -0.41953
0.269404 0.0962248 -0.416175 -0.212193
0.206904 -1.22555 0.360802 -0.868092
0.382685 0.71976 -0.107459 -0.708608
0.124873 0.336215 0.675378 0.262279
0.624873 0.364291 -0.210853 -0.632848
-0.000127239 -0.0644197 -0.337928 0.423762
-0.0938772 -0.597379 -0.128211 0.0748778
0.343623 -0.474332 0.239587 -0.770406
0.187373 0.581088 1.02255 -1.06945
0.206904 -0.605191 -1.00858 -0.403584
-0.105596 -0.0783357 0.0727165 0.15861
-1.09778 0.421908 0.430138 -0.2441
-0.472783 -0.589566 0.496667 0.200481
-0.324346 -0.0736971 -0.0793831 0.180537
-0.0938772 -0.78439 0.929528 0.182536
-0.187627 0.585727 0.778771 -0.892018
-0.0938772 0.916049 -0.207923 0.274242
-0.254033 -0.536588 -0.0292122 -0.281972
0.0311228 -1.26925 0.795007 0.328067
0.968623 0.00589278 -0.405921 -0.403584
0.257685 0.206821 -0.330604 0.342021
-0.535284 -1.33932 1.02255 0.0908309
0.542841 0.649447 -0.332069 1.40261
-0.293096 0.60892 -0.357093 -0.208211
0.718623 0.27225 -0.1193 -0.188275
-0.699346 -1.04001 -0.933265 0.812511
0.449092 0.49686 -0.190223 -0.174321
0.320185 0.568393 0.112634 0.451671
-0.187627 -0.00191972 0.348962 0.0170699
-0.242315 0.333041 0.278039 -0.114514
0.699091 0.697787 -0.222694 -0.555097
-0.410283 -0.00973222 -0.462074 -0.146413
-0.418096 -0.279508 0.00923997 0.288196
0.187373 -0.299771 0.503991 -0.000874423
-0.125127 0.364291 -0.704261 0.423762
0.363154 0.0884123 0.159875 -0.222165
0.413935 0.138217 0.335656 0.760677
-0.0548147 -0.213834 0.208581 0.288196
0.238154 -1.29416 -0.665931 -0.42751
0.019404 -0.341763 0.291344 -0.110524
0.687373 -0.0861482 0.806847 -1.13324
-0.511846 -0.3215 0.148034 -0.339787
0.163935 0.0852385 0.057946 0.655017
0.656123 -0.358853 -0.501868 -0.202229
0.624873 0.97684 -0.537391 -0.0566987
-0.418096 -0.153043 -0.206458 -0.345769
0.363154 1.20145 0.326745 1.26107
0.761591 -0.0517244 0.0490349 -0.760442
0.175654 0.105502 0.332726 0.973994
0.574091 -0.410367 0.363732 -0.222165
1.04284 0.735385 -0.202064 -0.0885972
0.644404 0.47977 -1.11051 -0.236119
0.511591 -0.337125 0.0269402 -0.118497
-1.14856 0.1431 0.555749 0.790584
-0.304815 -0.628629 -0.289222 -0.0188188
-0.011846 0.0588713 -0.280311 0.0928222
1.03112 0.89432 0.546838 -0.579022
-0.261846 -0.329312 -0.240394 0.220409
-0.074346 -0.460172 -0.431068 -0.778378
0.531123 0.403354 -0.413245 0.758685
0.206904 0.361117 0.427209 -0.357732
-0.543096 0.0119963 0.244103 0.641063
-0.730596 -0.114224 -0.515174 0.00709829
-0.929815 0.669711 0.512902 0.0350066
0.187373 0.813266 -0.293616 0.0589324
0.980341 -0.806119 -0.587562 0.316104
-0.472783 -0.584928 -0.194617 0.698878
0.0311228 -0.421353 0.241051 -0.254064
0.081904 0.117953 0.230798 0.180537
0.488154 -0.302701 -0.924354 0.864345
-0.449346 -0.418179 1.0107 -0.654775
-0.0626272 0.449985 0.127404 0.623119
-0.574346 -0.651822 0.00923997 0.764667
0.124873 0.35184 -0.386634 -1.44623
-1.11731 0.453158 0.675378 -0.481336
-0.230596 0.766391 0.260339 0.174556
-1.12903 0.0293303 0.00777512 0.156619
-0.511846 -0.511685 0.868859 0.389873
0.0623728 0.305209 0.269128 0.67097
0.999873 0.534213 0.0816277 1.28698
-0.472783 -1.08371 0.275109 1.95484
-0.230596 0.568393 -0.1016 -0.694646
-0.0860647 0.356479 -0.333533 0.720805
-0.793096 0.155551 0.836388 -0.190267
0.238154 1.00492 -0.69242 -0.379659
-0.125127 -0.188931 -0.875648 -0.355733
1.32409 0.668246 0.650231 -0.565068
-0.254033 0.859897 0.0904167 -0.0686616
-0.254033 -0.932584 -0.281776 -0.614903
-0.304815 -0.296597 0.555749 -0.927899
0.999873 -0.164029 -0.24491 1.11354
-0.793096 0.171176 -0.571326 -0.634839
-0.168096 -0.120328 -0.0277473 1.52821
0.531123 0.923862 0.808312 -0.664746
0.363154 -0.173306 0.826135 0.0350066
0.562373 0.510776 0.929528 -0.929891
0.019404 0.565463 -0.694007 -0.084607
0.363154 0.619906 0.057946 -0.2441
-0.386846 0.273959 0.177575 -0.303899
-0.711065 -0.198453 0.502526 0.310123
-0.386846 -0.785855 0.761071 -0.658765
-0.347783 -0.589566 0.400597 -0.425511
0.312373 0.443881 0.530602 0.102794
0.195185 0.280063 -0.140052 0.00908957
-0.285283 -0.0346346 0.202721 0.864345
0.613154 0.513949 0.993005 0.688907
-0.148565 -0.616178 0.781701 -0.160367
-0.336065 0.325473 -0.175452 -0.166341
-0.199346 1.11258 0.539513 -0.42751
0.312373 0.43436 -0.0824348 0.349994
0.300654 -0.743863 -0.404456 -0.194257
0.081904 0.796176 -0.50492 0.256297
0.437373 0.746127 0.112634 -0.258046
0.374873 0.459506 -1.0308 0.706851
1.19909 -0.488248 0.32235 -0.164349
0.644404 -1.16623 0.919152 -1.36251
0.730341 0.507846 -0.564002 -0.606931
0.605341 -0.923062 -0.974647 -0.899991
0.331904 -0.248258 -0.506385 -0.525197
-0.285283 0.168002 -0.411781 -0.738507
0.187373 -0.444547 0.676843 0.0350066
0.499873 0.577914 0.591149 -0.00685587
-0.261846 0.752475 -0.565467 0.726787
0.269404 0.189731 0.836388 0.746722
0.312373 0.372104 -0.21244 -0.214192
-0.285283 -0.0971346 -0.851966 -0.0746354
0.781123 -0.765592 0.597131 0.228389
0.449092 0.0525236 0.28695 -0.782369
0.781123 0.515414 0.111169 0.314113
0.917841 1.66263 -0.318763 -0.501271
-0.480596 -1.11007 -0.336463 -0.0467271
0.0701853 0.314487 0.115563 -0.293935
0.917841 -0.0285311 -0.131141 0.369929
-0.367315 -0.545865 0.777306 -0.38564
0.238154 -0.0424471 0.0446404 -0.0467271
0.831904 -0.213834 0.057946 -0.311879
0.511591 -0.765592 -0.151771 0.00510702
-0.0548147 -0.0985994 1.05209 -0.0188188
0.574091 -1.25973 -0.411781 -0.78037
0.542841 -0.0285311 -0.439857 1.71362
-0.324346 0.217807 -0.621619 -0.048726
1.10534 0.666781 0.214562 0.102794
0.562373 -0.885709 -0.312782 0.878299
-0.000127239 -0.157926 0.204186 0.284206
-1.12903 -0.101773 0.552819 -0.136441
0.206904 -0.974576 -0.773719 -0.208211
0.706904 0.429721 0.17318 -0.254064
0.624873 0.97684 0.150964 0.649036
0.300654 0.178744 -0.0144417 -0.41953
0.281123 0.35184 -0.646644 -1.47016
0.605341 0.236606 0.19674 0.0589324
0.917841 -0.251431 -0.419227 -0.110524
0.749873 -0.553678 0.60006 0.497523
0.019404 0.337924 0.17904 -0.20622
0.667841 -0.888883 0.499596 -0.230138
0.488154 0.222446 0.119958 0.798556
0.144404 0.619906 -0.360145 -0.341786
0.542841 0.821078 -0.137 0.830455
0.511591 -0.466519 -0.107459 -0.297925
0.792841 -0.0971346 0.131799 0.423762
0.644404 0.141391 0.164269 0.987949
1.0194 -0.0644197 0.357751 0.393855
0.0701853 0.423617 -0.140052 -0.164349
-0.324346 0.211459 -0.336463 0.124721
0.949091 -0.291959 -0.188758 -0.569051
0.511591 0.384555 0.465661 0.172565
0.449092 0.0368986 0.781701 -0.166341
1.17956 1.30252 0.419885 0.114757
0.956904 -0.383756 -0.0425178 1.58802
1.01159 0.342563 -0.612708 1.11354
-0.480596 -0.168668 1.03878 -0.606931
0.843623 -0.203092 -0.531409 0.834437
0.132685 0.545199 0.311974 0.475597
0.824091 0.342563 0.425744 1.01387
0.124873 0.746127 -0.154823 -0.270009
0.624873 0.259799 0.223351 0.55733
0.00768526 -0.251431 0.769982 -0.401585
1.17956 0.577914 1.01363 0.511478
0.667841 -0.454068 -0.234534 0.278224
0.269404 0.551303 0.539513 0.814502
0.511591 -0.332486 0.43612 0.655017
0.511591 0.163363 -0.553626 -0.433492
0.894404 0.211459 -0.207923 0.403819
1.73034 0.251987 -0.280311 0.324077
0.425654 1.44754 0.57943 0.4118
0.320185 0.559115 -0.410316 0.324077
0.542841 -0.0798006 -0.50785 0.471606
0.574091 0.287875 0.419885 -0.551106
0.949091 0.616733 -0.08097 -0.957799
-0.461065 -0.150113 0.0313347 0.37392
1.55456 1.09525 -0.67765 1.07367
1.66784 0.52811 0.0520866 -0.0148362
1.24987 1.48343 0.997399 -0.258046
0.792841 0.121127 -0.979041 -0.182294
2.64831 -0.0409822 -0.921424 0.112758
0.980341 0.415805 -0.197669 -0.05869
0.886591 0.855258 0.670983 0.365947
0.605341 -0.475797 0.682824 1.23117
1.44909 0.110385 -0.0454475 1.7176
1.34362 0.356479 0.201257 -0.222165
0.749873 0.652621 0.168786 0.252315
1.27331 0.938022 0.484826 -0.30988
1.23034 0.0417814 0.0771111 0.876308
1.51159 -0.0143709 0.338586 0.593211
0.249873 0.699496 -0.213905 0.672961
0.792841 0.500033 -0.103065 -0.13445
1.27331 0.914584 0.199792 0.0389968
1.12487 0.725863 -0.766273 0.499515
0.593623 1.3494 0.348962 -0.124478
0.781123 -0.156217 -0.209388 0.70087
1.49987 0.607455 0.117028 -0.738507
0.394404 -0.882535 -0.041053 -0.232137
0.988154 0.0119963 -0.690955 0.716823
1.13659 -0.217008 0.540978 0.605174
0.511591 0.495151 1.28841 0.657008
2.38659 -0.296597 -0.586097 -0.487317
2.14831 0.0869475 0.214562 -1.00565
0.156123 0.381381 -0.1193 0.930133
0.706904 -0.73776 0.133263 -0.608922
0.730341 0.439242 0.455285 0.852382
1.41784 0.644809 0.317956 0.330058
1.51159 -0.430631 0.848229 -0.49529
1.21862 0.0869475 -0.343909 0.453662
1.66784 1.02201 -0.306922 0.316104
1.19909 -0.404019 0.390343 0.312114
0.667841 -0.636441 0.236657 0.443698
1.30456 0.12894 -0.569862 0.304141
1.71081 0.281772 0.642907 0.567302
1.42956 -0.427457 0.446496 -0.325833
1.35534 0.716586 0.300256 0.70486
0.988154 -0.181119 0.0948113 0.802547
1.09362 -0.56149 0.829064 -0.872075
0.449092 0.418979 0.394738 -1.08738
0.312373 0.0852385 0.834924 -0.198247
1.03112 0.696322 0.535119 0.246333
0.792841 -0.405728 0.106652 0.643054
1.33581 0.668246 1.00485 0.0569411
1.07409 -1.10544 -0.0381233 -0.12647
0.874873 -0.901334 -0.649574 0.0948134
0.906123 0.186557 -0.0321419 0.180537
0.144404 0.830356 0.846764 0.152629
1.16784 0.515414 0.363732 -0.437474
0.874873 -0.388394 0.337121 -0.439465
0.394404 -0.804654 -0.243446 0.228389
1.49987 0.0198088 0.233727 0.357967
1.46081 0.0744963 0.891076 -0.144414
1.51159 -0.951138 0.221886 0.37392
1.46862 -0.884244 0.252892 0.0669051
1.14831 -0.751676 0.45675 -0.537152
0.156123 -0.436734 -0.120765 0.979976
0.281123 -0.954312 0.0150993 1.15741
1.60534 -1.47482 0.195275 -0.503262
0.886591 -1.26754 -0.0040657 0.270251
1.17956 -0.368131 -0.583167 -0.694646
1.63659 -1.19748 0.30172 -0.164349
1.26159 -1.22091 0.28695 0.122722
1.39831 -1.47189 -0.0646126 -0.828221
0.792841 -0.909146 0.19674 0.55334
0.886591 -1.32834 0.000328834 -0.882047
1.92956 -1.15841 0.0756462 -0.369695
1.64831 -0.859342 0.659142 0.435725
1.24987 -1.06808 0.409509 -0.180303
1.63659 -2.36642 -0.466468 0.357967
1.82409 -1.33297 0.499596 -0.0686616
2.05456 -0.971402 -0.348304 0.00510702
1.28112 -1.73361 1.20565 0.469615
1.49987 -1.8381 -0.185828 -0.917928
2.35534 -1.93942 0.552819 -0.170331
1.38659 -1.99704 -0.506385 -1.3964
0.730341 -1.69943 0.659142 -0.305898
2.23034 -1.66501 0.137658 0.100795
2.31628 -1.22873 0.247033 0.188518
2.11706 -2.1965 -0.453162 -1.22295
2.37878 -3.11154 0.533532 -0.525197
1.58581 -2.1904 -0.173988 -0.702626
2.55456 -1.77414 -0.070594 -0.523198
3.35925 -2.85421 -0.643714 -0.443456
2.38659 -3.37179 0.267663 0.186519
3.06628 -2.42257 0.00618821 -0.929891
3.1405 -2.38669 -0.445838 -0.0367631
4.37097 -2.72336 -0.156287 -0.212193
3.06628 -2.4443 -0.813636 -1.34456
4.27722 -3.69455 0.213097 -0.405576
3.17175 -3.83151 0.164269 -0.186284
4.33972 -3.5588 0.0860222 -1.12726
3.87097 -3.1318 -0.626014 -0.812268
3.06628 -4.07321 0.638512 -1.40836
3.68347 -3.8425 -0.679115 -0.114514
2.85925 -3.95016 0.359338 -0.0985612
3.69128 -3.51828 -0.465003 0.583247
3.55847 -3.36081 0.143639 -0.260045
3.96472 -3.85812 0.17611 -0.260045
4.61315 -4.00778 -0.532874 -0.05869
4.328 -3.67257 -0.21244 0.525432
3.40222 -4.40207 0.354821 -0.549115
4.32019 -3.77853 -0.475379 -0.921918
3.60925 -4.86349 0.202721 -0.567059
4.98815 -4.84152 -0.620032 0.361957
4.18347 -3.74753 -0.513709 -0.973752
4.72644 -4.41916 -0.172523 -0.349751
4.13269 -3.53854 0.0298699 -0.774388
4.61315 -4.35519 0.467126 -0.529179
3.49597 -4.32565 -0.784095 -0.74648
4.66394 -4.45041 -1.38822 -1.77518
5.47644 -2.8464 -1.36759 -0.523198
3.80847 -3.87985 -0.894813 0.0130797
4.37097 -5.00216 -1.44584 -0.577023
4.46472 -5.07394 -0.318763 -0.832204
4.7694 -5.48849 -0.694007 -0.303899
4.8319 -4.5361 -1.31583 -1.05748
4.48425 -5.28586 -1.71915 -0.64082
4.16394 -5.20627 -1.51823 -0.232137
5.40612 -4.63278 -0.813636 0.0968123
5.02722 -4.75265 -0.550697 -0.0606889
5.42565 -4.39279 -0.91703 -1.6436
4.17175 -5.47751 -1.04557 -0.604939
4.97644 -6.00753 -1.13859 -1.01163
5.11315 -5.54464 -0.936195 -0.812268
4.80065 -5.1799 -1.51224 -1.59774
4.98815 -6.63571 -0.52848 -1.41832
5.65612 -4.17453 -0.810584 -0.0806169
5.37487 -6.19137 -0.051429 -0.387639
5.67565 -5.56784 -1.26115 -1.71936
5.16394 -5.00363 -0.665931 -0.742497
5.15222 -5.98727 -1.62308 -1.44225
5.5819 -5.56027 -1.19913 -1.05549
6.0819 -5.92648 -0.261146 -0.0985612
6.13659 -6.46896 -1.82401 -0.301907
5.72644 -6.49533 -0.853431 -0.758443
6.54284 -5.84543 -1.65556 -0.0188188
6.5194 -7.93234 -1.24491 -0.650792
7.27331 -6.88815 -0.971595 -0.367696
7.39831 -7.17331 -1.69987 -0.854138
8.36706 -8.07736 -1.38969 -1.38244
9.05847 -7.49753 -2.8433 -1.51601
9.33972 -8.8442 -1.24198 -1.37845
9.328 -8.86447 -1.48124 -1.62964
9.46472 -10.1084 -2.18888 -1.7373
10.6522 -10.3078 -2.06473 -1.91074
10.3827 -8.97213 -2.35868 -1.05948
11.7382 -10.1613 -2.32767 -1.06147
12.2499 -11.2431 -2.90824 -0.626866
12.5546 -10.6804 -2.34989 -1.67749
11.7303 -11.8291 -2.10905 -1.84894
12.8475 -12.1596 -2.40751 -1.82901
12.5311 -12.1423 -3.14603 -1.08738
13.3553 -12.7907 -2.30997 -2.4231
13.8592 -11.8603 -2.86246 -2.21975
13.4725 -12.6303 -3.28348 -1.8928
14.6835 -13.821 -3.54337 -1.96058
14.246 -13.132 -3.55973 -1.78515
13.8983 -12.6599 -1.57291 -1.81106
14.3592 -13.4516 -2.30411 -2.50683
13.9413 -12.7456 -3.68668 -1.81704
14.996 -12.4558 -3.52567 -2.56863
14.3163 -12.5913 -3.15787 -2.28554
13.8983 -12.4355 -3.73551 -2.00843
15.0155 -11.9367 -3.63212 -2.7341
13.5155 -12.8611 -2.991 -1.73929
12.91 -13.4485 -3.64091 -1.63762
12.91 -12.2514 -3.66605 -1.49608
13.16 -12.5664 -3.03532 -1.44823
12.0858 -12.4402 -3.64091 -1.70939
12.5546 -11.656 -2.67484 -2.28155
11.8553 -12.2966 -1.84025 -2.0483
12.2616 -11.6982 -3.24503 -3.02915
11.5507 -10.2175 -2.40006 -1.50007
10.7069 -10.247 -3.71622 -2.16592
10.6757 -9.79806 -2.0485 -1.80109
9.71472 -10.5339 -4.34855 -0.838185
9.828 -9.51437 -3.66007 -1.74128
10.5272 -8.41867 -2.46659 -1.77916
8.58581 -9.28219 -3.28641 -1.35453
9.2655 -7.97604 -1.69108 -0.953816
7.953 -8.37521 -2.55521 -0.929891
8.65222 -7.31515 -3.27897 -0.74648
8.80847 -6.89132 -2.7443 -0.888028
7.21862 -7.05026 -2.18436 -1.62765
7.12487 -7.40085 -2.88456 -0.471364
6.82409 -5.74557 -2.33951 -0.802304
7.46081 -5.21261 -1.59647 0.144656
6.1444 -5.02096 -2.21696 -0.465382
5.0819 -5.53512 -0.631873 -0.760442
5.28894 -5.29831 -1.84916 -1.56585
5.37487 -4.6716 -0.844642 -2.06026
5.61315 -3.70993 -1.99235 -0.941853
5.05847 -3.89865 -1.75455 0.0808593
4.3905 -3.03512 -1.29374 -0.720563
3.42175 -3.4902 -1.29374 -0.363713
4.12097 -3.0383 -2.23612 -1.3306
4.328 -3.46066 -1.79887 -0.387639
3.0155 -3.68673 -2.00272 -1.18308
3.2655 -3.78317 -1.27299 -0.122487
3.41003 -2.85421 -1.10905 -0.45342
3.34753 -2.86984 -1.90519 -0.411557
3.43347 -3.59152 -1.08097 -0.718572
2.14831 -2.15768 -1.26261 -0.431493
2.08581 -3.23776 -1.79154 0.146648
1.91003 -2.80441 -1.34537 0.0409881
2.828 -2.03903 -0.930335 -0.60294
1.78112 -3.12716 -1.67179 -0.596959
2.01159 -2.41159 -1.04105 -0.164349
2.00378 -2.67965 -1.53153 -0.896001
1.35534 -2.23385 -0.80619 -1.25684
1.97253 -1.30026 -1.54484 -1.03755
1.21081 -1.16794 -1.30692 -1.09337
1.62487 -2.59396 -0.720496 -1.27877
0.956904 -2.42111 -0.185828 -0.913945
2.04284 -1.94723 -0.534461 -0.792333
1.38659 -0.896695 0.204186 -0.850148
2.08581 -1.76169 -1.32023 -1.2688
2.30456 -1.18332 -1.25968 -0.898
1.52331 -1.92843 -0.614173 0.172565
1.58581 -0.380826 -0.993812 0.00111685
1.81628 -1.6401 -0.779578 -0.285962
1.35534 -1.63083 -1.36307 -1.69543
0.480342 -1.65573 -1.54032 0.509486
1.26159 -0.962125 -0.617103 -0.600949
0.843623 -0.681607 -0.38224 0.0290252
0.613154 -1.61984 -1.13859 -0.371686
1.05065 -1.32516 -0.897742 -0.150395
0.636591 -1.67599 -1.15043 0.940105
1.16784 -2.83566 -0.50785 -0.106542
1.43737 -0.645719 -0.637855 0.326076
0.331904 -0.89816 0.332726 -0.473363
1.18737 -1.06027 -1.61722 1.07766
0.249873 -2.00802 -0.515174 0.0190612
1.27331 -0.49606 -0.779578 -0.608922
0.300654 -1.30661 -0.831336 0.88428
0.480342 -0.351041 -0.343909 -0.82224
0.437373 -1.49826 -0.682166 0.868327
0.988154 -1.33004 -0.775184 -0.708608
0.812373 -0.813931 -0.80619 0.184527
0.449092 -1.22555 -0.589027 -0.333806
1.28112 -1.07589 -0.326087 -0.214192
0.425654 -0.921597 -0.97013 -0.331815
0.480342 -0.773404 -0.529945 0.210445
0.050654 -1.47653 -0.720496 0.320094
-0.472783 -0.589566 -0.862342 -0.64082
0.480342 -1.96286 -0.165076 0.0549422
0.331904 -0.870084 -0.264075 -0.913945
-0.125127 -1.49045 -0.144447 -0.287953
0.613154 0.573276 0.272179 -0.295934
0.562373 -0.436734 -0.980506 -0.0786256
0.394404 -0.482144 -0.401405 0.286204
1.11315 0.136752 0.472985 -0.594968
0.562373 0.0447111 0.0357292 -0.67471
-0.117315 -1.84738 -0.531409 -0.497281
0.0311228 -0.210904 -0.993812 -0.660756
0.413935 -0.683072 -0.701331 -0.204221
0.132685 -0.0238924 -0.959876 -0.545125
0.343623 -1.65573 -1.11051 -0.63683
-0.355596 -0.227994 -0.990882 0.0868407
0.667841 -0.279508 -1.04105 -0.790341
0.113154 -0.960416 0.0535515 0.194499
0.636591 -0.415006 -1.01749 -0.150395
-0.000127239 -1.00094 -0.999671 0.12073
-0.386846 -0.932584 -0.221229 0.423762
0.281123 -0.491422 0.171716 0.178546
-0.410283 -1.01657 0.622277 0.0569411
0.613154 0.12894 0.0342644 -0.415547
0.605341 -0.642545 -0.905189 -1.22494
0.456904 -0.132779 -1.06181 -0.927899
0.0311228 -0.614469 -1.01005 -1.21897
0.195185 -0.5444 -0.277381 -0.238118
0.0623728 -0.0065584 -0.599403 -0.505254
-0.136846 -0.569303 0.148034 -0.756451
0.581904 0.59183 -0.732337 -0.852147
0.144404 -0.854459 0.499596 0.334048
-0.324346 -0.142301 0.19674 -1.00963
-1.00403 -0.500699 0.133263 -0.315862
0.499873 0.375278 -0.569862 0.160609
-0.316533 -0.213834 -0.478309 0.0569411
-0.324346 -0.22482 0.131799 0.0310164
-0.187627 0.328403 -1.1962 0.200481
0.449092 -0.368131 -0.976112 -0.421529
-1.93372 -0.0861482 0.465661 -0.610921
1.01159 -0.469449 -0.128211 -0.305898
1.14831 -0.24191 -0.618568 -0.13046
-0.293096 0.43143 -0.0498421 0.435725
0.769404 -0.608365 -0.583167 -0.870084
0.113154 -0.357388 -0.37931 -0.180303
-0.0938772 -0.851529 -0.188758 0.419772
-0.218877 0.0495939 -0.704261 0.633083
0.144404 0.105502 -0.38224 -0.4614
-0.168096 -0.245084 -0.581702 0.244334
0.855341 0.397006 0.588219 0.59521
0.468623 -0.460172 0.0446404 -0.383649
-0.011846 -0.647183 0.899987 -0.909955
-1.21106 -0.118863 -0.25077 -0.16834
0.113154 -1.15378 -0.182899 0.0310164
0.343623 -0.823453 0.403649 -0.393613
0.281123 -0.654996 -0.1193 -1.35653
0.562373 -0.0829744 -0.589027 -0.000874423
-0.336065 -0.611295 -0.352699 -0.435483
0.699091 0.447055 -0.600867 -0.786351
0.499873 -0.150113 -0.0779182 0.240352
-0.0626272 0.35184 -0.748573 0.246333
-0.511846 -0.240445 0.492272 -0.451428
-0.0626272 -0.435269 -0.175452 -0.654775
-0.199346 -0.62692 -0.425086 -0.844167
0.613154 -0.210904 -0.407386 -0.4913
0.320185 0.199008 0.0889519 -0.449437
0.331904 -0.731412 0.437585 0.415782
1.16784 0.135287 -0.290687 0.0988036
0.156123 0.119662 -0.690955 -0.0686616
0.519404 0.133578 0.156945 0.437717
0.824091 0.502963 0.139245 -0.485318
-0.367315 0.328403 -0.23014 0.615146
0.144404 0.513949 -0.0129768 0.322085
0.824091 -0.276334 -0.0336067 -0.0547074
0.113154 0.771029 -0.330604 -0.321843
0.413935 0.157016 0.0298699 -0.439465
0.019404 0.585727 -0.807655 -0.884038
1.18737 -0.0253572 -0.856483 0.365947
0.425654 0.166293 -0.0972053 -1.00963
0.187373 0.0869475 0.183556 -0.830212
-0.293096 -0.940152 -0.637855 -0.479344
0.437373 0.397006 -0.54325 0.537395
0.550654 0.236606 -0.426551 -0.527188
0.667841 -0.0861482 -0.1016 0.182536
-0.597784 -0.117398 -0.113441 0.172565
-0.629034 -0.35275 -0.231605 -0.680692
-0.418096 -1.34713 -0.618568 -0.110524
0.687373 -0.595914 0.15841 -0.273999
-0.922002 -0.452359 0.626672 -0.118497
0.238154 -0.650357 -1.01444 0.435725
0.206904 0.487582 -0.224158 -0.736516
-0.761846 -0.368131 -0.388221 -0.283971
-0.168096 0.672885 -0.488563 0.6291
0.406123 0.269321 0.0298699 -0.0287827
0.468623 0.196078 -0.702796 0.26028
-0.367315 -0.396207 0.133263 0.842418
-0.367315 -1.11325 -0.39408 -0.49529
0.238154 0.36893 -0.0986702 0.0589324
-0.168096 -0.623746 -0.020301 -0.778378
-0.398565 -0.720426 -0.020301 -0.283971
0.488154 0.0976897 0.0918816 0.164592
-0.0938772 0.390903 -0.439857 -0.160367
-0.429815 0.172641 -0.450233 -0.403584
-0.605596 -0.30441 -0.432532 -0.289952
-0.211065 -0.450894 0.30172 -0.630849
0.605341 -0.651822 0.201257 -0.158368
0.843623 -0.0517244 0.00325852 0.784602
0.511591 -0.0719881 -0.0853645 -0.299916
-0.449346 0.188266 -0.973182 -0.2441
0.0623728 -0.659635 -0.465003 0.369929
0.456904 0.0276213 -0.812171 -0.939862
0.249873 0.788363 -1.4473 -0.411557
-0.043096 -0.552213 0.0150993 0.124721
-0.117315 -0.318326 -0.956824 0.415782
0.413935 -0.298062 -0.891883 -0.413548
0.937373 -0.157926 0.0342644 -1.18507
0.874873 -1.00583 0.0652702 0.563312
0.519404 0.281772 -0.200599 -0.758443
-0.0938772 -1.29416 0.642907 -0.236119
0.218623 -0.291959 -1.73246 -0.234128
0.437373 0.234897 -0.00553054 0.463634
-0.000127239 -0.142301 0.0845573 -0.242101
0.749873 -0.245084 -0.0040657 -0.64082
0.050654 -0.0566072 0.30758 -0.515225
1.30456 0.593539 0.410973 -0.449437
0.156123 -1.5029 0.487756 -0.208211
1.59362 0.412631 -0.179847 0.26028
0.749873 0.337924 -0.156287 0.742732
2.23034 -0.890347 -0.866737 0.160609
0.081904 0.436069 -0.401405 -0.0925797
1.11315 -0.581754 -1.06473 -0.662755
1.36706 0.12894 -0.321693 -0.842175
1.17956 -0.25607 0.298669 -0.507253
0.437373 -0.97775 -0.708778 0.607173
0.249873 -0.75314 -0.237464 -0.610921
0.456904 -0.425992 0.269128 -0.250081
1.0819 -0.0954256 -0.191688 -0.270009
0.988154 0.141391 -0.82096 -0.573041
0.363154 0.666781 -1.07951 0.318095
1.52331 -0.125211 0.242638 0.144656
1.17956 0.344028 -0.915565 -0.301907
0.300654 0.729037 -0.908118 0.208453
0.449092 -0.873258 -0.730872 -0.898
0.886591 0.682406 -0.996741 0.015071
0.249873 -0.659635 -0.176917 -0.929891
1.19909 0.174106 0.0948113 -0.0128373
1.17956 0.016635 -1.12528 -1.00764
1.16784 -0.952847 0.660607 -0.447438
0.917841 -1.01364 0.218957 -0.596959
1.57409 -0.218717 -0.392615 -0.277989
1.89831 0.473422 -0.562415 0.116748
0.894404 -0.728238 -1.01298 0.431735
1.65612 -0.831265 -0.865272 0.407809
1.66784 -0.5444 0.0727165 0.162601
1.73034 -0.134488 -0.727943 -0.114514
1.18737 -0.320035 -0.398475 0.393855
2.03503 -0.156217 -0.751502 0.457652
1.41784 -0.410367 -0.860877 0.146648
1.71862 -1.2131 -0.825355 0.463634
2.72253 0.172641 -0.770789 0.676944
1.97253 -0.0876131 -0.141517 1.11553
1.84753 -1.36886 -1.62894 -0.160367
2.22253 -0.266812 -0.262611 -0.0228089
2.49206 -0.684537 -0.395545 -0.588986
2.33581 -0.24191 -0.221229 0.246333
1.94909 -0.0644197 0.00472337 -0.000874423
2.92175 -0.243619 -0.272987 -1.12526
2.27331 -0.982388 0.0313347 -0.02081
1.94128 0.0339689 0.0298699 -1.12726
3.16003 -1.23019 -0.979041 0.389873
2.37878 -0.806119 0.344567 -0.0726441
2.953 -0.517789 -0.50492 -0.210202
3.59753 -0.477262 -1.02775 -0.287953
2.703 -0.990201 0.356286 1.07965
3.83972 -1.03683 -1.45621 0.246333
3.50378 -0.776578 -0.295081 0.583247
3.078 -1.67917 -0.515174 -0.254064
3.30847 -1.33932 -0.63639 1.39663
4.08972 -0.935513 -1.21976 0.754695
3.84753 -1.08688 -0.293616 0.437717
4.40222 -0.619107 -1.22135 0.00709829
5.05847 -0.796842 -1.2006 -0.297925
5.02722 -0.78439 -1.03812 0.0389968
3.91394 -1.43136 -0.91703 0.164592
5.48815 -0.535123 -0.704261 0.26427
5.07019 -1.51535 -0.9141 0.816501
4.93347 -1.01974 -0.95536 0.585239
5.65612 -2.14035 -1.27738 -0.192265
6.13659 -0.930875 -0.569862 0.338039
6.67956 -0.768765 0.41842 0.826465
7.07409 -2.90426 -1.16813 0.513469
7.19909 -1.6152 -1.11491 0.605174
8.19128 -2.2402 -1.11198 0.938106
7.91784 -2.54879 -1.5994 -0.116506
9.73425 -1.47018 -1.77079 -0.0826158
9.47644 -2.0112 -2.10905 0.712833
9.60925 -2.35251 -2.27897 1.09361
10.1132 -1.45627 -1.24345 0.868327
11.2186 -2.78732 -1.71171 0.22639
11.3202 -2.20114 -2.68375 0.132693
12.2421 -3.6008 -1.98356 0.0968123
11.6132 -2.7109 -2.88602 0.413791
13.1796 -3.98752 -2.45328 1.65979
13.1288 -3.49191 -2.26859 0.248324
14.6288 -4.27121 -2.63944 0.280223
14.6835 -4.71847 -2.41935 0.964023
15.9452 -2.96042 -2.35136 -0.0746354
17.4999 -4.07931 -3.23173 -0.158368
17.7108 -4.96481 -3.65275 0.617137
19.078 -5.03488 -3.13126 0.0928222
20.371 -4.3569 -3.35587 0.501506
21.7694 -6.43918 -3.1121 1.38268
22.8319 -5.54757 -4.89945 0.290187
24.4608 -6.39254 -4.95414 1.29097
25.7147 -6.19601 -4.06046 0.457652
28.4999 -6.56247 -5.31156 0.734759
30.9335 -6.27414 -5.56425 0.70087
31.8827 -7.26388 -5.16984 1.68172
35.4608 -8.4172 -6.18021 1.76146
37.2694 -9.44894 -6.36332 1.42853
40.0428 -8.73044 -7.16251 0.639064
42.8944 -9.72336 -8.5319 1.77941
46.5975 -10.593 -9.16849 0.800548
49.7186 -11.1728 -8.79777 1.94487
52.7655 -12.9575 -10.4596 1.95883
57.1092 -14.334 -11.5083 2.18211
62.1483 -14.3496 -11.402 2.00668
67.3358 -17.0786 -12.5779 0.892253
72.5624 -16.5815 -12.7182 2.02063
78.4178 -17.8393 -14.0551 2.28977
85.8514 -19.2873 -13.1997 2.24591
91.1405 -20.6823 -13.897 4.58639
98.2499 -20.2849 -14.6134 4.53256
105.355 -20.7744 -13.8217 5.53733
112.484 -21.2465 -13.1171 6.34873
120.094 -21.4165 -13.7109 7.8519
127.848 -21.8623 -12.86 9.42684
136.008 -20.896 -12.7375 10.5692
144.516 -21.2216 -11.4936 10.8642
153.301 -20.6557 -10.4183 13.4579
160.711 -20.0854 -8.56583 16.1991
169.051 -18.6108 -6.38407 17.6484
177.891 -17.124 -4.84635 19.2373
186.144 -14.9636 -2.79447 20.595
194.234 -13.874 -0.132606 24.8553
204.012 -11.4362 2.60604 26.9864
213.742 -9.69528 3.87203 30.252
224.805 -6.71359 8.84274 34.0258
235.269 -4.16354 10.7483 36.2307
244.613 -1.58712 13.8224 39.7315
254.726 1.65482 16.7457 42.1358
263.992 5.14945 19.7385 44.1413
274.125 6.50223 23.1005 45.6804
284.262 10.4085 24.0178 49.6516
293.808 12.3831 26.9752 50.2298
303.851 15.2993 28.7197 53.1006
312.43 16.9236 30.3639 55.2596
321.008 18.4356 30.6917 57.02
327.25 20.3557 32.4643 57.5383
333.324 21.0508 33.2931 57.4705
336.422 24.6265 33.3551 57.4905
339.105 24.4456 33.7879 57.6141
