42.3834915161 -34.6481628418 19.6380901337 3.5716576576
43.1901702881 -35.2739486694 20.0271797180 3.6540961266
43.5196533203 -35.5137939453 20.1959228516 3.7015371323
43.3691139221 -35.3701324463 20.1436271667 3.7128140926
42.7598457336 -34.8673095703 19.8814449310 3.6894824505
41.7401390076 -34.0455017090 19.4302978516 3.6342642307
40.3739013672 -32.9582824707 18.8208656311 3.5514369011
38.7406654358 -31.6689643860 18.0887107849 3.4460556507
36.9299049377 -30.2444992065 17.2735767365 3.3243420124
35.0296707153 -28.7542915344 16.4159088135 3.1915459633
33.1265983582 -27.2592144012 15.5526628494 3.0535004139
31.2959518433 -25.8152713776 14.7166118622 2.9150657654
29.6002292633 -24.4650745392 13.9356451035 2.7795476913
28.0862903595 -23.2390632629 13.2285919189 2.6498627663
26.7768611908 -22.1518440247 12.6066093445 2.5271768570
25.6818828583 -21.2082901001 12.0724840164 2.4114909172
24.7885742188 -20.3986587524 11.6227312088 2.3016376495
24.0727920532 -19.7059059143 11.2475891113 2.1960616112
23.4976081848 -19.1056842804 10.9331111908 2.0928192139
23.0175800323 -18.5724239349 10.6625623703 1.9897710085
22.5900974274 -18.0805568695 10.4199047089 1.8853619099
22.1668777466 -17.6057357788 10.1897983551 1.7786195278
21.7138309479 -17.1296977997 9.9582986832 1.6695439816
21.2025585175 -16.6451377869 9.7177333832 1.5594962835
20.6202735901 -16.1496181488 9.4632215500 1.4508095980
19.9655590057 -15.6480131149 9.1968564987 1.3465948105
19.2511959076 -15.1524944305 8.9214267731 1.2509350777
18.5027484894 -14.6837606430 8.6466941833 1.1683020592
17.7528800964 -14.2588567734 8.3817234039 1.1027790308
17.0441989899 -13.8996973038 8.1390666962 1.0582544804
16.4207286835 -13.6245441437 7.9284844398 1.0372558832
15.9279174805 -13.4455738068 7.7597398758 1.0415334702
15.6026906967 -13.3688716888 7.6377143860 1.0701147318
15.4762916565 -13.3956565857 7.5658931732 1.1208610535
15.5671854019 -13.5137529373 7.5407905579 1.1893005371
15.8838911057 -13.7061157227 7.5568284988 1.2690171003
16.4193077087 -13.9483966827 7.6035470963 1.3524277210
17.1549739838 -14.2113742828 7.6676979065 1.4303944111
18.0582237244 -14.4633951187 7.7339401245 1.4931955338
19.0864524841 -14.6691513062 7.7862372398 1.5314983130
20.1927928925 -14.8006401062 7.8085503578 1.5363590717
21.3232746124 -14.8322944641 7.7890262604 1.5003893375
22.4281940460 -14.7458524704 7.7158107758 1.4185341597
23.4535827637 -14.5303573608 7.5840225220 1.2876824141
24.3610935211 -14.1858072281 7.3922677040 1.1080286503
25.1123809814 -13.7219438553 7.1440324783 0.8828781247
25.6847248077 -13.1558113098 6.8462891579 0.6176748872
26.0624980927 -12.5117588043 6.5115895271 0.3215572238
26.2442855835 -11.8177890778 6.1545763016 0.0050243735
26.2386035919 -11.1092100143 5.7926826477 -0.3190913200
26.0610790253 -10.4152412415 5.4419450760 -0.6373740435
25.7358512878 -9.7675361633 5.1197967529 -0.9362137318
25.2927474976 -9.1916637421 4.8394861221 -1.2025835514
24.7615909576 -8.7046680450 4.6121692657 -1.4254009724
24.1750469208 -8.3199405670 4.4455165863 -1.5953330994
23.5600986481 -8.0374832153 4.3409228325 -1.7057697773
22.9437294006 -7.8536424637 4.2976908684 -1.7532107830
22.3429832458 -7.7550258636 4.3088474274 -1.7378506660
21.7720603943 -7.7233705521 4.3646306992 -1.6622173786
21.2394828796 -7.7343282700 4.4524893761 -1.5325322151
20.7452526093 -7.7647657394 4.5577802658 -1.3573503494
20.2893657684 -7.7878980637 4.6658606529 -1.1467819214
19.8618850708 -7.7842454910 4.7620868683 -0.9128820896
19.4557056427 -7.7331104279 4.8339076042 -0.6680940390
19.0608882904 -7.6223192215 4.8701667786 -0.4240838289
18.6674919128 -7.4457826614 4.8638911247 -0.1925170422
18.2669944763 -7.2022848129 4.8108968735 0.0170790553
17.8537139893 -6.8991298676 4.7111845016 0.1967328191
17.4262332916 -6.5448408127 4.5668454170 0.3410002589
16.9845504761 -6.1564607620 4.3848524094 0.4469649196
16.5315036774 -5.7498197556 4.1721787453 0.5136545897
16.0713577271 -5.3431777954 3.9385862350 0.5430135727
15.6126317978 -4.9547986984 3.6931395531 0.5385416746
15.1638469696 -4.5968561172 3.4476933479 0.5056829453
14.7321052551 -4.2815265656 3.2092199326 0.4506590962
14.3230857849 -4.0136785507 2.9860868454 0.3800808191
13.9438915253 -3.7969655991 2.7838726044 0.3013364673
13.5959415436 -3.6277341843 2.6067605019 0.2210366726
13.2820758820 -3.4998979568 2.4561457634 0.1450143456
12.9980344772 -3.4024991989 2.3313307762 0.0781302452
12.7409782410 -3.3257970810 2.2309207916 0.0236896873
12.5066442490 -3.2588348389 2.1528244019 -0.0157797337
12.2879323959 -3.1906557083 2.0935544968 -0.0391113758
12.0791625977 -3.1115188599 2.0489282608 -0.0468885899
11.8732328415 -3.0177717209 2.0161552429 -0.0400835276
11.6644630432 -2.9069805145 1.9917497635 -0.0206404924
11.4500122070 -2.7791442871 1.9743175507 0.0089129806
11.2298803329 -2.6415672302 1.9631614685 0.0464380383
11.0012273788 -2.4991216660 1.9561882019 0.0888239145
10.7683134079 -2.3627624512 1.9533987045 0.1341261864
10.5353994370 -2.2422313690 1.9561882019 0.1802062392
10.3081674576 -2.1460494995 1.9645557404 0.2257030010
10.0908756256 -2.0827388763 1.9778041840 0.2698386908
9.8920469284 -2.0559558868 1.9959335327 0.3118357062
9.7173624039 -2.0693473816 2.0175495148 0.3518883586
9.5739212036 -2.1204814911 2.0419549942 0.3899967670
9.4631452560 -2.2044887543 2.0656623840 0.4265496731
9.3907146454 -2.3116283417 2.0865812302 0.4619360566
9.3566303253 -2.4321594238 2.1012248993 0.4963502586
9.3594703674 -2.5526905060 2.1061058044 0.5299867392
9.3978157043 -2.6598300934 2.0984354019 0.5624566078
9.4674062729 -2.7414016724 2.0768194199 0.5933710933
9.5654001236 -2.7876663208 2.0384683609 0.6217579246
9.6846971512 -2.7901010513 1.9847774506 0.6466450691
9.8224573135 -2.7462720871 1.9157457352 0.6670602560
9.9715785980 -2.6537427902 1.8334646225 0.6818369627
10.1278009415 -2.5173835754 1.7428169250 0.6896141768
10.2882843018 -2.3469352722 1.6465911865 0.6896141768
10.4473476410 -2.1509189606 1.5510625839 0.6810592413
10.6049900055 -1.9415111542 1.4597167969 0.6637549400
10.7569522858 -1.7357559204 1.3774366379 0.6375068426
10.9032325745 -1.5433921814 1.3084049225 0.6028981805
11.0409927368 -1.3790302277 1.2561082840 0.5605123043
11.1702318192 -1.2499771118 1.2205467224 0.5117102861
11.2895288467 -1.1647529602 1.2031135559 0.4576585889
11.3974637985 -1.1245746613 1.2010221481 0.3999127150
11.4911975861 -1.1294460297 1.2121791840 0.3398336768
11.5721492767 -1.1732749939 1.2310056686 0.2789769173
11.6360588074 -1.2475414276 1.2540159225 0.2187035084
11.6843452454 -1.3425064087 1.2749347687 0.1601799130
11.7127494812 -1.4459934235 1.2881832123 0.1043783426
11.7241115570 -1.5458259583 1.2895784378 0.0522709489
11.7184305191 -1.6298332214 1.2749347687 0.0040522218
11.6971273422 -1.6907081604 1.2414646149 -0.0398890972
11.6630420685 -1.7199287415 1.1891679764 -0.0791640282
11.6190156937 -1.7126235962 1.1173467636 -0.1139671803
11.5721492767 -1.6700115204 1.0280942917 -0.1441038847
11.5238628387 -1.5945262909 0.9262895584 -0.1699631214
11.4826765060 -1.4922580719 0.8161172867 -0.1909615993
11.4528522491 -1.3705081940 0.7024593353 -0.2074881792
11.4400701523 -1.2378025055 0.5908927917 -0.2193484306
11.4457511902 -1.1063137054 0.4862985611 -0.2261534929
11.4755754471 -0.9821281433 0.3942565918 -0.2279033661
11.5267028809 -0.8749904633 0.3175544739 -0.2245980501
11.6019735336 -0.7909832001 0.2582845688 -0.2160431147
11.6957073212 -0.7325439453 0.2171449661 -0.2020441294
11.8036422729 -0.6996707916 0.1941337585 -0.1831843853
11.9200992584 -0.6899318695 0.1864643097 -0.1594638824
12.0393962860 -0.6984539032 0.1899499893 -0.1318547726
12.1515932083 -0.7191505432 0.2018041611 -0.1005513668
12.2495870590 -0.7435016632 0.2171449661 -0.0671093464
12.3248577118 -0.7629814148 0.2310905457 -0.0321118832
12.3731451035 -0.7702865601 0.2401552200 0.0032745004
12.3873472214 -0.7593288422 0.2401552200 0.0376886725
12.3646240234 -0.7264556885 0.2296962738 0.0701586008
12.3049745560 -0.6692333221 0.2073822021 0.0997120142
12.2069807053 -0.5888805389 0.1732158661 0.1257656813
12.0763216019 -0.4890460968 0.1292858124 0.1475419402
11.9144191742 -0.3770370483 0.0776863098 0.1650406718
11.7283716202 -0.2577228546 0.0219030380 0.1780675054
11.5252828598 -0.1420612335 -0.0345773697 0.1868168712
11.3108320236 -0.0373573303 -0.0882682800 0.1916776299
11.0935401917 0.0466499329 -0.1349868774 0.1934275031
10.8776693344 0.1050891876 -0.1733379364 0.1926497817
10.6688995361 0.1330909729 -0.2005329132 0.1899277568
10.4714908600 0.1282215118 -0.2165699005 0.1858447194
10.2854442596 0.0916976929 -0.2207536697 0.1811783910
10.1150188446 0.0247344971 -0.2158727646 0.1759287715
9.9559564590 -0.0641422272 -0.2026243210 0.1706791520
9.8082551956 -0.1688461304 -0.1858892441 0.1652351022
9.6676549911 -0.2796363831 -0.1670627594 0.1595966220
9.5327348709 -0.3892116547 -0.1510248184 0.1537637115
9.3978157043 -0.4890460968 -0.1391706467 0.1469586492
9.2600555420 -0.5693988800 -0.1356840134 0.1393758059
9.1180353165 -0.6266212463 -0.1419601440 0.1306264400
8.9703340530 -0.6570587158 -0.1579980850 0.1205160618
8.8155317307 -0.6607112885 -0.1831007004 0.1096279621
8.6564693451 -0.6375789642 -0.2172670364 0.0977677107
8.4917249680 -0.5937500000 -0.2577104568 0.0859074593
8.3269815445 -0.5328750610 -0.3016395569 0.0744360685
8.1636581421 -0.4634780884 -0.3462667465 0.0647144914
8.0060148239 -0.3928642273 -0.3888006210 0.0573261380
7.8597345352 -0.3295536041 -0.4257574081 0.0534375310
7.7248144150 -0.2772026062 -0.4543466568 0.0542152524
7.6069374084 -0.2418956757 -0.4738702774 0.0604370236
7.5061035156 -0.2272853851 -0.4836330414 0.0726861954
7.4237308502 -0.2309379578 -0.4836330414 0.0911570787
7.3584022522 -0.2528514862 -0.4745674133 0.1158497334
7.3101148605 -0.2893772125 -0.4585304260 0.1463753581
7.2746095657 -0.3332061768 -0.4376115799 0.1817616820
7.2504663467 -0.3782539368 -0.4146003723 0.2212311029
7.2334241867 -0.4159965515 -0.3922872543 0.2628391981
7.2192220688 -0.4415626526 -0.3741579056 0.3054195046
7.2064399719 -0.4476509094 -0.3602123260 0.3468331695
7.1908178329 -0.4281711578 -0.3532390594 0.3859137297
7.1709346771 -0.3831233978 -0.3539361954 0.4207167625
7.1439504623 -0.3112926483 -0.3609094620 0.4500758052
7.1084461212 -0.2151107788 -0.3741579056 0.4732130170
7.0672597885 -0.0982303619 -0.3908929825 0.4893507659
7.0203933716 0.0320396423 -0.4090223312 0.4986834228
6.9664249420 0.1696166992 -0.4264545441 0.5014054775
6.9110374451 0.3047580719 -0.4397029877 0.4984889925
6.8528079987 0.4313774109 -0.4466762543 0.4907117784
6.7931594849 0.5421676636 -0.4459791183 0.4798236489
6.7363529205 0.6298274994 -0.4348220825 0.4671856761
6.6795444489 0.6919193268 -0.4139032364 0.4543532729
6.6255760193 0.7260093689 -0.3832225800 0.4426874518
6.5716075897 0.7333145142 -0.3434772491 0.4339380860
6.5176410675 0.7162704468 -0.2960615158 0.4288828373
6.4622535706 0.6785278320 -0.2437648773 0.4284939766
6.4054450989 0.6286106110 -0.1893758774 0.4329659343
6.3415355682 0.5713882446 -0.1349868774 0.4426874518
6.2733650208 0.5141658783 -0.0840845108 0.4574641585
6.1980953217 0.4654674530 -0.0380640030 0.4767127633
6.1143016815 0.4289417267 0.0002870560 0.4998500049
6.0234088898 0.4094619751 0.0309677124 0.5260981321
5.9254150391 0.4094619751 0.0532817841 0.5546793938
5.8217411041 0.4289417267 0.0672273636 0.5846216679
5.7166442871 0.4654674530 0.0741996765 0.6155361533
5.6087093353 0.5166015625 0.0755949020 0.6468394995
5.5036144257 0.5750408173 0.0735025406 0.6781427860
5.4013595581 0.6359157562 0.0707139969 0.7092516422
5.3062057495 0.6943550110 0.0686216354 0.7399716973
5.2195739746 0.7406196594 0.0700159073 0.7704972625
5.1414623260 0.7722740173 0.0762920380 0.8004395962
5.0732917786 0.7844486237 0.0881462097 0.8301874399
5.0150642395 0.7734909058 0.1062755585 0.8591575623
4.9639358521 0.7406196594 0.1320753098 0.8873500228
4.9199104309 0.6870498657 0.1641502380 0.9141814113
4.8801441193 0.6152172089 0.2011070251 0.9386796951
4.8417987823 0.5299930573 0.2436418533 0.9600670338
4.8020324707 0.4374637604 0.2882680893 0.9771769047
4.7594280243 0.3425006866 0.3356838226 0.9890371561
4.7111396790 0.2536239624 0.3844947815 0.9944812059
4.6571731567 0.1744861603 0.4326076508 0.9925369024
4.5961036682 0.1099586487 0.4800233841 0.9826209545
4.5293540955 0.0636959076 0.5267419815 0.9641500711
4.4555034637 0.0369110107 0.5720653534 0.9369298220
4.3773918152 0.0308227539 0.6166925430 0.9015434384
4.2978610992 0.0405635834 0.6613187790 0.8591575623
4.2197494507 0.0649127960 0.7052478790 0.8111332655
4.1444778442 0.0990028381 0.7498750687 0.7594147325
4.0748882294 0.1379623413 0.7951984406 0.7059463263
4.0138187408 0.1769218445 0.8405227661 0.6532557011
3.9626922607 0.2110118866 0.8851490021 0.6036759019
3.9215068817 0.2365779877 0.9290790558 0.5595401525
3.8916816711 0.2487525940 0.9702186584 0.5227928162
3.8732185364 0.2475357056 1.0085697174 0.4949892461
3.8618583679 0.2329254150 1.0413427353 0.4769071937
3.8575973511 0.2061405182 1.0678396225 0.4689355493
3.8575973511 0.1683998108 1.0866661072 0.4706854224
3.8604373932 0.1245689392 1.0964288712 0.4807958007
3.8604373932 0.0783042908 1.0971260071 0.4977112710
3.8590164185 0.0332584381 1.0880613327 0.5189042091
3.8519153595 -0.0057010651 1.0706291199 0.5418469906
3.8362941742 -0.0349216461 1.0462236404 0.5638176203
3.8149909973 -0.0544013977 1.0148458481 0.5818996429
3.7851657867 -0.0592708588 0.9806785583 0.5937599540
3.7482414246 -0.0519657135 0.9444189072 0.5972597003
3.7056350708 -0.0337047577 0.9081602097 0.5910378695
3.6587677002 -0.0057010651 0.8760843277 0.5741224289
3.6104812622 0.0283870697 0.8481931686 0.5469021797
3.5607738495 0.0636959076 0.8265771866 0.5101548433
3.5139083862 0.0977840424 0.8126306534 0.4654358029
3.4698810577 0.1245689392 0.8056583405 0.4152727127
3.4301147461 0.1428318024 0.8056583405 0.3621932268
3.3974514008 0.1501369476 0.8105392456 0.3093081117
3.3676261902 0.1428318024 0.8196039200 0.2597283125
3.3449039459 0.1209163666 0.8307609558 0.2163703442
3.3250198364 0.0880451202 0.8412199020 0.1817616820
3.3079776764 0.0429973602 0.8488903046 0.1578467488
3.2909355164 -0.0105724335 0.8523769379 0.1459864974
3.2738933563 -0.0677947998 0.8495874405 0.1463753581
3.2540092468 -0.1262340546 0.8398256302 0.1588189006
3.2298660278 -0.1810207367 0.8237876892 0.1819561124
3.2014617920 -0.2285022736 0.8014745712 0.2136483192
3.1659564972 -0.2674617767 0.7742805481 0.2517566681
3.1247711182 -0.2930297852 0.7449941635 0.2931703925
3.0764846802 -0.3052043915 0.7150106430 0.3347784877
3.0239372253 -0.3052043915 0.6885137558 0.3736646175
2.9671287537 -0.2918128967 0.6668977737 0.4069122076
2.9060592651 -0.2674617767 0.6536483765 0.4321882129
2.8449916840 -0.2358074188 0.6501626968 0.4477426410
2.7839221954 -0.1980648041 0.6585302353 0.4527978301
2.7228527069 -0.1591053009 0.6787509918 0.4467704892
2.6646251678 -0.1201457977 0.7101297379 0.4304383397
2.6092376709 -0.0860557556 0.7512693405 0.4047734737
2.5566902161 -0.0568370819 0.8007774353 0.3717203140
2.5084018707 -0.0337047577 0.8551654816 0.3332230449
2.4615364075 -0.0190944672 0.9109487534 0.2916149497
2.4160900116 -0.0117893219 0.9646406174 0.2498123646
2.3734836578 -0.0105724335 1.0127534866 0.2095652223
2.3294563293 -0.0142250061 1.0511045456 0.1734011769
2.2854309082 -0.0203113556 1.0782985687 0.1424867511
2.2414035797 -0.0288333893 1.0915470123 0.1183773279
2.1945381165 -0.0349216461 1.0894556046 0.1014618874
2.1462497711 -0.0397911072 1.0727205276 0.0919348001
2.0951232910 -0.0397911072 1.0413427353 0.0894072056
2.0439949036 -0.0361385345 0.9981107712 0.0929069519
1.9928684235 -0.0276165009 0.9444189072 0.1016563177
1.9417400360 -0.0142250061 0.8837547302 0.1140998602
1.8920345306 0.0003852844 0.8196039200 0.1290709972
1.8451671600 0.0174312592 0.7554531097 0.1454032063
1.8025608063 0.0344753265 0.6947889328 0.1621242166
1.7656345367 0.0478668213 0.6390056610 0.1782619357
1.7315502167 0.0588245392 0.5922870636 0.1934275031
1.7031459808 0.0636959076 0.5539360046 0.2072320580
1.6804237366 0.0612602234 0.5253477097 0.2198700905
1.6619606018 0.0539550781 0.5065202713 0.2313414812
1.6463375092 0.0381278992 0.4960613251 0.2420351505
1.6335563660 0.0174312592 0.4925746918 0.2521455288
1.6207752228 -0.0081367493 0.4932718277 0.2618670464
1.6094131470 -0.0361385345 0.4953641891 0.2713941336
1.5980510712 -0.0641422272 0.4981527328 0.2803379297
1.5838489532 -0.0921440125 0.4974555969 0.2885040641
1.5682277679 -0.1164932251 0.4932718277 0.2951146960
1.5511837006 -0.1359729767 0.4842071533 0.2997810245
1.5313014984 -0.1493663788 0.4688663483 0.3013364673
1.5099983215 -0.1542358398 0.4472503662 0.2988088727
1.4872760773 -0.1530189514 0.4214506149 0.2918093801
1.4659729004 -0.1432781219 0.3914670944 0.2795602083
1.4446697235 -0.1286678314 0.3600893021 0.2614781857
1.4247856140 -0.1091880798 0.3280143738 0.2379521132
1.4091644287 -0.0872745514 0.2987279892 0.2093707919
1.3949623108 -0.0653591156 0.2722311020 0.1767064929
1.3836002350 -0.0434436798 0.2520093918 0.1407368779
1.3764991760 -0.0263996124 0.2380638123 0.1034061909
1.3708190918 -0.0154418945 0.2310905457 0.0662699342
1.3665580750 -0.0105724335 0.2310905457 0.0312724710
1.3622970581 -0.0142250061 0.2373657227 -0.0000308156
1.3566169739 -0.0263996124 0.2492198944 -0.0258901119
1.3480949402 -0.0470962524 0.2652578354 -0.0451387167
1.3353137970 -0.0750980377 0.2826900482 -0.0573878288
1.3182716370 -0.1091880798 0.3015165329 -0.0620541573
1.2941284180 -0.1469306946 0.3182516098 -0.0599154234
1.2628822327 -0.1883258820 0.3321981430 -0.0515549183
1.2259578705 -0.2309379578 0.3412628174 -0.0385280848
1.1833515167 -0.2723331451 0.3454465866 -0.0225847960
1.1350650787 -0.3088569641 0.3447484970 -0.0056693554
1.0825176239 -0.3429470062 0.3384733200 0.0100795627
1.0285491943 -0.3697319031 0.3273162842 0.0225231051
0.9745807648 -0.3892116547 0.3133707047 0.0304947495
0.9234542847 -0.4026031494 0.2966356277 0.0324390531
0.8765869141 -0.4099082947 0.2792034149 0.0281615853
0.8354015350 -0.4099082947 0.2631654739 0.0174679160
0.8013172150 -0.4050388336 0.2485227585 0.0013301969
0.7757530212 -0.3965167999 0.2373657227 -0.0190850496
0.7601299286 -0.3855590820 0.2303934097 -0.0418334007
0.7516098022 -0.3746013641 0.2269067764 -0.0645817518
0.7516098022 -0.3648605347 0.2289991379 -0.0851913691
0.7587108612 -0.3575572968 0.2345771790 -0.1009402275
0.7714920044 -0.3551216125 0.2429447174 -0.1102728844
0.7871150970 -0.3575572968 0.2547988892 -0.1112450361
0.8027362823 -0.3660793304 0.2673492432 -0.1030789614
0.8183593750 -0.3806896210 0.2805986404 -0.0857746601
0.8311405182 -0.4013862610 0.2938470840 -0.0597209930
0.8410816193 -0.4293880463 0.3057003021 -0.0266678333
0.8439216614 -0.4610424042 0.3154630661 0.0112461448
0.8410816193 -0.4951324463 0.3238306046 0.0512987971
0.8325614929 -0.5328750610 0.3301057816 0.0903793573
0.8183593750 -0.5706176758 0.3356838226 0.1247935295
0.7984752655 -0.6071414948 0.3405647278 0.1518194079
0.7757530212 -0.6400146484 0.3454465866 0.1683459878
0.7501888275 -0.6667995453 0.3517217636 0.1722345948
0.7246246338 -0.6887130737 0.3593921661 0.1623186469
0.7004814148 -0.7033233643 0.3698511124 0.1382092237
0.6777591705 -0.7081928253 0.3830995560 0.1004897356
0.6607170105 -0.7057590485 0.3984403610 0.0511043668
0.6479339600 -0.6948013306 0.4158725739 -0.0076136589
0.6408329010 -0.6753215790 0.4346990585 -0.0721645355
0.6394138336 -0.6497535706 0.4535264969 -0.1386598349
0.6422538757 -0.6193161011 0.4709587097 -0.2030162811
0.6507740021 -0.5840091705 0.4862985611 -0.2611510754
0.6621360779 -0.5487022400 0.4967584610 -0.3093698025
0.6749191284 -0.5133953094 0.5016393661 -0.3447561264
0.6877002716 -0.4805221558 0.4995479584 -0.3649768829
0.6990623474 -0.4525203705 0.4897851944 -0.3688654900
0.7075824738 -0.4293880463 0.4716558456 -0.3564219475
0.7118434906 -0.4147777557 0.4451589584 -0.3286184072
0.7104225159 -0.4074745178 0.4109916687 -0.2873991728
0.7019023895 -0.4074745178 0.3698511124 -0.2356805801
0.6891193390 -0.4159965515 0.3245277405 -0.1771570444
0.6692371368 -0.4306068420 0.2757167816 -0.1153281927
0.6436729431 -0.4513034821 0.2255125046 -0.0542769432
0.6152687073 -0.4756526947 0.1767015457 0.0024967790
0.5826053619 -0.5012207031 0.1313781738 0.0518820882
0.5499401093 -0.5267868042 0.0909347534 0.0911570787
0.5186958313 -0.5499191284 0.0574655533 0.1193494797
0.4888706207 -0.5693988800 0.0323629379 0.1358760595
0.4618873596 -0.5827922821 0.0163249969 0.1411257386
0.4420051575 -0.5913143158 0.0093517303 0.1364593506
0.4292221069 -0.5913143158 0.0121412277 0.1244046688
0.4221210480 -0.5852279663 0.0232982635 0.1072947979
0.4249629974 -0.5742702484 0.0428218842 0.0880461931
0.4349040985 -0.5572242737 0.0679244995 0.0701586008
0.4505252838 -0.5365276337 0.0979080200 0.0557706952
0.4746685028 -0.5133953094 0.1320753098 0.0476046205
0.5030727386 -0.4914798737 0.1676368713 0.0470213294
0.5343170166 -0.4707832336 0.2045936584 0.0547985435
0.5669822693 -0.4537391663 0.2408523560 0.0705474615
0.6010684967 -0.4415626526 0.2757167816 0.0936846733
0.6323127747 -0.4354763031 0.3091869354 0.1222659349
0.6592960358 -0.4354763031 0.3405647278 0.1539581418
0.6805992126 -0.4415626526 0.3691539764 0.1860391498
0.6962203979 -0.4525203705 0.3956508636 0.2155926228
0.7033214569 -0.4695663452 0.4207534790 0.2397019863
0.7033214569 -0.4878273010 0.4430665970 0.2560341358
0.6948013306 -0.5085258484 0.4639854431 0.2626447678
0.6777591705 -0.5280056000 0.4821147919 0.2583673000
0.6536159515 -0.5462665558 0.4988498688 0.2428128719
0.6237907410 -0.5596599579 0.5120983124 0.2165647745
0.5897064209 -0.5681819916 0.5225582123 0.1809839606
0.5527801514 -0.5706176758 0.5295314789 0.1378203630
0.5158557892 -0.5669651031 0.5316228867 0.0897960663
0.4803504944 -0.5584430695 0.5281362534 0.0398274064
0.4476852417 -0.5438327789 0.5190715790 -0.0093635321
0.4207019806 -0.5255699158 0.5044288635 -0.0548602343
0.4008178711 -0.5060901642 0.4828128815 -0.0941351652
0.3894577026 -0.4853935242 0.4556179047 -0.1256330013
0.3851966858 -0.4646949768 0.4228458405 -0.1477980614
0.3922977448 -0.4476509094 0.3858890533 -0.1602416039
0.4064998627 -0.4342575073 0.3461437225 -0.1633524895
0.4306430817 -0.4245185852 0.3057003021 -0.1581028700
0.4604663849 -0.4220829010 0.2652578354 -0.1460481882
0.4959716797 -0.4233016968 0.2276039124 -0.1293271780
0.5343170166 -0.4293880463 0.1941337585 -0.1102728844
0.5755043030 -0.4403457642 0.1669397354 -0.0910242796
0.6138496399 -0.4537391663 0.1467180252 -0.0739144087
0.6507740021 -0.4671306610 0.1348648071 -0.0608875751
0.6820201874 -0.4805221558 0.1320753098 -0.0529159307
0.7061634064 -0.4926986694 0.1383504868 -0.0509716272
0.7217845917 -0.5000038147 0.1522970200 -0.0554435253
0.7288856506 -0.5048732758 0.1725177765 -0.0655539036
0.7274665833 -0.5036544800 0.1983175278 -0.0803306103
0.7175235748 -0.4987850189 0.2269067764 -0.0986070633
0.6990623474 -0.4890460968 0.2568902969 -0.1188279390
0.6749191284 -0.4756526947 0.2847824097 -0.1388542652
0.6465148926 -0.4610424042 0.3098840714 -0.1573251486
0.6166896820 -0.4464340210 0.3294086456 -0.1726851463
0.5854454041 -0.4330406189 0.3426570892 -0.1837676764
0.5584621429 -0.4220829010 0.3489322662 -0.1903783083
0.5343170166 -0.4159965515 0.3475379944 -0.1919337511
0.5158557892 -0.4147777557 0.3391704559 -0.1890172958
0.5059146881 -0.4196491241 0.3245277405 -0.1822122335
0.5030727386 -0.4306068420 0.3063983917 -0.1730740070
0.5101737976 -0.4476509094 0.2847824097 -0.1623803377
0.5243759155 -0.4695663452 0.2638635635 -0.1516866684
0.5456790924 -0.4939155579 0.2450361252 -0.1421595812
0.5726642609 -0.5207004547 0.2303934097 -0.1347712278
0.6024875641 -0.5474853516 0.2213287354 -0.1302993298
0.6337318420 -0.5706176758 0.2206315994 -0.1285494566
0.6663970947 -0.5900974274 0.2283010483 -0.1295216084
0.6948013306 -0.6047077179 0.2436418533 -0.1320492029
0.7175235748 -0.6120128632 0.2680473328 -0.1351600885
0.7359867096 -0.6120128632 0.2980308533 -0.1372988224
0.7459278107 -0.6047077179 0.3335924149 -0.1367155313
0.7487697601 -0.5913143158 0.3705482483 -0.1316603422
0.7430877686 -0.5730514526 0.4068078995 -0.1209666729
0.7317256927 -0.5523548126 0.4402780533 -0.1034678221
0.7132644653 -0.5292224884 0.4660778046 -0.0781918764
0.6919612885 -0.5060901642 0.4835100174 -0.0453331470
0.6663970947 -0.4866104126 0.4897851944 -0.0054749250
0.6422538757 -0.4720001221 0.4835100174 0.0404106975
0.6195297241 -0.4622612000 0.4632883072 0.0905737877
0.6010684967 -0.4598255157 0.4305152893 0.1426811814
0.5882854462 -0.4634780884 0.3851919174 0.1945940852
0.5811843872 -0.4744358063 0.3301057816 0.2432017326
0.5826053619 -0.4902629852 0.2680473328 0.2861708999
0.5911254883 -0.5109596252 0.2011070251 0.3213627934
0.6067485809 -0.5340919495 0.1341667175 0.3466387391
0.6294708252 -0.5560073853 0.0700159073 0.3608322144
0.6564559937 -0.5767040253 0.0135354996 0.3631653786
0.6877002716 -0.5925312042 -0.0324850082 0.3540270925
0.7203655243 -0.6022720337 -0.0652580261 0.3340007663
0.7530288696 -0.6059246063 -0.0819931030 0.3046417832
0.7842731476 -0.5998363495 -0.0826902390 0.2680888176
0.8126773834 -0.5876617432 -0.0652580261 0.2268695831
0.8368225098 -0.5669651031 -0.0317878723 0.1833171248
0.8552837372 -0.5401802063 0.0163249969 0.1405424476
0.8694858551 -0.5097427368 0.0776863098 0.1006841660
0.8780078888 -0.4768714905 0.1481132507 0.0662699342
0.8808479309 -0.4452152252 0.2241172791 0.0388552547
0.8794269562 -0.4159965515 0.3022146225 0.0196066499
0.8751678467 -0.3916454315 0.3782186508 0.0091074109
0.8694858551 -0.3733844757 0.4479484558 0.0069686770
0.8609657288 -0.3648605347 0.5079145432 0.0126071572
0.8524436951 -0.3636436462 0.5560283661 0.0248562694
0.8453426361 -0.3721656799 0.5894985199 0.0417717099
0.8368225098 -0.3879928589 0.6076278687 0.0619924664
0.8311405182 -0.4099082947 0.6090221405 0.0831854343
0.8240394592 -0.4379100800 0.5943794250 0.1037950516
0.8183593750 -0.4671306610 0.5657901764 0.1222659349
0.8126773834 -0.4975681305 0.5246496201 0.1374315023
0.8055763245 -0.5255699158 0.4737482071 0.1485140920
0.7970561981 -0.5487022400 0.4158725739 0.1551247239
0.7871150970 -0.5669651031 0.3545112610 0.1578467488
0.7743320465 -0.5767040253 0.2924518585 0.1568745971
0.7601299286 -0.5791397095 0.2331819534 0.1533748507
0.7430877686 -0.5742702484 0.1787939072 0.1483196616
0.7260456085 -0.5620956421 0.1320753098 0.1432644725
0.7075824738 -0.5438327789 0.0944213867 0.1391813755
0.6905403137 -0.5219173431 0.0672273636 0.1370426416
0.6749191284 -0.4987850189 0.0504922867 0.1376259327
0.6635570526 -0.4756526947 0.0442161560 0.1413201690
0.6564559937 -0.4537391663 0.0477027893 0.1481252313
0.6536159515 -0.4366931915 0.0588598251 0.1576523185
0.6564559937 -0.4245185852 0.0769891739 0.1691237092
0.6649761200 -0.4184303284 0.0999994278 0.1815672517
0.6777591705 -0.4184303284 0.1257991791 0.1938163638
0.6948013306 -0.4245185852 0.1522970200 0.2047044635
0.7146835327 -0.4366931915 0.1773986816 0.2126761675
0.7345676422 -0.4513034821 0.2004098892 0.2167592049
0.7530288696 -0.4671306610 0.2185392380 0.2161759138
0.7672309875 -0.4817409515 0.2317876816 0.2103429437
0.7757530212 -0.4939155579 0.2394580841 0.1990659833
0.7743320465 -0.5012207031 0.2415494919 0.1827338338
0.7629718781 -0.5012207031 0.2373657227 0.1621242166
0.7402477264 -0.4926986694 0.2283010483 0.1378203630
0.7061634064 -0.4756526947 0.2143554688 0.1113778353
0.6592960358 -0.4488677979 0.1969232559 0.0839631557
0.6010684967 -0.4135608673 0.1760044098 0.0569372773
0.5343170166 -0.3697319031 0.1543884277 0.0318557620
0.5897064209 -0.3441638947 0.2206315994 -0.1862952709
0.6791782379 -0.3977336884 0.2443389893 -0.1942669153
0.7615509033 -0.4464340210 0.2638635635 -0.1936836243
0.8354015350 -0.4890460968 0.2805986404 -0.1839621067
0.8978900909 -0.5243530273 0.2938470840 -0.1652967930
0.9504375458 -0.5511379242 0.3057003021 -0.1380765438
0.9916248322 -0.5681819916 0.3161602020 -0.1032733917
1.0228691101 -0.5779228210 0.3259220123 -0.0628318787
1.0427513123 -0.5791397095 0.3370790482 -0.0186961889
1.0541133881 -0.5730514526 0.3496303558 0.0273838639
1.0583744049 -0.5620956421 0.3642730713 0.0726861954
1.0569534302 -0.5474853516 0.3810081482 0.1150720119
1.0512733459 -0.5292224884 0.3991374969 0.1527915597
1.0413303375 -0.5121784210 0.4186620712 0.1839004159
1.0285491943 -0.4963512421 0.4374885559 0.2074264884
1.0143470764 -0.4841747284 0.4549207687 0.2227865458
0.9987239838 -0.4756526947 0.4695644379 0.2295916080
0.9831027985 -0.4720001221 0.4793262482 0.2284250259
0.9660606384 -0.4732189178 0.4828128815 0.2200645208
0.9475975037 -0.4805221558 0.4793262482 0.2062599063
0.9291343689 -0.4914798737 0.4674720764 0.1881778836
0.9092521667 -0.5073070526 0.4465532303 0.1677626967
0.8879489899 -0.5255699158 0.4179649353 0.1465697885
0.8666458130 -0.5450496674 0.3817052841 0.1263489723
0.8453426361 -0.5657482147 0.3398675919 0.1082669497
0.8254604340 -0.5840091705 0.2945442200 0.0934902430
0.8069972992 -0.5986194611 0.2471284866 0.0822132826
0.7899551392 -0.6095771790 0.2011070251 0.0746304989
0.7785930634 -0.6144466400 0.1585721970 0.0705474615
0.7714920044 -0.6132297516 0.1223134995 0.0689920187
0.7686519623 -0.6059246063 0.0951185226 0.0691864491
0.7729129791 -0.5925312042 0.0776863098 0.0697697401
0.7814331055 -0.5718345642 0.0721082687 0.0695753098
0.7970561981 -0.5438327789 0.0769891739 0.0674365163
0.8169384003 -0.5121784210 0.0937242508 0.0623813272
0.8410816193 -0.4756526947 0.1202211380 0.0536319613
0.8680667877 -0.4354763031 0.1543884277 0.0413828492
0.8950500488 -0.3940811157 0.1941337585 0.0254395604
0.9234542847 -0.3526859283 0.2359714508 0.0063853860
0.9475975037 -0.3112926483 0.2771120071 -0.0146131516
0.9703216553 -0.2723331451 0.3147649765 -0.0367782116
0.9873638153 -0.2358074188 0.3454465866 -0.0583599806
0.9987239838 -0.2053699493 0.3677597046 -0.0778030157
1.0058250427 -0.1798038483 0.3789157867 -0.0939407349
1.0058250427 -0.1615409851 0.3782186508 -0.1054121256
1.0029850006 -0.1493663788 0.3656673431 -0.1114394665
0.9958839417 -0.1457138062 0.3412628174 -0.1108561754
0.9859428406 -0.1493663788 0.3063983917 -0.1040511131
0.9745807648 -0.1615409851 0.2631654739 -0.0908298492
0.9660606384 -0.1810207367 0.2150526047 -0.0721645355
0.9589595795 -0.2078056335 0.1634531021 -0.0488328934
0.9561195374 -0.2406768799 0.1125507355 -0.0221959352
0.9589595795 -0.2784194946 0.0658321381 0.0061909556
0.9660606384 -0.3210315704 0.0246925354 0.0347722173
0.9774227142 -0.3648605347 -0.0080804825 0.0623813272
0.9944648743 -0.4099082947 -0.0296964645 0.0874629021
1.0157680511 -0.4537391663 -0.0394582748 0.1090446711
1.0384902954 -0.4939155579 -0.0366687775 0.1265434027
1.0626335144 -0.5292224884 -0.0206317902 0.1395702362
1.0839366913 -0.5572242737 0.0065631866 0.1481252313
1.1038208008 -0.5779228210 0.0442161560 0.1525971293
1.1194419861 -0.5876617432 0.0909347534 0.1535692811
1.1279640198 -0.5876617432 0.1446266174 0.1518194079
1.1308040619 -0.5754871368 0.2025012970 0.1483196616
1.1265430450 -0.5535717010 0.2631654739 0.1440421939
1.1166019440 -0.5207004547 0.3231325150 0.1397646666
1.0995597839 -0.4780883789 0.3817052841 0.1360704899
1.0782566071 -0.4281711578 0.4367914200 0.1335428953
1.0541133881 -0.3721656799 0.4856014252 0.1321818829
1.0285491943 -0.3125095367 0.5281362534 0.1317930222
1.0044059753 -0.2516345978 0.5636978149 0.1321818829
0.9831027985 -0.1931953430 0.5901956558 0.1325707436
0.9674797058 -0.1384086609 0.6083250046 0.1321818829
0.9561195374 -0.0897083282 0.6173896790 0.1304320097
0.9518585205 -0.0495319366 0.6173896790 0.1263489723
0.9546985626 -0.0190944672 0.6097192764 0.1195439100
0.9646396637 0.0003852844 0.5929841995 0.1094335318
0.9802627563 0.0064735413 0.5692768097 0.0958234072
1.0001449585 0.0028209686 0.5385961533 0.0789079666
1.0242881775 -0.0142250061 0.5016393661 0.0590760112
1.0512733459 -0.0397911072 0.4598016739 0.0369109511
1.0782566071 -0.0763168335 0.4144783020 0.0133848786
1.1038208008 -0.1189289093 0.3663654327 -0.0105301142
1.1265430450 -0.1664104462 0.3182516098 -0.0336673260
1.1464271545 -0.2187633514 0.2708358765 -0.0552490950
1.1634693146 -0.2711143494 0.2269067764 -0.0741088390
1.1762504578 -0.3246841431 0.1871614456 -0.0894688368
1.1847724915 -0.3746013641 0.1536912918 -0.1011346579
1.1918735504 -0.4220829010 0.1285886765 -0.1085230112
1.1961326599 -0.4646949768 0.1118535995 -0.1118283272
1.2018146515 -0.5036544800 0.1055784225 -0.1110506058
1.2074947357 -0.5365276337 0.1097621918 -0.1067731380
1.2145957947 -0.5633125305 0.1237077713 -0.0997736454
1.2259578705 -0.5864448547 0.1467180252 -0.0902465582
1.2401599884 -0.6047077179 0.1780967712 -0.0791640282
1.2586231232 -0.6180992126 0.2157497406 -0.0669149160
1.2799263000 -0.6278400421 0.2575874329 -0.0540825129
1.3040695190 -0.6351451874 0.3008193970 -0.0406668186
1.3296318054 -0.6400146484 0.3433542252 -0.0268622637
1.3551959991 -0.6412315369 0.3817052841 -0.0126688480
1.3793392181 -0.6412315369 0.4144783020 0.0023023486
1.4020633698 -0.6387958527 0.4395809174 0.0180512071
1.4191055298 -0.6339263916 0.4549207687 0.0349666476
1.4333076477 -0.6266212463 0.4604988098 0.0536319613
1.4404087067 -0.6180992126 0.4556179047 0.0736583471
1.4432487488 -0.6059246063 0.4409751892 0.0950456858
1.4404087067 -0.5913143158 0.4179649353 0.1177940369
1.4318866730 -0.5754871368 0.3879814148 0.1407368779
1.4205265045 -0.5572242737 0.3545112610 0.1634852290
1.4091644287 -0.5377445221 0.3189487457 0.1846781373
1.3949623108 -0.5170478821 0.2847824097 0.2031490207
1.3850212097 -0.4963512421 0.2547988892 0.2179257870
1.3764991760 -0.4780883789 0.2303934097 0.2278417349
1.3722381592 -0.4598255157 0.2136583328 0.2317303419
1.3722381592 -0.4452152252 0.2066850662 0.2290083170
1.3793392181 -0.4330406189 0.2087774277 0.2194812298
1.3907012939 -0.4257354736 0.2199335098 0.2035378814
1.4063243866 -0.4208660126 0.2387609482 0.1815672517
1.4247856140 -0.4220829010 0.2652578354 0.1549302936
1.4446697235 -0.4257354736 0.2952413559 0.1251823902
1.4645519257 -0.4342575073 0.3280143738 0.0942679644
1.4815940857 -0.4452152252 0.3600893021 0.0641312003
1.4957962036 -0.4586086273 0.3900728226 0.0372998118
1.5028972626 -0.4732189178 0.4144783020 0.0155236125
1.5057373047 -0.4878273010 0.4326076508 0.0009413362
1.5000572205 -0.5036544800 0.4437646866 -0.0054749250
1.4886951447 -0.5170478821 0.4465532303 -0.0023639798
1.4702320099 -0.5292224884 0.4416723251 0.0100795627
1.4475097656 -0.5389633179 0.4305152893 0.0314669013
1.4205265045 -0.5462665558 0.4144783020 0.0608258843
1.3935413361 -0.5511379242 0.3949537277 0.0962122679
1.3665580750 -0.5523548126 0.3740348816 0.1356816292
1.3409938812 -0.5523548126 0.3538141251 0.1763176322
1.3196907043 -0.5511379242 0.3363819122 0.2157870531
1.3040695190 -0.5474853516 0.3231325150 0.2513678074
1.2941284180 -0.5438327789 0.3147649765 0.2805323601
1.2912864685 -0.5401802063 0.3112792969 0.3015308976
1.2927074432 -0.5365276337 0.3126735687 0.3130022883
1.2998085022 -0.5328750610 0.3182516098 0.3141688704
1.3083286285 -0.5304393768 0.3259220123 0.3050306439
1.3196907043 -0.5280056000 0.3342895508 0.2865597606
1.3296318054 -0.5267868042 0.3405647278 0.2601171732
1.3367328644 -0.5255699158 0.3426570892 0.2274528742
1.3395748138 -0.5243530273 0.3391704559 0.1914831996
1.3367328644 -0.5243530273 0.3280143738 0.1541525722
1.3282127380 -0.5231342316 0.3084897995 0.1185717583
1.3125896454 -0.5219173431 0.2805986404 0.0868796110
1.2912864685 -0.5194835663 0.2450361252 0.0610203147
1.2657241821 -0.5170478821 0.2018041611 0.0423550010
1.2358989716 -0.5133953094 0.1543884277 0.0318557620
1.2060756683 -0.5097427368 0.1041831970 0.0297170281
1.1762504578 -0.5048732758 0.0546760559 0.0349666476
1.1506862640 -0.5000038147 0.0093517303 0.0468268991
1.1308040619 -0.4939155579 -0.0296964645 0.0633534789
1.1180229187 -0.4866104126 -0.0596799850 0.0826021433
1.1123409271 -0.4780883789 -0.0778093338 0.1026284695
1.1151809692 -0.4695663452 -0.0840845108 0.1210993528
1.1251239777 -0.4586086273 -0.0764150620 0.1362649202
1.1421661377 -0.4452152252 -0.0554962158 0.1465697885
1.1648883820 -0.4306068420 -0.0241174698 0.1508472562
1.1904525757 -0.4135608673 0.0170221329 0.1489029527
1.2160167694 -0.3928642273 0.0644378662 0.1407368779
1.2401599884 -0.3697319031 0.1153402328 0.1275155544
1.2614631653 -0.3441638947 0.1655454636 0.1100168228
1.2756652832 -0.3161621094 0.2122640610 0.0901849270
1.2841854095 -0.2869415283 0.2520093918 0.0697697401
1.2841854095 -0.2565040588 0.2812957764 0.0509099364
1.2770843506 -0.2272853851 0.2994251251 0.0351610780
1.2643032074 -0.2005004883 0.3050031662 0.0240785480
1.2444210052 -0.1761512756 0.2973327637 0.0184400678
1.2231178284 -0.1566715240 0.2785062790 0.0190233588
1.2003936768 -0.1432781219 0.2485227585 0.0254395604
1.1790904999 -0.1359729767 0.2108688354 0.0369109511
1.1606273651 -0.1371917725 0.1683340073 0.0524653792
1.1464271545 -0.1457138062 0.1237077713 0.0703530312
1.1393260956 -0.1627578735 0.0804758072 0.0888239145
1.1379051208 -0.1846733093 0.0421247482 0.1055449247
1.1421661377 -0.2126750946 0.0100488663 0.1189606190
1.1506862640 -0.2455482483 -0.0122642517 0.1273211241
1.1620483398 -0.2784194946 -0.0255126953 0.1294598579
1.1734104156 -0.3125095367 -0.0269069672 0.1247935295
1.1819305420 -0.3429470062 -0.0192365646 0.1133221388
1.1861915588 -0.3685131073 -0.0018043518 0.0958234072
1.1833515167 -0.3892116547 0.0226001740 0.0732694864
1.1705703735 -0.4013862610 0.0518865585 0.0474101901
1.1478462219 -0.4062557220 0.0832653046 0.0205788016
1.1151809692 -0.4026031494 0.1146430969 -0.0052804947
1.0739955902 -0.3904285431 0.1432323456 -0.0276399851
1.0242881775 -0.3721656799 0.1669397354 -0.0445554256
0.9717407227 -0.3490333557 0.1836748123 -0.0540825129
0.9163532257 -0.3234672546 0.1920423508 -0.0554435253
0.8652248383 -0.2966823578 0.1927394867 -0.0476663113
0.8197784424 -0.2711143494 0.1843719482 -0.0311397314
0.7856941223 -0.2479820251 0.1676368713 -0.0068359375
0.7643909454 -0.2309379578 0.1446266174 0.0238841176
0.7601299286 -0.2199802399 0.1167345047 0.0590760112
0.7714920044 -0.2151107788 0.0846595764 0.0960178375
0.7998962402 -0.2175445557 0.0511894226 0.1321818829
0.8439216614 -0.2260684967 0.0184164047 0.1648462415
0.8993110657 -0.2382431030 -0.0129613876 0.1914831996
0.9646396637 -0.2540702820 -0.0415506363 0.2101485133
1.0328102112 -0.2711143494 -0.0652580261 0.2190923691
1.1009788513 -0.2869415283 -0.0840845108 0.2175369263
1.1634693146 -0.3015518188 -0.0980310440 0.2050933242
1.2160167694 -0.3112926483 -0.1063985825 0.1823449731
1.2529411316 -0.3149452209 -0.1098842621 0.1504583955
1.2728252411 -0.3149452209 -0.1091871262 0.1111834049
1.2742443085 -0.3076400757 -0.1036090851 0.0668532252
1.2572021484 -0.2978992462 -0.0952415466 0.0198010802
1.2231178284 -0.2832889557 -0.0840845108 -0.0272511244
1.1734104156 -0.2686805725 -0.0708360672 -0.0717756748
1.1137619019 -0.2540702820 -0.0554962158 -0.1116338968
1.0484313965 -0.2431125641 -0.0394582748 -0.1446871758
0.9816818237 -0.2358074188 -0.0227231979 -0.1697686911
0.9191932678 -0.2345905304 -0.0045938492 -0.1861008406
0.8666458130 -0.2406768799 0.0135354996 -0.1932947636
0.8268795013 -0.2540702820 0.0309677124 -0.1917393208
0.8027362823 -0.2723331451 0.0483999252 -0.1822122335
0.7970561981 -0.2966823578 0.0651350021 -0.1660745144
0.8084182739 -0.3222484589 0.0804758072 -0.1446871758
0.8368225098 -0.3490333557 0.0930271149 -0.1198000908
0.8794269562 -0.3721656799 0.1034860611 -0.0929685831
0.9319744110 -0.3904285431 0.1104593277 -0.0659427643
0.9902038574 -0.4001693726 0.1139459610 -0.0398890972
1.0484313965 -0.4001693726 0.1132488251 -0.0157797337
1.1038208008 -0.3892116547 0.1083669662 0.0052188039
1.1492671967 -0.3660793304 0.0993022919 0.0231063962
1.1847724915 -0.3319892883 0.0874490738 0.0372998118
1.2046546936 -0.2905941010 0.0721082687 0.0483823419
1.2089157104 -0.2431125641 0.0553731918 0.0565484166
1.1975536346 -0.1931953430 0.0386381149 0.0619924664
1.1734104156 -0.1444950104 0.0226001740 0.0651033521
1.1364841461 -0.1031017303 0.0093517303 0.0666587949
1.0910377502 -0.0714454651 0.0002870560 0.0664643645
1.0399112701 -0.0544013977 -0.0038967133 0.0652977824
0.9887828827 -0.0519657135 -0.0011072159 0.0625757575
0.9419174194 -0.0677947998 0.0093517303 0.0588815808
0.8993110657 -0.1018829346 0.0267839432 0.0534375310
0.8666458130 -0.1518001556 0.0504922867 0.0464380383
0.8439216614 -0.2151107788 0.0811729431 0.0376886725
0.8325614929 -0.2881603241 0.1167345047 0.0268005729
0.8311405182 -0.3672962189 0.1550855637 0.0139681697
0.8382415771 -0.4452152252 0.1955289841 -0.0004196763
0.8538646698 -0.5170478821 0.2345771790 -0.0165574551
0.8737468719 -0.5791397095 0.2708358765 -0.0334728956
0.8950500488 -0.6254043579 0.3022146225 -0.0503883362
0.9163532257 -0.6534061432 0.3266191483 -0.0667204857
0.9333953857 -0.6607112885 0.3433542252 -0.0816916227
0.9475975037 -0.6473197937 0.3517217636 -0.0941351652
0.9546985626 -0.6144466400 0.3503274918 -0.1034678221
0.9575386047 -0.5645294189 0.3398675919 -0.1093007326
0.9561195374 -0.5012207031 0.3210411072 -0.1112450361
0.9504375458 -0.4293880463 0.2952413559 -0.1093007326
0.9447574615 -0.3563385010 0.2645606995 -0.1038566828
0.9390754700 -0.2845077515 0.2296962738 -0.0953017473
0.9376564026 -0.2211971283 0.1927394867 -0.0849969387
0.9390754700 -0.1688461304 0.1564807892 -0.0739144087
0.9475975037 -0.1335391998 0.1216154099 -0.0634151697
0.9617996216 -0.1152763367 0.0909347534 -0.0546658039
0.9831027985 -0.1140594482 0.0651350021 -0.0486384630
1.0086669922 -0.1311035156 0.0456113815 -0.0466941595
1.0384902954 -0.1603240967 0.0330600739 -0.0492217541
1.0683155060 -0.2017173767 0.0274820328 -0.0568045378
1.0981388092 -0.2492008209 0.0288763046 -0.0688592196
1.1222820282 -0.2978992462 0.0372438431 -0.0851913691
1.1393260956 -0.3441638947 0.0518865585 -0.1048288345
1.1478462219 -0.3819065094 0.0714111328 -0.1266051531
1.1450061798 -0.4099082947 0.0965137482 -0.1485757828
1.1322250366 -0.4257354736 0.1244049072 -0.1697686911
1.1095008850 -0.4281711578 0.1550855637 -0.1882395744
1.0782566071 -0.4159965515 0.1878585815 -0.2028218508
1.0413303375 -0.3940811157 0.2206315994 -0.2121545076
1.0001449585 -0.3636436462 0.2527065277 -0.2158486843
0.9603786469 -0.3283367157 0.2826900482 -0.2135155201
0.9248733521 -0.2930297852 0.3091869354 -0.2051550150
0.8964710236 -0.2613754272 0.3321981430 -0.1917393208
0.8780078888 -0.2358074188 0.3496303558 -0.1740461588
0.8737468719 -0.2211971283 0.3600893021 -0.1538254023
0.8808479309 -0.2175445557 0.3635759354 -0.1324380636
0.9021511078 -0.2272853851 0.3586950302 -0.1114394665
0.9348163605 -0.2479820251 0.3447484970 -0.0923852921
0.9774227142 -0.2784194946 0.3224353790 -0.0768308640
1.0257091522 -0.3161621094 0.2924518585 -0.0653594732
1.0768356323 -0.3575572968 0.2541007996 -0.0585544109
1.1279640198 -0.3977336884 0.2101716995 -0.0564156771
1.1748294830 -0.4318237305 0.1613616943 -0.0581655502
1.2117557526 -0.4586086273 0.1104593277 -0.0628318787
1.2401599884 -0.4732189178 0.0602540970 -0.0690536499
1.2543621063 -0.4756526947 0.0128383636 -0.0750809908
1.2572021484 -0.4634780884 -0.0296964645 -0.0789695978
1.2472610474 -0.4379100800 -0.0631666183 -0.0789695978
1.2273769379 -0.4026031494 -0.0875711441 -0.0737199783
1.2003936768 -0.3575572968 -0.1001224518 -0.0622485876
1.1677284241 -0.3088569641 -0.1001224518 -0.0433888435
1.1350650787 -0.2589397430 -0.0875711441 -0.0175296068
1.1023998260 -0.2126750946 -0.0638637543 0.0147458911
1.0768356323 -0.1749324799 -0.0303936005 0.0524653792
1.0569534302 -0.1457138062 0.0100488663 0.0938791037
1.0455913544 -0.1298866272 0.0553731918 0.1364593506
1.0441722870 -0.1274509430 0.1006975174 0.1782619357
1.0498523712 -0.1359729767 0.1432323456 0.2165647745
1.0612144470 -0.1554527283 0.1787939072 0.2490346432
1.0782566071 -0.1834564209 0.2052907944 0.2739217281
1.0938777924 -0.2151107788 0.2206315994 0.2896706462
1.1095008850 -0.2479820251 0.2227230072 0.2951146960
1.1194419861 -0.2772026062 0.2115659714 0.2904483676
1.1222820282 -0.3003349304 0.1885557175 0.2760604620
1.1151809692 -0.3125095367 0.1550855637 0.2533121109
1.0995597839 -0.3149452209 0.1139459610 0.2239531279
1.0754165649 -0.3052043915 0.0700159073 0.1903166175
1.0427513123 -0.2857246399 0.0260868073 0.1549302936
1.0058250427 -0.2577228546 -0.0122642517 0.1205160618
0.9674797058 -0.2248497009 -0.0415506363 0.0896016359
0.9305553436 -0.1895427704 -0.0575876236 0.0643256307
0.9007301331 -0.1578884125 -0.0589828491 0.0460491776
0.8780078888 -0.1323204041 -0.0436420441 0.0361332297
0.8680667877 -0.1177101135 -0.0115671158 0.0345777869
0.8709068298 -0.1164932251 0.0365467072 0.0411884189
0.8879489899 -0.1286678314 0.0965137482 0.0546041131
0.9177722931 -0.1554527283 0.1655454636 0.0736583471
0.9589595795 -0.1956310272 0.2394580841 0.0958234072
1.0086669922 -0.2479820251 0.3112792969 0.1193494797
1.0626335144 -0.3064212799 0.3768243790 0.1419034600
1.1180229187 -0.3685131073 0.4312133789 0.1615409255
1.1677284241 -0.4281711578 0.4695644379 0.1765120625
1.2103347778 -0.4829578400 0.4890880585 0.1858447194
1.2415790558 -0.5267868042 0.4876937866 0.1891500354
1.2586231232 -0.5584430695 0.4653806686 0.1866224408
1.2614631653 -0.5742702484 0.4235429764 0.1790396571
1.2486801147 -0.5742702484 0.3649702072 0.1679571271
1.2245368958 -0.5608768463 0.2945442200 0.1547358632
1.1890316010 -0.5353107452 0.2171449661 0.1417090297
1.1464271545 -0.5012207031 0.1376533508 0.1306264400
1.1023998260 -0.4622612000 0.0623464584 0.1228492260
1.0583744049 -0.4245185852 -0.0025014877 0.1203216314
1.0214481354 -0.3904285431 -0.0534038544 0.1230436563
0.9930438995 -0.3660793304 -0.0861768723 0.1315985918
0.9760017395 -0.3539047241 -0.1001224518 0.1452087760
0.9717407227 -0.3551216125 -0.0938472748 0.1627075076
0.9788417816 -0.3709487915 -0.0680475235 0.1819561124
0.9958839417 -0.4001693726 -0.0269069672 0.2010102868
1.0228691101 -0.4391288757 0.0260868073 0.2173424959
1.0526924133 -0.4841747284 0.0860538483 0.2286194563
1.0839366913 -0.5316581726 0.1481132507 0.2325080633
1.1109218597 -0.5767040253 0.2073822021 0.2276473045
1.1308040619 -0.6144466400 0.2575874329 0.2128705978
1.1421661377 -0.6412315369 0.2966356277 0.1881778836
1.1407451630 -0.6534061432 0.3210411072 0.1545414329
1.1265430450 -0.6485366821 0.3294086456 0.1133221388
1.1009788513 -0.6290569305 0.3217382431 0.0672420859
1.0654754639 -0.5937500000 0.3001222610 0.0190233588
1.0257091522 -0.5462665558 0.2673492432 -0.0276399851
0.9831027985 -0.4914798737 0.2269067764 -0.0692480803
0.9419174194 -0.4342575073 0.1836748123 -0.1023012400
0.9078311920 -0.3794708252 0.1411399841 -0.1242719889
0.8851089478 -0.3332061768 0.1041831970 -0.1326324940
0.8751678467 -0.2991161346 0.0762920380 -0.1264107227
0.8808479309 -0.2820720673 0.0595569611 -0.1052176952
0.9021511078 -0.2820720673 0.0553731918 -0.0704146624
0.9376564026 -0.3015518188 0.0630435944 -0.0239458084
0.9845237732 -0.3380775452 0.0825672150 0.0312724710
1.0399112701 -0.3892116547 0.1104593277 0.0915459394
1.0981388092 -0.4525203705 0.1439294815 0.1522082686
1.1549472809 -0.5194835663 0.1794910431 0.2093707919
1.2060756683 -0.5888805389 0.2129611969 0.2585617304
1.2472610474 -0.6521892548 0.2408523560 0.2964757085
1.2756652832 -0.7057590485 0.2610740662 0.3201962113
1.2912864685 -0.7471542358 0.2708358765 0.3279734254
1.2927074432 -0.7739372253 0.2701387405 0.3196129203
1.2827663422 -0.7848949432 0.2589817047 0.2955035567
1.2657241821 -0.7824611664 0.2401552200 0.2577840090
1.2458400726 -0.7678508759 0.2164478302 0.2095652223
1.2287979126 -0.7471542358 0.1906480789 0.1545414329
1.2216968536 -0.7252388000 0.1669397354 0.0971844196
1.2273769379 -0.7081928253 0.1502046585 0.0415772796
1.2529411316 -0.6984539032 0.1425342560 -0.0078080893
1.3012294769 -0.7045402527 0.1474151611 -0.0472774506
1.3736591339 -0.7264556885 0.1655454636 -0.0743032694
1.4716529846 -0.7690677643 0.1983175278 -0.0869412422
1.5895309448 -0.8299427032 0.2443389893 -0.0849969387
1.7258701324 -0.9102973938 0.3015165329 -0.0690536499
1.8735713959 -1.0052604675 0.3656673431 -0.0412501097
2.0269527435 -1.1124000549 0.4326076508 -0.0043082833
2.1803359985 -1.2244091034 0.4988498688 0.0382719636
2.3251953125 -1.3376350403 0.5595149994 0.0820188522
2.4558544159 -1.4459934235 0.6111145020 0.1228492260
2.5708923340 -1.5446090698 0.6501626968 0.1572634578
2.6646251678 -1.6310501099 0.6752643585 0.1817616820
2.7398967743 -1.7028827667 0.6857242584 0.1942052245
2.7967033386 -1.7613220215 0.6836318970 0.1934275031
2.8378906250 -1.8063697815 0.6703834534 0.1792340875
2.8719749451 -1.8404598236 0.6508598328 0.1529859900
2.9018001556 -1.8684616089 0.6285467148 0.1168218851
2.9358844757 -1.8952465057 0.6090221405 0.0738527775
2.9799098969 -1.9244651794 0.5964708328 0.0279671550
3.0381393433 -1.9597740173 0.5950765610 -0.0171407461
3.1148300171 -2.0036029816 0.6090221405 -0.0573878288
3.2099838257 -2.0583896637 0.6390056610 -0.0894688368
3.3236007690 -2.1241340637 0.6850271225 -0.1106617451
3.4514179230 -2.1971836090 0.7470855713 -0.1190223694
3.5891780853 -2.2751035690 0.8216962814 -0.1139671803
3.7283592224 -2.3518047333 0.9053707123 -0.0960794687
3.8618583679 -2.4236373901 0.9925317764 -0.0669149160
3.9825744629 -2.4820766449 1.0782985687 -0.0290009975
4.0848293304 -2.5234708786 1.1577901840 0.0147458911
4.1615200043 -2.5441684723 1.2261247635 0.0604370236
4.2098083496 -2.5405158997 1.2798156738 0.1045727730
4.2296905518 -2.5137310028 1.3174695969 0.1438477635
4.2240104675 -2.4650316238 1.3383884430 0.1753454804
4.1970252991 -2.3992872238 1.3439664841 0.1971216798
4.1572608948 -2.3238029480 1.3369941711 0.2082042098
4.1118144989 -2.2471008301 1.3223505020 0.2085930705
4.0734691620 -2.1764869690 1.3035240173 0.1996492743
4.0507450104 -2.1229171753 1.2874860764 0.1835115552
4.0507450104 -2.0924797058 1.2777242661 0.1627075076
4.0819892883 -2.0924797058 1.2791185379 0.1407368779
4.1473197937 -2.1265697479 1.2951564789 0.1207104921
4.2467327118 -2.1947479248 1.3258371353 0.1057393551
4.3773918152 -2.2970180511 1.3718585968 0.0985454321
4.5321941376 -2.4248542786 1.4311285019 0.1006841660
4.7026195526 -2.5709533691 1.4987649918 0.1127388477
4.8773040771 -2.7255744934 1.5705862045 0.1347094774
5.0434684753 -2.8777608871 1.6410131454 0.1646518111
5.1911697388 -3.0153369904 1.7044658661 0.2000381351
5.3104667664 -3.1297807693 1.7560653687 0.2379521132
5.3956794739 -3.2125701904 1.7923250198 0.2745050192
5.4453868866 -3.2600526810 1.8125457764 0.3054195046
5.4610080719 -3.2734451294 1.8167295456 0.3273901343
5.4524879456 -3.2564001083 1.8090600967 0.3369172215
5.4340248108 -3.2198753357 1.7958116531 0.3320564628
5.4212417603 -3.1760454178 1.7853517532 0.3114468455
5.4368648529 -3.1431732178 1.7874441147 0.2754771709
5.5036144257 -3.1395206451 1.8146381378 0.2255085707
5.6442146301 -3.1833505630 1.8766965866 0.1644573808
5.8799686432 -3.2953596115 1.9847774506 0.0962122679
6.2293395996 -3.4889402390 2.1486406326 0.0254395604
6.7022666931 -3.7762680054 2.3738656044 -0.0428055525
7.3044338226 -4.1634302139 2.6639385223 -0.1030789614
8.0344190598 -4.6516437531 3.0174646378 -0.1505200863
8.8808612823 -5.2323865891 3.4316558838 -0.1812400818
9.8281383514 -5.8947010040 3.8981432915 -0.1921281815
10.8506851196 -6.6191072464 4.4050736427 -0.1814345121
11.9200992584 -7.3849086761 4.9398956299 -0.1487702131
13.0037155151 -8.1641016006 5.4872689247 -0.0956906080
14.0702896118 -8.9335556030 6.0325508118 -0.0245290995
15.0885763168 -9.6664848328 6.5604000092 0.0606314540
16.0315933228 -10.3409748077 7.0582656860 0.1551247239
16.8766136169 -10.9424142838 7.5177803040 0.2537009716
17.6094398499 -11.4574127197 7.9312734604 0.3507217765
18.2243881226 -11.8823165894 8.2959566116 0.4413264394
18.7243003845 -12.2195606232 8.6146183014 0.5208485126
19.1162776947 -12.4788866043 8.8907461166 0.5857882500
19.4202003479 -12.6736850739 9.1334028244 0.6340070963
19.6559543610 -12.8246536255 9.3516550064 0.6643382311
19.8476829529 -12.9500551224 9.5573558807 0.6771706343
20.0223674774 -13.0718040466 9.7609653473 0.6742541790
20.2027339935 -13.2105979919 9.9722442627 0.6577275991
20.4072437286 -13.3822641373 10.1988639832 0.6314795017
20.6529388428 -13.5965423584 10.4436130524 0.5992040038
20.9469203949 -13.8583030701 10.7099781036 0.5647897720
21.2891902924 -14.1687622070 10.9944725037 0.5317366123
21.6754856110 -14.5181818008 11.2915182114 0.5033497810
22.0944461823 -14.8943862915 11.5927476883 0.4817679524
22.5276088715 -15.2827663422 11.8890962601 0.4687411189
22.9607715607 -15.6650581360 12.1687107086 0.4644636512
23.3726310730 -16.0229988098 12.4232215881 0.4685466886
23.7532463074 -16.3431987762 12.6456575394 0.4796292186
24.0884132385 -16.6147003174 12.8297424316 0.4961558282
24.3752956390 -16.8326301575 12.9761734009 0.5155988932
24.6167297363 -17.0006446838 13.0891342163 0.5360140800
24.8255004883 -17.1284809113 13.1755981445 0.5554571152
25.0186481476 -17.2307491302 13.2481164932 0.5725669861
25.2217369080 -17.3318004608 13.3213319778 0.5861771107
25.4617519379 -17.4559860229 13.4126777649 0.5964819789
25.7656764984 -17.6313037872 13.5381898880 0.6040647626
26.1633338928 -17.8808898926 13.7139072418 0.6106753945
26.6746063232 -18.2266559601 13.9502887726 0.6178693175
27.3122787476 -18.6819972992 14.2557020187 0.6283685565
28.0777702332 -19.2542171478 14.6301469803 0.6443119049
28.9597167969 -19.9335765839 15.0680456161 0.6680324078
29.9368171692 -20.7042484283 15.5561494827 0.7010855675
30.9707260132 -21.5370121002 16.0735397339 0.7446380258
32.0131568909 -22.3929061890 16.5937175751 0.7984952927
33.0101394653 -23.2281055450 17.0874004364 0.8624628782
33.8991889954 -23.9902534485 17.5211143494 0.9344022274
34.6192321777 -24.6306533813 17.8627872467 1.0117855072
35.1134643555 -25.1030387878 18.0817375183 1.0918909311
35.3364334106 -25.3672351837 18.1535568237 1.1714129448
35.2526435852 -25.3976726532 18.0608177185 1.2466576099
34.8464660645 -25.1785240173 17.7965450287 1.3149026632
34.1235809326 -24.7170944214 17.3628311157 1.3740096092
33.1095542908 -24.0316486359 16.7743167877 1.4222283363
31.8498325348 -23.1635780334 16.0561065674 1.4599478245
30.4125862122 -22.1652374268 15.2430658340 1.4877514839
28.8801841736 -21.1048030853 14.3784255981 1.5083611012
27.3449440002 -20.0577621460 13.5102977753 1.5252765417
25.9062767029 -19.1020317078 12.6909809113 1.5425808430
24.6635971069 -18.3167514801 11.9692850113 1.5653291941
23.7077999115 -17.7737503052 11.3926258087 1.5985767841
23.1141529083 -17.5278167725 11.0000505447 1.6471843719
22.9451484680 -17.6239986420 10.8194522858 1.7148462534
23.2277698517 -18.0829925537 10.8689603806 1.8044786453
23.9747982025 -18.9060153961 11.1513633728 1.9176373482
25.1649284363 -20.0711536407 11.6568984985 2.0541274548
26.7527179718 -21.5357933044 12.3611621857 2.2120051384
28.6628932953 -23.2366275787 13.2285919189 2.3873815536
30.8059825897 -25.0969524384 14.2152595520 2.5752012730
33.0740509033 -27.0278911591 15.2674713135 2.7688541412
35.3534774780 -28.9369163513 16.3301429749 2.9611458778
37.5263900757 -30.7327117920 17.3474903107 3.1446883678
39.4848556519 -32.3288421631 18.2672157288 3.3118984699
41.1294517517 -33.6534729004 19.0426025391 3.4561660290
