46.7147 -38.7691 22.0499 3.85144
46.9334 -37.0327 21.7758 4.25017
44.3084 -36.3086 20.6099 3.67598
42.4295 -34.9982 20.0516 3.67878
40.0038 -33.4297 19.1677 3.58656
39.2772 -32.5114 17.4234 3.21883
37.6209 -31.0232 17.544 3.62717
35.4608 -29.9233 16.4864 3.21603
34.2225 -28.0704 16.1161 2.91614
33.0038 -26.9429 15.187 2.99636
31.867 -26.2865 15.3807 3.09299
30.6444 -25.4608 14.9258 3.38929
29.6913 -24.1918 14.1875 2.38277
28.6913 -23.3061 12.8608 3.23924
28.4334 -22.6521 13.188 2.1945
27.7694 -22.2425 12.393 2.36456
26.0428 -21.0511 12.2029 2.50861
25.867 -21.1187 12.0867 2.56042
24.0936 -19.2283 11.9611 2.30674
23.1131 -19.1782 10.5024 1.71955
22.5506 -17.6649 10.6302 2.34856
21.8397 -17.4469 9.84235 1.48727
20.4022 -16.5562 9.08249 1.18698
19.7069 -15.6128 9.56467 1.34863
18.3319 -14.9075 8.41235 2.13368
17.4803 -14.583 7.93951 0.243873
17.4413 -14.3801 8.80484 1.42705
17.0975 -13.8414 7.95386 1.03713
16.4178 -13.3628 8.27817 1.25861
16.3553 -13.5583 7.17108 1.09135
16.2889 -13.3516 7.63889 0.901084
15.4764 -12.5937 8.00052 1.11735
16.3944 -13.6034 7.70059 1.09455
17.1444 -13.6385 7.62598 1.11776
17.2616 -14.345 8.10312 1.5731
17.1678 -13.7049 8.36499 1.31742
18.4452 -14.003 7.63818 1.45607
18.5116 -14.6695 7.69772 1.2402
18.7303 -15.2909 8.46259 1.73296
19.078 -15.1831 7.93738 1.30902
19.5038 -15.1317 8.12894 1.75376
20.2459 -15.3723 7.48392 1.62912
20.7811 -14.91 7.37128 1.13536
21.8358 -14.4252 6.81305 1.33843
23.2928 -12.7052 6.64301 1.70415
25.5584 -11.9435 5.73535 0.742836
27.1913 -11.8996 6.07043 0.0638194
27.4022 -11.4975 6.28928 -0.0698247
27.1248 -10.7884 5.45697 -0.755242
26.8241 -9.89395 5.7002 -1.19579
26.6522 -9.64963 5.45123 -0.938508
25.3788 -9.90018 5.10181 -1.31802
25.5897 -8.67374 4.95831 -0.58799
24.8163 -8.48209 4.82269 -1.5603
23.8788 -8.46701 4.36996 -1.14737
22.8241 -7.99722 4.45679 -0.947106
22.9608 -7.94089 4.74664 -1.5559
21.7616 -8.60104 4.05356 -1.96423
21.6209 -7.90451 4.20493 -2.30515
21.035 -7.74796 4.52853 -1.93022
20.2538 -7.76676 3.92368 -1.07175
20.4334 -6.75199 4.4245 -1.40425
19.6053 -7.18167 4.77606 -1.42706
18.3788 -6.8422 3.90933 -0.113442
18.5116 -6.80081 4.13248 -0.434342
17.7538 -6.8635 4.91812 -0.717431
17.4334 -5.98654 4.07364 -0.125046
17.0663 -5.81992 4.8844 0.930297
16.9881 -5.66208 4.26019 0.913688
16.6756 -5.83743 4.67563 1.10776
16.7225 -4.80393 3.87704 0.997116
16.5663 -5.11459 3.18896 0.0100016
15.0038 -4.83145 3.40994 -0.476754
14.9647 -4.43186 3.5929 0.59439
14.1131 -3.77915 2.61926 -0.0764241
14.66 -4.22891 3.08563 0.22647
13.3163 -3.5875 3.14377 0.390922
13.5506 -3.66391 2.58698 0.222869
12.9413 -2.92349 1.8501 0.292289
12.3983 -3.22666 1.95126 0.560577
11.9178 -2.80448 2.06677 0.777847
11.4569 -2.5665 0.688477 -0.627007
11.7147 -2.16806 2.14786 -0.657212
12.0077 -2.17935 2.34732 0.397125
11.4491 -2.66544 0.993408 0.106834
11.2381 -1.69956 1.56381 -0.433739
10.5506 -2.41239 1.72238 -0.598992
10.8788 -1.76218 2.02875 0.147842
10.0311 -1.81229 1.95056 0.139045
10.66 -1.99021 1.39307 -0.173455
9.61313 -1.61936 1.66428 -0.271088
9.95688 -1.4252 1.79556 0.786254
9.99594 -1.64194 1.47485 0.660408
9.10922 -2.05411 2.18948 0.836463
9.52719 -1.95139 2.0553 0.633804
9.40219 -2.4437 1.7554 -0.0850301
9.17953 -1.78476 1.38373 0.490356
9.39438 -2.31845 2.53674 0.451339
9.47641 -1.87869 1.93045 0.507965
9.535 -2.46121 2.36313 -0.00660755
9.23813 -1.9263 1.97781 0.587188
8.48813 -1.49033 1.79486 0.692619
8.73813 -1.9614 0.869293 0.521766
9.19125 -2.36478 1.55164 0.986717
9.14438 -2.9661 1.37296 1.10976
8.91391 -1.85489 1.01422 0.119834
9.47641 -2.35977 1.67001 0.497955
9.73422 -1.4603 1.67862 0.781852
10.0545 -1.78098 1.25601 0.0772242
10.7616 -0.609651 1.17422 0.372917
10.3631 -0.833894 1.55307 1.52569
11.2225 -0.81888 1.15198 0.656806
11.2147 -0.853914 0.499756 1.12996
11.3788 -0.396699 0.684174 0.0342097
11.0702 -1.65195 1.43179 0.934898
11.2928 -0.9003 1.03717 -0.396729
11.7889 -0.726167 1.13977 -0.046021
11.1834 -1.19095 0.628906 0.373115
11.2225 -0.630952 1.22659 0.624801
11.1131 -1.4039 1.48993 -0.0880285
10.7303 -0.386629 0.656189 -0.425538
11.2459 -0.663484 0.963287 0.339706
11.3006 -1.73087 0.500488 0.0298075
11.2577 -1.17587 1.00275 -0.14605
11.4803 -1.4202 1.40668 0.0442118
11.078 -0.956636 0.138855 -0.472153
10.5741 -1.47653 0.961853 -0.147454
11.5975 -0.652254 0.536346 0.0167994
11.2772 -0.158662 0.572235 0.158851
10.9764 -0.637178 0.0778809 -0.506569
10.9217 -1.21848 0.796082 -0.841874
11.7225 -0.00204607 0.0326843 -0.419938
11.1288 -0.275178 -0.533447 0.0208049
11.0155 0.0317674 0.384979 -0.18306
11.2459 -0.149873 0.255096 -0.12584
12.0428 -0.982942 0.0678406 0.018806
12.1327 -0.890291 -0.69989 0.13224
12.3514 -0.379121 0.0785828 -0.269288
11.0506 -0.802583 0.0247803 -0.600197
12.1639 -0.672273 -0.0247192 -0.544777
11.5272 -0.344026 0.399323 0.0284037
11.8006 0.30612 -0.167511 -0.20607
11.2967 0.507842 -0.432251 0.705024
11.6834 -0.456819 -0.421509 -0.0322118
12.0428 -0.2576 0.372772 0.23487
12.367 0.0981737 -0.193329 0.372917
11.8241 0.0643602 0.110168 -0.092629
11.742 0.0543504 -0.0871582 -0.447144
11.5467 1.14426 -0.528412 -0.387925
11.3631 0.430144 -0.78241 0.236274
11.3631 0.86862 -0.602325 0.371116
10.6288 0.755889 -0.676941 0.385322
10.5038 0.252287 -0.208405 0.219871
10.7928 0.837309 0.222809 0.147842
10.5272 -0.354097 -0.577209 0.468749
10.3983 -0.433015 -0.53775 0.810256
9.39828 0.288603 -0.426514 -0.217873
9.67563 0.141997 -0.626709 -0.20427
9.48032 0.431426 -0.681946 0.605995
8.89047 0.601775 0.144592 -0.344513
9.60532 0.273589 -0.455231 0.143043
9.54282 0.283598 -0.308136 0.0886225
8.91 0.679473 -0.500427 -0.584992
8.36313 0.372527 -0.92807 0.268684
8.29282 0.382536 -0.27298 0.626602
7.785 -0.16617 -0.633179 -0.0464177
7.83969 -0.228792 -0.955322 -0.0820317
9.17172 -0.831392 -0.876404 0.924293
7.55063 -0.0170607 -0.62384 -0.257889
8.24985 0.45645 -0.0842896 -4.98653e-07
7.8475 0.106963 -0.514771 -0.316308
7.64438 -0.529451 -0.540619 -0.033814
7.64047 0.679473 -0.988342 0.229469
6.89438 -0.118562 -0.574341 0.0316081
6.91391 0.566741 -1.24661 0.0746226
7.69125 0.371306 -0.874237 -0.188263
6.92953 -0.273897 -0.322479 0.47055
7.16 0.123259 -0.41864 -0.32811
6.26157 -0.0371413 -1.04071 0.714027
6.71469 0.13449 -0.284454 0.438941
7.06625 0.113188 -0.872101 0.226074
6.67563 0.178374 -0.910126 -0.495362
6.27328 0.378813 -0.729309 0.208465
7.07016 0.0392747 -0.550659 0.162452
6.61313 0.350005 -1.16339 0.589988
5.87094 0.267302 -0.852722 0.469352
6.56625 0.609282 -0.0763855 0.620399
6.77719 0.693266 -0.976135 0.474349
6.55844 0.78842 -0.574341 0.385719
6.95688 0.40634 -1.31479 0.975914
7.08969 0.683196 -0.879974 0.354911
6.285 1.22317 -0.13736 0.17205
6.37875 0.360014 -0.995514 0.51036
6.93344 0.0117479 -0.354065 0.0566172
6.3436 1.17929 -1.01129 0.874877
6.12875 1.45871 -0.209106 1.06634
5.7225 1.41611 -0.68338 0.0810237
5.45688 0.997649 -0.743652 0.489158
6.26938 1.06656 -0.453064 0.196258
5.69907 1.55264 -0.63031 0.163253
5.66 2.27926 -0.561401 0.405929
5.8475 0.822295 -0.522675 0.395126
5.3475 1.02524 -0.348328 0.602592
5.60532 1.01022 -0.0340576 -0.124642
6.00375 1.23068 -0.331085 0.980514
5.99594 1.07284 -0.573608 0.80886
5.96469 0.735808 -0.222046 0.154449
5.44907 0.903716 -0.413605 0.641807
5.00766 0.679473 -0.509033 0.529365
4.39438 0.584258 -0.290192 1.15937
4.26157 1.15805 -0.148132 1.19798
5.30063 1.22067 -0.233521 0.428138
4.8475 1.79819 0.664795 0.579986
4.71469 1.33218 -0.275146 0.630599
4.16782 1.45492 0.0900879 0.975112
4.62094 1.61154 -0.417908 0.816261
4.91 0.945036 -0.449493 0.540969
4.58578 0.722075 -0.449493 0.43354
4.55063 1.15048 0.00326538 1.16757
4.10532 1.33969 0.323975 0.776649
4.48032 1.3284 -0.340424 1.33303
4.13657 1.36972 0.190521 0.736038
3.4725 0.353728 -0.277283 1.10275
4.46469 1.06405 0.0247803 1.14937
4.51938 0.441435 0.341187 1.17477
3.57797 0.577971 0.337616 1.35263
3.89828 0.594267 -0.185455 1.04574
4.04282 0.312407 0.875031 1.2548
3.29282 0.664397 0.344788 0.500961
3.71469 0.643157 0.276611 0.247474
4.00375 0.200896 0.547852 0.674018
3.9725 0.871123 0.22998 0.355911
3.56625 1.48251 0.493317 0.86708
3.74203 0.625578 1.05511 0.849472
3.39438 0.562956 0.364166 0.583984
3.30844 0.898711 1.25171 0.0234065
3.08188 0.287322 -0.110107 0.74784
3.38657 0.476531 0.503357 0.701225
2.58969 1.02896 1.00919 0.651809
2.64828 0.644377 1.16202 1.59311
3.08969 0.849822 0.811157 -0.101235
4.33188 0.947539 0.970459 -0.38733
3.63657 0.671965 0.803284 0.21627
3.49985 0.218413 1.23019 1.01713
2.93344 0.267302 0.721466 1.08195
3.23813 0.802214 0.494019 0.204666
3.72641 0.015471 0.830536 0.38832
3.19125 0.665679 0.145325 0.336509
3.29672 0.413847 0.304596 0.0552134
3.04672 0.507842 1.0838 0.611991
2.71469 0.982634 0.637512 1.28501
2.85922 0.288603 0.745148 0.853874
2.75375 1.23569 -0.376312 0.611793
2.67563 0.802214 0.623901 0.432136
2.50766 0.113188 0.607391 0.0676188
3.21469 0.287322 1.24884 -0.0200124
3.0975 1.03653 0.791077 0.478553
3.285 0.539153 0.538513 0.457748
2.93344 1.01773 0.733673 -0.176056
2.16782 0.650664 0.987671 -0.263291
3.07407 0.0881639 0.239319 0.281089
3.22641 0.367522 0.376343 0.48455
2.45688 0.152068 0.588013 0.100631
2.3475 0.0430589 0.249359 -0.134247
2.83578 0.613066 -0.188324 0.572181
2.21469 0.494048 0.587311 0.310699
2.44907 -0.060945 0.551422 -0.0204091
2.49985 1.25827 0.482544 0.525367
2.30844 0.179595 0.480408 0.329505
2.73813 0.0781541 0.390717 -0.0682225
2.08188 0.208403 0.652588 0.920494
2.42953 -0.163667 0.521301 0.142646
2.37875 1.25949 0.90802 0.674415
2.3436 0.40634 0.479675 0.10363
2.2186 0.179595 0.317535 0.25988
2.01938 -0.298982 0.115906 0.515563
1.36703 0.472746 0.0972595 0.086822
1.94907 -0.134859 0.797516 0.661811
2.23032 0.514067 0.532043 0.48455
2.05844 0.532866 0.749451 0.661209
1.49594 0.525359 1.08453 0.0262065
2.48032 0.689482 -0.006073 0.0602183
1.72641 1.28457 0.951782 -0.0892339
1.65219 0.53665 0.738708 0.133438
1.05844 0.347502 1.17853 0.102233
1.62485 0.961333 0.793213 0.0350108
0.878753 0.794707 0.994141 -0.292496
1.91 -0.16739 0.0778809 0.604995
1.41 -0.0371413 1.22446 -0.266892
0.894378 -0.271394 0.551422 0.328506
1.48813 1.07657 0.247925 -0.290894
1.61313 1.17178 0.971161 0.440338
0.941253 0.501555 0.113739 0.100227
1.7225 0.775908 0.824066 0.186859
0.855316 0.713286 0.128113 0.538169
0.660003 0.346221 0.648285 -0.208069
1.69907 -0.00833269 -0.108673 0.630401
1.19516 0.695769 0.576538 0.159248
1.41782 0.952544 -0.000335693 -0.179459
0.300628 0.86862 -0.0663452 -0.449547
1.48032 -0.0120558 0.171143 0.590591
0.722503 0.82852 0.344055 0.522567
0.937347 0.45645 -0.351196 -0.0524221
0.706878 0.091887 0.699219 0.738235
0.847503 0.381316 0.148926 -0.028008
0.660003 -0.0258498 0.420837 0.656211
1.69907 0.975127 0.524872 -0.0642247
0.652191 0.933745 0.0828857 0.488555
0.140472 -0.34781 0.435181 0.586784
1.3475 0.162077 -0.469574 0.24588
0.667816 0.859831 -0.368408 0.393127
1.10532 0.433928 0.306763 0.0462107
0.874847 0.769682 0.0879211 -0.353318
1.37094 1.09164 -0.00463867 0.0630183
0.788909 0.101958 0.224976 -0.124245
0.535003 0.552947 -0.15387 0.892684
0.464691 -0.450532 -0.319611 -0.813263
0.738128 0.41635 0.0893555 0.0640178
0.183441 0.326201 0.380676 0.625396
0.800628 0.566741 -0.555664 0.497955
0.831878 0.351225 0.682739 0.216064
1.15219 0.567961 -0.0326233 -0.0192113
0.449066 1.07034 -0.483917 -1.15357
0.917816 0.0255418 0.397156 -0.32631
0.652191 0.540373 -0.261505 -0.256287
0.609222 0.343718 -0.572906 0.375518
0.480316 0.474028 0.147461 0.419929
0.296722 0.745879 0.31897 -0.0360112
0.331878 0.587981 -0.254333 -0.245682
0.777191 -0.302705 0.172577 -0.352318
-0.0978094 -0.114778 0.250092 0.0288081
0.421722 -0.788789 0.304596 0.0134043
1.14828 -0.253877 0.0527649 0.0934291
-0.00405944 0.474028 -0.272247 -0.0232091
0.183441 0.505339 0.223541 -0.084229
-0.851716 0.402617 0.022644 0.142646
-0.0353094 0.0806566 0.00613403 -0.207871
0.894378 0.235991 -0.427948 0.541572
0.331878 0.482756 0.101562 -0.0176091
0.347503 -0.118562 0.00900269 -0.455552
0.0193781 0.244719 -0.268677 -0.748246
0.175628 -0.379121 -0.0971985 0.133438
-0.664216 -0.101045 -0.34259 -0.154053
-0.0978094 0.500334 -0.50116 -0.172059
0.738128 -0.480623 0.78891 0.142646
0.476409 0.609282 0.215637 -0.223877
0.253753 -0.0195632 -0.140961 0.0826258
-0.0196844 0.660674 -0.134491 -0.409936
0.0818781 0.403838 -0.246429 0.16645
0.570159 -0.152376 0.462463 0.151443
-0.117341 -0.390413 0.256531 0.44654
-0.0509344 -0.162385 0.347656 0.0356059
-0.0118719 -0.277681 0.187653 0.443138
0.0623468 -0.16739 -0.220612 -0.0240102
0.120941 -0.564546 -0.0555725 0.284088
0.339691 -0.494417 -0.0591736 0.162452
0.222503 0.029265 -0.773804 -0.360322
0.0975031 -0.0346388 0.605957 -0.340912
-0.0353094 -0.11728 0.544983 -0.209069
0.0818781 0.339934 -0.00820923 -0.592797
-0.332184 0.213408 -0.00177002 0.542572
-0.101716 -0.714876 0.854218 -0.028008
0.410003 -0.505647 0.022644 0.117439
-0.547028 -0.0396437 0.473206 -0.108437
-0.316559 -0.0208449 -0.617371 -1.19019
0.503753 0.740874 0.607391 -0.692429
0.269378 -0.00332781 0.472504 -0.291894
0.0428156 0.200896 -0.184723 0.206466
0.144378 -0.0521559 -0.133057 -0.514367
0.308441 -0.271394 0.303162 -0.597794
-0.500153 0.843596 0.0513306 -0.58059
0.0428156 -0.411714 0.197693 0.154045
-0.152497 0.560454 0.118774 -0.11364
-0.242341 -0.39792 -0.489655 0.231674
0.620941 -0.26761 0.196991 -0.000198863
-0.535309 0.400115 -0.0175476 -0.129647
0.288909 -0.273897 -0.509766 0.0230021
-0.0587469 -0.0095534 0.21637 0.295494
0.0271906 -0.0759596 -0.585815 0.0250087
-0.199372 0.00546125 0.284515 0.0872264
-0.558747 -0.445528 -1.45972 -0.219475
-0.105622 -0.16617 -0.351898 0.115638
-0.386872 0.179595 -0.280884 0.46775
-0.132966 0.695769 -0.193329 -0.161454
-0.0821844 0.0142503 0.0183105 0.0113978
-0.461091 -0.202486 -0.0383606 -0.231675
-0.261872 -0.228792 0.129547 0.463348
-0.457184 0.45645 -0.185455 0.380119
-0.480622 -0.0997634 0.0943909 0.0422129
0.445159 -0.565767 0.052063 -0.293297
-0.0196844 0.244719 -0.27298 -0.170456
0.410003 -0.341524 0.0857849 0.194664
0.00375306 0.152068 -0.0727844 0.448142
0.386566 -0.194978 0.618164 0.437736
0.0506281 0.615569 -0.310303 -0.601395
0.0271906 0.267302 0.190521 0.697425
-0.308747 0.0568529 -0.587952 -0.215271
-0.113434 0.412627 0.599487 0.102027
-0.324372 0.00173811 0.139587 0.448341
0.410003 -0.305208 0.29599 0.128639
-0.0782782 -0.476839 0.613129 0.327507
0.855316 -0.142366 0.514832 0.262084
-0.316559 0.197112 -0.237823 0.474151
-0.675934 0.412627 -0.0570068 0.0172038
-0.675934 -0.42801 0.806152 -0.0802312
-0.543122 -0.875215 0.180481 -0.27089
-0.191559 0.294829 -0.0770874 0.230072
-0.152497 0.322417 0.207031 -0.58619
-0.152497 -0.233797 0.0348206 0.210868
0.128753 0.709502 0.148926 -0.430344
-0.160309 0.120696 0.541382 -0.206872
-0.297028 0.398833 0.204865 -0.110436
-0.00405944 -0.513154 -0.402832 -1.21039
0.0154718 0.0467821 -0.022583 0.530967
-0.00405944 0.252287 -0.129486 -0.293297
-0.363434 -0.0897536 0.0735779 -0.161255
-0.660309 0.123259 -0.0527039 -0.025414
0.452972 0.225981 -0.156738 0.35691
-0.203278 0.234709 -0.657562 -0.122445
0.144378 -0.298982 -0.18689 -0.0364156
0.0935968 -0.214998 -0.796051 0.169052
-0.0235907 -0.0584426 0.5177 -0.551178
0.00375306 0.200896 -0.393524 0.0980296
-0.144684 -0.144868 0.126678 -0.110039
-0.242341 -0.141084 0.0477295 -0.0698247
0.109222 0.398833 0.542114 -0.419938
0.402191 0.552947 0.368469 -0.130242
0.343597 0.0355516 0.204865 -0.442948
0.495941 -0.313997 -0.176819 -0.430741
-0.464997 0.412627 -0.340424 -0.277894
-0.355622 0.111968 -0.249298 -0.132844
-0.250153 -0.655977 -0.735046 0.373916
-0.363434 0.552947 -0.109375 -0.629403
-0.0665594 0.0255418 0.649719 -0.150048
0.191253 -0.142366 0.830536 0.247879
-0.0274969 0.228484 0.344788 -0.105439
-0.000153186 -0.179964 -0.333954 -0.498162
-0.425934 0.150786 -0.53775 -0.531373
-0.691559 0.0192552 -0.591553 -0.120842
-0.0274969 0.619353 -0.168945 0.294296
0.394378 -0.366609 0.159668 -0.0318151
-0.0431219 -0.673555 -0.477478 -0.662217
0.753753 -0.25638 0.619598 0.0248027
0.183441 -0.029634 0.170441 -0.216271
0.324066 0.474028 0.304596 -0.496163
-0.714997 0.403838 0.189087 0.383117
-0.429841 -0.288911 0.275909 -0.851876
0.331878 -0.443025 -0.562836 0.0190043
0.0350031 -0.0233473 0.392853 0.356315
-0.246247 -0.132356 0.03125 -0.0534215
0.339691 0.141997 0.410095 -0.133446
0.480316 0.12448 0.156799 -0.254281
0.0818781 -0.392915 0.19986 0.305892
0.0818781 0.40634 0.42514 -0.202866
-0.0743719 -0.149873 -0.569305 0.139244
-0.0743719 0.173369 -0.565002 0.26268
-0.238434 -0.0997634 0.201996 0.351112
0.136566 -0.0521559 -0.357635 0.313896
-0.496247 -0.127351 0.03125 0.281692
-0.359528 0.21469 0.553589 0.397727
0.245941 0.360014 0.343353 0.138443
-0.371247 0.2247 -0.434418 0.466751
0.468597 -0.101045 0.161102 0.103828
0.374847 -0.281404 -0.0814209 0.761039
0.347503 -0.521944 -1.24591 0.289489
0.199066 0.158293 -0.945984 -0.21167
-0.429841 -0.00833269 -0.261505 -0.0398183
-0.363434 -0.238801 -0.273682 0.292091
0.699066 -0.193696 -0.556396 0.272682
0.503753 -0.481843 -0.191895 0.164848
-0.0431219 0.591765 -0.00177002 0.184455
0.0506281 -0.238801 0.202728 0.198463
0.718597 0.00424055 0.153931 -0.0652242
0.714691 0.57675 -0.0304565 -0.56218
-0.0743719 0.274809 0.00756836 0.301895
0.304534 0.531645 0.608124 -0.196465
0.183441 0.297392 0.24649 -0.105637
0.449066 0.228484 -0.0498352 -0.504769
-0.418122 -0.402925 0.295288 0.761444
0.0662531 0.140776 0.801117 -0.194664
0.0975031 0.437651 0.59375 0.10363
0.378753 -0.208772 0.516998 0.174453
0.163909 -0.0934767 0.0864868 0.900085
0.0232843 -0.375398 -0.283752 -0.0658269
-0.0470282 -0.344026 -0.0921631 -0.0716253
0.386566 -0.435518 0.219238 0.0742183
0.0350031 0.361235 -0.862762 -0.311905
-0.289216 0.323699 0.97403 0.331108
0.343597 0.152068 -0.394958 0.409728
0.253753 0.0881639 -0.318176 -0.193268
-0.0509344 -0.111055 -0.457367 0.129035
-0.105622 0.284819 -0.301666 0.108634
0.859222 0.363738 -0.183289 -0.134247
-0.0235907 -0.382905 -0.313171 -0.0896306
0.460784 -0.300203 -0.201233 0.75724
0.277191 -0.320222 -0.010376 0.147048
-0.949372 0.13449 0.387848 0.016006
-0.0939032 0.246001 -0.0232849 0.745437
0.113128 0.368742 -0.363373 -0.081429
-0.718903 0.78842 -0.45163 -0.189065
0.128753 -0.642244 -0.203369 0.0782237
-0.000153186 -0.371614 -0.215576 0.239875
-0.0431219 0.55667 -0.287323 0.473548
0.148284 -0.218782 0.400757 0.0282054
0.242034 0.0430589 -0.303833 0.350913
0.425628 0.279814 -0.0447998 -0.198266
0.480316 0.412627 -0.113708 0.355514
0.308441 0.248503 -0.411469 0.13504
0.499847 -0.491853 0.265137 -0.000404857
-0.0978094 -0.029634 -0.502594 0.0522151
-0.214997 -0.029634 0.679138 0.254676
0.152191 -0.431734 -0.0778198 -0.387124
0.468597 -0.602144 -0.117279 -0.105835
0.175628 -0.0721755 0.485413 -1.01073
1.01547 -0.499422 0.180481 -1.11776
0.605316 0.123259 0.01474 0.148246
0.230316 0.252287 0.455994 -0.084229
0.355316 -0.282686 -0.322479 -0.0404134
-0.00796569 0.421416 0.102997 0.339309
0.519378 -0.0195632 -0.143127 0.432334
1.07407 0.169585 -0.0189819 -0.339509
0.253753 -0.0446486 -0.240692 -0.405732
-0.00796569 -0.238801 0.238586 0.252876
0.472503 0.472746 0.532043 0.0696177
-0.269684 -0.189973 -0.193329 0.0382075
0.378753 -0.300203 -0.225616 0.473747
0.652191 -0.582063 0.392151 0.426338
-0.0978094 -0.331514 0.598785 -0.366524
0.538909 0.0505662 -0.0663452 0.428733
0.441253 1.09537 0.351257 0.483551
0.101409 0.0743699 -0.107239 0.146842
0.370941 0.0530687 0.0541992 -0.246682
0.245941 -0.101045 0.129547 0.366516
0.0975031 0.239714 0.275909 -0.238076
1.0975 0.189604 -0.0125122 0.0616145
-0.0431219 0.0630784 0.234283 -0.374726
0.503753 -0.505647 0.323975 0.165649
0.292816 -0.42801 -0.354065 0.868881
0.527191 -0.0195632 -0.228485 -0.0752263
-0.246247 -0.35782 0.5672 0.786254
-0.281403 -0.48813 -0.0275879 -0.0348134
0.288909 -0.0659499 -0.227783 -0.389329
0.222503 0.818511 -0.362671 0.324501
-0.0860907 -0.0784621 0.14389 -0.467354
0.0701593 -0.570833 -0.747253 0.0976252
0.0193781 0.189604 -0.714966 0.258079
-0.117341 0.199675 -0.685547 -0.0124059
-0.0704657 0.297392 0.0685425 -0.588189
0.175628 0.480254 0.428009 -0.0846334
0.394378 -0.181184 -0.379883 -0.0180059
0.535003 -0.425508 0.200562 0.254478
0.285003 0.178374 -0.0125122 -0.0624242
0.535003 0.941313 0.0319519 0.130638
0.855316 0.549162 0.00469971 -0.479958
0.253753 -0.236299 0.76236 0.645202
0.577972 -0.268892 0.239319 -0.193863
0.558441 1.05655 -0.112976 0.177055
0.820159 0.472746 -0.0792542 -0.38913
-0.324372 0.262297 -0.0878601 -0.0172048
0.202972 -0.101045 0.290253 -0.656815
0.745941 0.279814 -0.343292 -0.243477
-0.0431219 0.183379 -0.483215 -0.384728
-0.379059 0.986418 -0.432983 0.233474
0.0584406 0.549162 -0.547791 -0.284493
0.456878 -0.225069 -0.123749 0.0504145
0.550628 0.360014 0.55072 0.0532145
0.0467218 0.367522 -0.0864258 0.707023
0.577972 0.172087 -0.730743 0.723632
0.488128 0.341216 -0.321045 -0.538178
0.316253 -0.123567 -0.006073 -0.321908
0.464691 -0.627168 -0.0907288 -0.152855
0.550628 -0.158662 -0.806091 -0.0700231
0.995941 0.0743699 0.0728455 0.455543
0.632659 0.00424055 -0.412903 0.404525
0.511566 -0.572053 -0.532715 0.0420146
0.589691 -0.029634 -0.0347595 -0.0300145
0.757659 -0.230073 -0.0699158 0.764045
0.484222 -0.285188 0.387115 -0.0628209
-0.332184 0.888701 0.172577 0.159652
0.714691 0.298613 0.0419922 -0.331711
0.0428156 0.421416 0.684875 -0.0626226
0.253753 0.451445 0.40506 0.0660167
0.0545343 -0.253877 0.130981 0.450141
-0.105622 0.97885 -0.0778198 0.0534129
0.699066 0.259795 -0.0864258 0.608993
0.312347 0.371306 0.651154 -0.0652242
0.191253 0.703276 0.979065 -0.632607
0.660003 0.0680833 0.547852 -0.26529
0.972503 -0.226289 -0.0419312 0.825866
0.511566 0.511565 -0.245728 0.571182
0.378753 0.846098 -0.184021 0.265884
-0.320466 0.319914 0.350525 -0.594193
0.706878 0.388823 0.171143 0.0142054
0.316253 0.847319 0.187653 -0.150849
0.949066 0.455229 0.249359 -0.544777
0.445159 0.762114 0.434479 -0.17466
0.910003 0.966338 0.0965271 -0.121644
0.113128 -0.369112 0.0685425 0.380119
0.0896906 0.173369 -0.326782 0.239273
0.652191 -0.302705 -0.187592 -0.344513
0.0818781 0.341216 -0.764465 0.396728
0.870941 -0.278902 0.0168762 -0.362519
0.886566 -0.15616 0.0233459 0.441543
0.613128 -0.148591 -0.236389 -0.384324
-0.0274969 -0.466829 -0.118713 -0.532975
1.14438 0.279814 -0.778107 -0.609398
0.202972 -0.268892 -0.519073 -0.508568
0.292816 0.490263 0.852783 -0.12304
1.01938 0.630583 0.461731 0.181259
0.663909 -0.441743 -0.169647 0.37252
1.19125 -0.177461 -0.841949 -0.222672
0.792816 -0.627168 1.24597 0.150245
1.29282 -0.406709 -0.64679 -0.734238
0.613128 -0.322786 0.61026 0.659606
0.730316 0.217192 0.110168 -0.161255
0.683441 0.451445 0.301727 0.392921
0.956878 -0.202486 -0.0979004 0.626998
0.964691 -0.557039 -0.122314 -0.377121
0.183441 -0.371614 0.564331 0.491958
0.667816 0.302397 0.268738 0.0756221
0.163909 0.511565 0.189819 -0.254487
1.035 -0.481843 -0.0778198 0.0498118
1.36313 0.0856614 -0.0067749 0.269485
-0.320466 -0.34781 -0.396393 -0.287697
1.32407 0.562956 -0.686981 -0.208069
0.699066 -0.177461 -0.0986328 0.524169
1.31625 -0.136079 0.026947 0.404525
0.632659 0.72708 0.395721 0.232269
0.742034 -0.16739 -0.415039 0.0232081
1.0311 0.168303 0.334015 0.566978
0.937347 0.0781541 -0.144562 -0.103234
1.13266 0.0317674 0.38855 0.156448
1.12485 0.0705858 0.332581 0.3087
0.238128 0.00424055 -0.185455 0.0232081
-0.0274969 -0.189973 0.141022 0.367118
1.48032 -0.396699 -0.374146 -0.0860296
1.2225 0.53665 0.798248 -0.49276
0.425628 0.185881 -0.0606079 0.440338
0.831878 0.0568529 -0.102203 -0.760048
1.2225 0.0142503 0.0305176 0.467147
0.410003 -0.0521559 0.371338 -0.406731
0.648284 -0.124849 0.0821838 -0.244683
0.0662531 0.0956712 0.0556335 0.76004
1.25375 -0.379121 0.109436 -0.117844
0.878753 -0.0483718 -0.681244 -0.0284124
0.878753 -0.114778 0.566498 0.475952
0.667816 0.0994554 0.234283 0.343505
1.06235 -0.136079 -0.0806885 -0.00460102
0.363128 0.420134 0.691345 0.109832
0.917816 -0.0271315 -0.182587 0.00759838
0.562347 0.382536 -0.0914612 0.511962
1.01547 -0.410432 -0.701324 0.352714
0.410003 0.159575 0.156799 0.663612
0.652191 -0.181184 0.533478 0.724227
0.706878 -0.0721755 -0.224915 0.995719
0.714691 -0.585847 0.96759 -0.300698
0.374847 -0.539461 -0.189758 0.181854
0.648284 0.234709 -0.370544 -0.919098
0.339691 0.437651 0.0527649 -0.397927
0.644378 0.263518 -0.17395 -0.0552221
1.06625 -0.0446486 -0.17038 0.165847
0.417816 -0.148591 -0.238525 0.141845
0.660003 0.195891 -0.64679 -0.37632
1.18344 0.015471 -0.64679 0.254081
0.0740656 0.470244 0.133118 -0.028214
0.503753 0.147002 -0.293793 0.176254
0.00765931 0.21469 0.184784 0.0744242
0.433441 0.111968 -0.252167 0.374717
0.808441 -0.2576 -0.354767 0.418128
0.800628 -0.443025 -0.641052 0.764244
0.886566 0.162077 -0.214874 -0.165253
-0.00405944 -0.763704 -0.714966 -0.422341
0.163909 -0.0346388 0.440216 0.416931
1.01157 -0.0133376 -0.455933 -0.033814
0.878753 0.479033 -0.0010376 0.151443
0.667816 0.529143 -0.845551 -0.242478
0.308441 0.403838 -0.0742188 -0.560982
0.831878 0.426421 0.0513306 0.133438
0.800628 0.718291 0.215637 -0.243882
0.839691 0.458952 0.156097 0.21907
-0.312653 0.101958 0.0850525 0.808258
0.347503 0.945036 0.108734 0.173454
0.917816 0.476531 -0.214874 -0.303902
0.386566 0.029265 -0.364105 0.281692
0.488128 0.0806566 -0.258636 -0.660012
0.390472 -0.265108 0.0341187 -0.0554204
0.976409 -0.00332781 -0.634613 0.338905
1.035 0.545439 0.410797 0.0342097
0.910003 0.257292 -0.379883 0.620994
0.566253 0.091887 0.0219116 0.144042
0.113128 0.643157 -0.295929 -0.372719
0.363128 0.615569 0.391418 -0.221871
-0.0196844 0.0455613 -0.532715 0.530372
1.035 0.567961 -0.700623 -0.0466161
0.183441 0.423918 -0.797485 0.127838
1.02719 0.00796369 -0.463104 -0.00260212
0.480316 -0.421724 0.277344 -0.240677
0.574066 0.152068 -0.229919 0.321701
0.370941 0.222197 -1.18851 -0.235878
0.0818781 -0.16739 0.0800171 0.166053
0.355316 0.294829 -0.218445 -0.226273
-0.0196844 0.490263 0.617432 -0.227875
-0.144684 0.458952 -0.269379 -0.269089
0.460784 0.269805 0.0642395 -0.231675
0.691253 -0.114778 0.466766 0.381721
0.339691 0.141997 0.376343 0.638
0.285003 0.267302 -0.403564 -0.0470205
-0.379059 0.294829 -0.815399 -0.568787
0.390472 0.284819 -0.526245 -0.0948339
0.492034 -0.0621657 -0.303101 0.228874
-0.113434 0.000456367 -0.270813 0.329902
0.745941 0.783415 -0.182587 0.372314
0.202972 0.222197 -0.209106 -0.0344167
0.538909 0.886138 -0.552094 0.115036
0.492034 0.319914 -0.557098 0.0736232
0.113128 0.228484 -0.648956 0.333503
0.488128 -0.490633 -0.836212 0.685821
0.769378 0.903716 0.194824 -0.311905
0.527191 0.0179735 -0.165344 -0.157052
0.394378 0.298613 -0.366974 -0.286492
0.0584406 0.0217576 -0.206238 0.323699
1.07407 0.574248 -0.14743 0.478553
0.523284 -1.00424 -0.198364 -0.552384
0.0662531 -0.0659499 -0.298096 -0.225678
1.285 0.923735 -0.489655 0.237075
0.464691 0.480254 -0.651093 -0.655816
0.230316 0.611785 -0.585083 -0.57779
0.0975031 0.955046 -0.959625 0.0970301
0.160003 0.433928 -0.262939 -0.263291
0.699066 -0.261384 0.0950928 -0.129647
0.191253 -0.0346388 0.343353 -0.305703
-0.207184 -0.26761 -0.222748 -0.0536199
0.0662531 0.0467821 -0.0900269 -0.265687
-0.0392157 0.699492 -0.340424 0.0176005
-0.0274969 0.111968 -0.115845 0.0718226
0.0350031 -0.142366 -0.105804 0.144645
0.597503 0.0217576 -0.423645 0.459548
1.10532 0.549162 -0.13092 -0.431939
0.542816 0.0229783 0.356995 -0.344712
0.972503 -0.132356 -0.727875 -0.45295
0.367034 -0.24637 -0.285187 0.162651
0.535003 0.675688 0.0477295 0.0966258
0.589691 1.12918 -0.264374 0.0218043
-0.207184 0.197112 -0.88501 0.184654
0.238128 0.570464 -0.0419312 0.433937
0.785003 0.479033 -0.401398 0.204063
0.648284 0.671965 -0.118713 -0.363717
0.620941 0.574248 -0.407867 -0.706627
0.597503 0.0330491 -0.701324 -0.405335
0.433441 0.818511 -0.43512 0.807258
-0.0431219 -0.449312 -0.0950317 0.393127
0.128753 0.0192552 0.469635 0.361915
-0.207184 0.822295 0.21994 0.568985
0.199066 -0.184968 -0.0383606 -0.653817
0.179534 0.000456367 -0.100769 0.313896
-0.129059 -0.677278 -0.471741 0.173652
0.781097 -0.281404 -0.0606079 -0.74984
0.433441 0.0568529 0.0685425 -0.416138
0.144378 0.492766 0.735107 -0.733635
-0.00405944 0.0117479 -0.112976 0.140846
0.214691 0.619353 -0.80249 -0.74424
-0.156403 0.0705858 -0.591553 0.0582194
0.839691 -0.593355 -0.0462646 0.0826258
0.609222 0.136992 0.440918 0.535369
0.0350031 0.168303 0.478973 -0.0612188
0.613128 0.060576 -0.0505676 0.28469
0.226409 0.542937 0.0757141 0.133041
0.120941 0.0756517 0.0642395 -0.212868
0.0818781 -0.197481 -0.0318909 -0.624001
0.429534 -0.410432 -0.471741 0.20346
0.480316 1.05905 -0.925903 -0.215668
1.11313 0.957549 0.496887 -0.119843
0.671722 -0.0584426 -0.174683 -0.649209
0.562347 0.339934 -0.0110779 -0.144448
0.0467218 0.601775 -0.555664 -0.316506
-0.136872 -0.158662 -0.317474 -0.115639
0.0584406 0.263518 0.245758 0.0984263
-0.00796569 0.339934 -0.354065 0.346305
0.222503 0.420134 -0.74939 -0.69883
0.851409 -0.128572 -0.291626 0.0146022
0.441253 0.333708 -0.42868 0.40673
1.19907 0.20468 -0.715668 0.164047
1.04282 0.213408 -0.131622 -0.95691
0.191253 0.273589 0.509094 -0.0380178
0.339691 0.0217576 0.334747 -0.161255
0.656097 0.441435 -0.0347595 -0.600792
-0.105622 0.287322 0.419403 0.370513
0.124847 0.015471 0.429443 -0.847474
0.167816 -0.0095534 0.022644 -0.961312
0.0818781 -0.0521559 0.0125732 -0.590996
0.117034 -0.355318 -0.182587 0.354309
0.0896906 0.323699 0.240021 0.0836253
-0.0392157 0.863616 0.0556335 0.493957
0.831878 -0.0934767 -0.488953 0.354713
0.925628 0.713286 -0.182587 -0.174256
0.769378 -0.142366 -0.231354 -0.251084
0.351409 0.203398 -0.105072 -0.0426183
0.714691 0.284819 -0.580078 -0.368119
0.839691 0.169585 0.39502 -0.335312
-0.183747 0.580473 0.568634 -0.190262
0.535003 0.195891 -0.417206 0.142242
-0.152497 0.115691 -1.332 -0.219872
0.792816 -0.439241 0.0384216 0.0702204
0.347503 -0.0884719 -0.469574 -0.529572
1.21469 0.234709 -0.510468 -0.0860296
0.816253 0.494048 0.0441589 0.312499
0.222503 0.0455613 -0.471741 -0.0502172
0.980316 0.259795 -0.23999 -0.139245
0.292816 0.333708 -0.712799 -0.235077
0.472503 0.0718675 0.03125 0.0274043
0.691253 0.609282 0.0664062 -0.0478215
0.402191 0.2247 -0.236389 0.627197
0.136566 0.144499 -0.00820923 0.714027
0.128753 -0.0884719 -0.356934 0.774848
0.964691 0.706999 -0.297363 0.829666
0.300628 0.492766 -0.302399 -0.686821
0.378753 0.341216 -0.620972 -0.54358
0.667816 0.195891 -0.00750732 0.426734
0.0193781 0.940032 0.0757141 0.25888
-0.0509344 0.730803 0.126678 0.436935
0.152191 -0.233797 0.119507 0.150444
1.035 0.564177 0.056366 0.147247
0.324066 -0.148591 0.256531 -0.362122
0.761566 0.274809 -0.112274 -0.422341
0.394378 0.30612 -1.20715 0.229675
0.417816 0.220915 -0.265076 0.202461
-0.160309 0.0856614 -0.943115 0.545372
0.480316 0.0680833 -0.584381 0.309494
-0.0274969 0.386321 -0.940247 0.609191
0.675628 0.430144 -0.214874 -0.0930333
0.105316 -0.152376 0.562195 -0.405732
-0.0431219 0.53665 0.104431 0.674018
0.648284 1.04654 0.121643 0.0144038
1.21469 0.0956712 0.711426 -0.305703
0.484222 -0.0308547 -0.0283203 -0.900094
-0.0743719 0.273589 0.240021 0.157852
0.363128 0.0956712 0.0362549 0.35971
0.765472 0.0668626 0.217072 0.191062
-0.175934 -0.149873 -0.356201 -0.0824285
0.511566 0.0893846 0.627472 0.34671
0.683441 0.529143 0.149628 0.430137
0.464691 0.200896 -0.185455 0.265281
1.02328 0.343718 -0.335388 0.639205
0.800628 -0.726167 -0.12088 -0.165253
-0.0743719 -0.313997 -0.995514 0.42173
0.742034 0.0392747 -0.0957642 -0.459153
0.531097 -0.11728 0.308197 0.0890269
0.538909 -0.01584 -0.821136 -0.057221
0.683441 0.341216 -0.168945 0.479751
0.441253 0.0956712 0.16684 0.28009
0.0662531 0.311125 -0.304535 0.420333
0.738128 -0.354097 -0.313873 -0.427941
0.0584406 0.00546125 -0.143829 0.359313
0.566253 0.0705858 -0.475311 0.117637
0.292816 0.178374 0.526306 -0.660416
-0.0860907 -0.0120558 -0.430115 0.640403
0.585784 -0.265108 -0.379181 0.223472
0.605316 0.12448 -0.481781 0.117439
0.468597 0.129485 0.387848 0.406326
0.527191 0.60678 0.168274 0.72863
0.410003 0.0505662 -0.402832 -0.0504155
0.300628 0.183379 -0.199066 -0.0864339
0.605316 -0.505647 -0.346893 -0.719834
-0.105622 -0.113557 -0.41217 0.879478
-0.0665594 -0.142366 -0.13736 -0.463151
0.613128 0.388823 0.244324 -0.000198863
0.597503 -0.372896 0.566498 -0.519967
0.464691 -0.34781 0.161102 -0.110436
0.488128 0.207182 -0.178986 -0.606995
0.417816 -0.179964 -0.184723 0.000998952
0.0623468 0.492766 -0.154602 -0.0746236
0.995941 0.197112 -0.58725 0.0680232
-0.0587469 -0.0571608 -0.438721 0.285293
0.0935968 -0.141084 0.162537 0.223266
0.855316 0.770903 -0.00320435 0.145843
0.855316 0.185881 0.453857 0.647407
0.269378 0.230986 -0.434418 0.00880382
1.07407 -0.345308 -0.292358 -0.38453
-0.394684 0.169585 -0.972534 0.529365
0.0975031 -0.162385 -0.443756 0.252479
0.620941 -0.42801 0.478973 0.60839
0.558441 0.00173811 -0.0440979 -0.220673
0.910003 -0.3378 -0.0426636 0.723632
0.867034 -0.250093 -0.551361 0.229072
0.109222 0.433928 0.731506 -0.0812307
0.425628 -0.876497 -0.0318909 0.175453
1.06625 -0.624666 -0.116577 -0.125245
1.31625 -1.03684 0.146027 -0.39853
1.10532 -0.446809 -0.0161133 -0.145249
0.925628 -0.592073 -0.462402 -0.178063
0.792816 0.0994554 -0.337555 -0.183465
1.2225 -0.466829 0.410797 -0.0246129
1.25766 -0.101045 0.445953 0.19506
1.30844 -0.515657 0.0678406 0.685417
1.76938 -0.420503 0.338318 0.363311
1.61703 -0.371614 -0.189026 -0.195466
0.738128 -0.785005 0.105133 -0.620003
1.58969 -0.756196 0.163971 -0.189065
1.48032 -0.334016 -0.238525 0.195259
2.04282 -1.60184 0.646149 0.0170054
2.48032 -1.50791 0.589447 0.161453
1.85532 -1.26737 0.271606 -0.253686
2.32797 -1.62436 0.0900879 0.169853
2.86313 -1.66947 0.336182 1.02173
2.44907 -1.62064 0.114471 0.488952
2.7811 -1.22226 0.579407 -0.199265
2.63657 -1.93881 0.922363 -0.471955
2.37094 -1.3613 1.21439 0.00800274
2.64828 -1.34378 0.461029 0.204864
2.67563 -1.69327 0.0255127 -0.739037
2.76547 -1.8674 -0.0677795 -0.165055
3.62485 -2.10172 0.986938 -0.0552221
3.25375 -1.45151 0.430878 -0.0856328
3.2186 -2.03531 0.370605 -0.135048
3.46469 -2.11923 0.397888 -0.00320484
3.14047 -2.32846 1.22803 0.243675
2.92172 -1.76969 1.31915 0.581588
3.57797 -1.70706 0.71286 0.120834
3.41782 -1.54044 0.680573 -0.447747
3.15219 -2.02152 0.59375 -0.20887
3.5936 -2.00022 1.20578 0.103828
3.19125 -1.18717 1.01636 -0.100632
3.58188 -2.08792 1.13116 -0.022408
4.17563 -2.48251 0.921661 0.617393
3.7186 -1.75345 1.17493 -0.189263
3.65219 -1.15085 0.925232 0.543975
3.96469 -2.47629 1.04651 0.319503
3.50375 -1.28739 1.12469 -0.709229
3.80844 -1.34128 1.95844 0.777648
4.73032 -2.83835 1.73672 0.395523
3.94125 -2.0253 1.30551 0.757041
3.95688 -2.26578 0.529175 -0.498963
3.54282 -2.28336 1.29477 0.538368
5.23813 -2.0228 1.19287 -0.413735
3.81625 -1.93759 1.69296 -0.0688253
4.74594 -2.78696 0.235718 0.754638
4.8475 -2.90219 1.84436 -0.528176
4.7225 -2.20694 1.65567 0.46315
4.94516 -2.48001 1.53226 -0.236275
4.58578 -3.24545 1.66428 0.332107
4.20688 -2.5314 1.0293 0.133644
4.07407 -2.55271 1.00275 0.670814
5.14438 -2.58402 1.66571 0.204063
5.12094 -2.4224 1.58679 0.508361
5.19516 -2.62912 1.83289 0.539375
5.7225 -2.86466 2.03448 -0.399933
5.37094 -3.30686 2.54034 0.772247
7.63657 -3.61502 1.95987 0.286087
6.93344 -3.87314 2.90338 -0.292901
7.64438 -4.37296 2.67953 -0.385926
7.80844 -5.30252 3.04834 -0.509163
9.01938 -5.41025 3.01462 -0.46695
9.93344 -5.19852 3.85406 -0.403931
11.0897 -6.93863 4.45892 -0.462754
11.1717 -7.25308 4.81552 0.257881
12.8983 -8.15634 5.21875 -0.0368123
14.2459 -9.34396 6.50882 0.171051
15.3553 -9.57199 6.82669 0.665008
16.2538 -9.43167 6.56982 0.0218043
16.5702 -10.2033 7.77881 0.153648
17.4334 -11.8357 7.77521 -0.0056081
18.4061 -11.406 8.04068 0.595588
18.0506 -11.7092 8.65918 -0.119439
18.6053 -12.3681 9.08179 0.763046
19.4725 -12.6425 9.77057 0.461547
20.0272 -12.4721 9.76556 0.625
21.035 -13.5094 9.99228 1.16657
21.0506 -14.4703 9.74905 1.14997
20.8319 -13.8038 10.4938 0.714431
21.4295 -13.9604 10.1695 0.16085
21.2225 -13.7988 10.3869 1.14297
21.0038 -14.4014 11.4223 0.277885
21.785 -14.1884 11.5629 0.53337
21.4647 -14.0694 11.0592 0.624801
21.7069 -14.8649 11.799 0.3069
21.5467 -14.9138 12.2998 0.295494
22.5819 -15.3222 11.4237 0.0456157
23.0975 -15.6729 12.4074 0.726234
23.3397 -15.3059 12.5545 0.529571
23.16 -16.5249 12.4827 0.193862
24.0897 -16.0989 13.211 0.0416102
24.9178 -16.8493 11.9812 0.529571
24.9061 -16.8744 13.8015 0.580581
25.3514 -17.5233 13.8302 0.789253
25.8788 -17.4394 13.6207 0.986717
26.7459 -17.7024 13.6831 1.04134
27.4413 -18.7636 14.5663 0.455543
27.4022 -19.4225 14.3489 0.442939
27.6639 -19.975 15.0162 0.471748
28.3788 -19.3398 14.8211 0.814659
29.8905 -20.4748 15.1935 1.01273
30.3397 -20.9509 15.4209 1.20999
30.5116 -20.7968 16.0602 0.6268
30.9022 -21.7339 16.1685 0.308296
31.5506 -21.3668 16.7511 0.244476
32.4256 -22.9102 16.5969 0.721427
32.6678 -23.39 17.2347 0.771446
33.8592 -24.272 17.6975 0.448142
34.3319 -24.7092 17.4593 1.67174
34.8084 -24.4261 18.387 1.06874
35.0311 -24.9234 17.6344 1.09215
35.1678 -25.0738 18.0835 2.07307
35.1795 -24.9898 17.5978 1.5553
33.9881 -24.4887 16.9183 1.58851
33.8397 -24.1743 16.5481 1.65773
31.8788 -23.4352 16.071 1.37524
29.2928 -22.3377 14.8706 1.90861
27.41 -20.9158 13.5597 1.63312
26.6053 -19.6468 13.7735 1.47308
24.9569 -18.4904 12.0207 1.28501
23.5428 -17.7688 10.7579 1.54549
22.1131 -16.9395 10.2341 1.8756
21.9569 -17.3604 10.4866 1.96663
21.5741 -16.833 10.2341 1.93222
22.0038 -18.3464 10.1143 1.75317
23.6522 -18.6897 11.278 1.11076
25.0741 -20.2619 11.7997 2.15309
28.41 -22.25 13.2182 2.65705
31.4491 -24.9334 13.917 2.74928
34.2069 -28.4174 15.3542 3.08519
39.0897 -31.2023 17.5605 3.56435
41.3319 -34.0386 19.1024 3.39349
43.9413 -35.8864 20.7641 3.77821
46.2264 -37.6817 21.6057 3.64397
