46.0461997986 -38.1910552979 21.7188072205 3.7703657150
46.2592315674 -36.5036163330 21.4524421692 4.1578655243
43.7085418701 -35.7999038696 20.3193435669 3.5998501778
41.8821601868 -34.5264129639 19.7768516541 3.6025722027
39.5246200562 -33.0021133423 18.9177894592 3.5129396915
38.8187789917 -32.1096954346 17.2226753235 3.1555764675
37.2082672119 -30.6633167267 17.3398189545 3.5524089336
35.1092033386 -29.5943603516 16.3120117188 3.1528544426
33.9062881470 -27.7936935425 15.9522104263 2.8614029884
32.7218399048 -26.6979522705 15.0492191315 2.9393696785
31.6169204712 -26.0599861145 15.2374877930 3.0332796574
30.4282073975 -25.2576599121 14.7954044342 3.3212311268
29.5022354126 -24.0243434906 14.0778923035 2.3430511951
28.5308151245 -23.1635780334 12.7886018753 3.1754083633
28.2794380188 -22.5280494690 13.1065664291 2.1600921154
27.6346645355 -22.1299285889 12.3339681625 2.3253579140
25.9559822083 -20.9720954895 12.1491861343 2.4653480053
25.7855587006 -21.0378417969 12.0362253189 2.5157055855
24.0614299774 -19.1994304657 11.9141988754 2.2691676617
23.1084728241 -19.1507320404 10.4959096909 1.6985141039
22.5631141663 -17.6812210083 10.6207246780 2.3098034859
21.8728942871 -17.4693775177 9.8550987244 1.4727802277
20.4754123688 -16.6037425995 9.1166677475 1.1809401512
19.7993965149 -15.6869726181 9.5852479935 1.3380398750
18.4644031525 -15.0015258789 8.4653987885 2.1009852886
17.6364231110 -14.6861953735 8.0058841705 0.2643946409
17.5980777740 -14.4889621735 8.8468170166 1.4142566919
17.2643299103 -13.9654417038 8.0198297501 1.0353115797
16.6039352417 -13.5003604889 8.3350048065 1.2505462170
16.5428657532 -13.6902885437 7.2590851784 1.0880023241
16.4775371552 -13.4894027710 7.7137188911 0.9030988812
15.6879024506 -12.7528209686 8.0651531219 1.1130838394
16.5812110901 -13.7341184616 7.7736859322 1.0911132097
17.3097763062 -13.7682085037 7.7011675835 1.1136671305
17.4233932495 -14.4548721313 8.1648664474 1.5561909676
17.3325004578 -13.8327350616 8.4193773270 1.3077087402
18.5737590790 -14.1224975586 7.7130212784 1.4424490929
18.6376686096 -14.7702026367 7.7708969116 1.2326586246
18.8506984711 -15.3740777969 8.5142087936 1.7115409374
19.1887073517 -15.2693729401 8.0037918091 1.2995426655
19.6019878387 -15.2194557190 8.1899681091 1.7317616940
20.3234519958 -15.4532146454 7.5631041527 1.6106314659
20.8446655273 -15.0039606094 7.4536294937 1.1307770014
21.8686332703 -14.5327920914 6.9111371040 1.3281240463
23.2831573486 -12.8611783981 6.7458791733 1.6835429668
25.4858951569 -12.1209449768 5.8638062477 0.7493043542
27.0722637177 -12.0783329010 6.1894412041 0.0894072056
27.2767734528 -11.6875181198 6.4021148682 -0.0404723883
27.0083541870 -10.9984188080 5.5932574272 -0.7065913677
26.7157936096 -10.1291313171 5.8296389580 -1.1347272396
26.5482082367 -9.8917207718 5.5876789093 -0.8846896887
25.3112106323 -10.1352186203 5.2480983734 -1.2535243034
25.5157203674 -8.9432954788 5.1086401939 -0.5440473557
24.7644309998 -8.7570199966 4.9768524170 -1.4889795780
23.8526592255 -8.7424097061 4.5368618965 -1.0876750946
22.8301124573 -8.2858514786 4.6212339401 -0.8930501938
22.9920158386 -8.2310638428 4.9029393196 -1.4847021103
21.7976226807 -8.8726816177 4.2293562889 -1.8815348148
21.6598644257 -8.1957569122 4.3764848709 -2.2128443718
21.0903625488 -8.0435705185 4.6909627914 -1.8484816551
20.3319721222 -8.0618333817 4.1031465530 -1.0141804218
20.5066566467 -7.0756664276 4.5898556709 -1.3373239040
19.7014007568 -7.4932651520 4.9315280914 -1.3594889641
18.5098495483 -7.1633253098 4.0892009735 -0.0828582048
18.6376686096 -7.1231479645 4.3060584068 -0.3947247267
17.9020023346 -7.1840229034 5.0695919991 -0.6698439121
17.5909767151 -6.3317794800 4.2488803864 -0.0941351652
17.2330856323 -6.1698532104 5.0368194580 0.9314857125
17.1578140259 -6.0164499283 4.4301762581 0.9153479934
16.8538913727 -6.1868982315 4.8339076042 1.1039456129
16.8993377686 -5.1824693680 4.0578227043 0.9962310791
16.7473754883 -5.4844064713 3.3891210556 0.0371053815
15.2291765213 -5.2092542648 3.6038866043 -0.4359440804
15.1908311844 -4.8208742142 3.7816958427 0.6050369143
14.3642721176 -4.1865625381 2.8354721069 -0.0468885899
14.8954286575 -4.6236410141 3.2887110710 0.2474792004
13.5888404846 -4.0002861023 3.3451914787 0.4073010683
13.8174934387 -4.0745534897 2.8040938377 0.2439794540
13.2252674103 -3.3550167084 2.0879764557 0.3114468455
12.6969518661 -3.6496496201 2.1862945557 0.5721781254
12.2297039032 -3.2393550873 2.2985577583 0.7833297253
11.7823400497 -3.0080318451 0.9590625763 -0.5819613934
12.0322952271 -2.6208705902 2.3773517609 -0.6113203764
12.3177566528 -2.6318273544 2.5711989403 0.4133284092
11.7738180161 -3.1042137146 1.2554111481 0.1312097311
11.5693092346 -2.1655292511 1.8097572327 -0.3941414356
10.9018125534 -2.8582811356 1.9638586044 -0.5547411442
11.2199382782 -2.2264041901 2.2616014481 0.1710680127
10.3962202072 -2.2751035690 2.1855964661 0.1625130773
11.0069074631 -2.4479866028 1.6438016891 -0.1411874294
9.9900417328 -2.0876102448 1.9073781967 -0.2360694408
10.3237895966 -1.8988990784 2.0349817276 0.7914958000
10.3621349335 -2.1095237732 1.7232933044 0.6691989899
9.5000705719 -2.5100784302 2.4177947044 0.8402978182
9.9062490463 -2.4102449417 2.2874011993 0.6433397532
9.7855319977 -2.8887186050 1.9959335327 -0.0552490950
9.5682401657 -2.2483186722 1.6347370148 0.5039330721
9.7770109177 -2.7669687271 2.7552833557 0.4660190940
9.8579626083 -2.3396301270 2.1660728455 0.5210429430
9.9147701263 -2.9057626724 2.5865392685 0.0209676623
9.6250486374 -2.3858947754 2.2120943069 0.5980374217
8.8964834213 -1.9622077942 2.0342845917 0.7005022764
9.1393384933 -2.4199848175 1.1347799301 0.5344586372
9.5796022415 -2.8120164871 1.7979030609 0.9863151312
9.5341558456 -3.3964118958 1.6242780685 1.1058899164
9.3111829758 -2.3164978027 1.2756319046 0.1438477635
9.8579626083 -2.8071460724 1.9129562378 0.5113214254
10.1079177856 -1.9329891205 1.9213237762 0.7872183323
10.4189434052 -2.2446651459 1.5106191635 0.1024340391
11.1063222885 -1.1063137054 1.4311285019 0.3898023367
10.7186059952 -1.3242435455 1.7992973328 1.5101108551
11.5536870956 -1.3096332550 1.4095125198 0.6656992435
11.5465860367 -1.3437232971 0.7756748199 1.1255273819
11.7056484222 -0.8993396759 0.9548788071 0.0606314540
11.4059858322 -2.1192646027 1.6814556122 0.9359576702
11.6232767105 -1.3887710571 1.2979459763 -0.3581718206
12.1047258377 -1.2195396423 1.3976583481 -0.0173351765
11.5167617798 -1.6712284088 0.9011869431 0.3899967670
11.5536870956 -1.1270103455 1.4820299149 0.6345903873
11.4485912323 -1.8782005310 1.7379360199 -0.0581655502
11.0764980316 -0.8895988464 0.9276838303 -0.3861697912
11.5764102936 -1.1586647034 1.2261247635 0.3575268984
11.6303777695 -2.1959667206 0.7763719559 0.0563539863
11.5891914368 -1.6566181183 1.2644758224 -0.1145504713
11.8050632477 -1.8940296173 1.6570501328 0.0703530312
11.4145069122 -1.4435577393 0.4249372482 -0.4314721823
10.9245357513 -1.9488162994 1.2247304916 -0.1159114838
11.9186792374 -1.1477069855 0.8112363815 0.0437160134
11.6076545715 -0.6680164337 0.8461008072 0.1817616820
11.3150920868 -1.1330966949 0.3656673431 -0.4649142027
11.2625446320 -1.6980133057 1.0636558533 -0.7907797098
12.0408172607 -0.5158309937 0.3217382431 -0.3807257414
11.4627933502 -0.7812423706 -0.2284240723 0.0476046205
11.3534374237 -0.4829578400 0.6641082764 -0.1505200863
11.5764102936 -0.6594944000 0.5378980637 -0.0949128866
12.3518419266 -1.4691257477 0.3559055328 0.0456603169
12.4384746552 -1.3790302277 -0.3901958466 0.1559024453
12.6515045166 -0.8822956085 0.3663654327 -0.2343195677
11.3875226974 -1.2938060760 0.3140678406 -0.5559077263
12.4697189331 -1.1671867371 0.2659549713 -0.5020503998
11.8505096436 -0.8482055664 0.6780538559 0.0549929738
12.1160879135 -0.2163276672 0.1271944046 -0.1728795767
11.6261167526 -0.0203113556 -0.1301059723 0.7125569582
12.0024709702 -0.9577789307 -0.1196470261 -0.0039194226
12.3518419266 -0.7641983032 0.6522541046 0.2556452751
12.6671276093 -0.4184303284 0.1020917892 0.3898023367
12.1388111115 -0.4513034821 0.3970460892 -0.0626374483
12.0592794418 -0.4610424042 0.2052907944 -0.4071683884
11.8689718246 0.5981731415 -0.2235431671 -0.3496168852
11.6914463043 -0.0957965851 -0.4703836441 0.2570062876
11.6914463043 0.3303260803 -0.2953643799 0.3880524635
10.9770832062 0.2207508087 -0.3678827286 0.4018570185
10.8563661575 -0.2686805725 0.0874490738 0.2410629988
11.1361465454 0.2998886108 0.5065202713 0.1710680127
10.8790893555 -0.8579444885 -0.2709589005 0.4829345345
10.7526912689 -0.9346466064 -0.2326078415 0.8148274422
9.7812709808 -0.2333717346 -0.1245279312 -0.1843509674
10.0511102676 -0.3758182526 -0.3190717697 -0.1711297035
9.8608026505 -0.0945777893 -0.3727636337 0.6163138747
9.2884597778 0.0709991455 0.4305152893 -0.3074254990
9.9829406738 -0.2479820251 -0.1524190903 0.1664016843
9.9218711853 -0.2382431030 -0.0094747543 0.1135165691
9.3069229126 0.1464843750 -0.1963491440 -0.5411309004
8.7757663727 -0.1518001556 -0.6119337082 0.2885040641
8.7075967789 -0.1420612335 0.0246925354 0.6363402605
8.2133655548 -0.6753215790 -0.3253479004 -0.0177240372
8.2673330307 -0.7361965179 -0.6384315491 -0.0523326397
9.5611391068 -1.3218078613 -0.5617294312 0.9256528020
7.9861326218 -0.5304393768 -0.3162832260 -0.2232370377
8.6649904251 -0.0702285767 0.2080802917 0.0273838639
8.2744340897 -0.4099082947 -0.2102947235 -0.2800108194
8.0770254135 -1.0283927917 -0.2353973389 -0.0054749250
8.0727643967 0.1464843750 -0.6705064774 0.2503956556
7.3484601974 -0.6290569305 -0.2681694031 0.0581038594
7.3669233322 0.0369110107 -0.9215316772 0.0999064445
8.1224718094 -0.1530189514 -0.5596370697 -0.1555752754
7.3825454712 -0.7800254822 -0.0234203339 0.4846844375
7.6055173874 -0.3940811157 -0.1168575287 -0.2914822102
6.7335109711 -0.5499191284 -0.7214088440 0.7213063240
7.1737756729 -0.3831233978 0.0135354996 0.4539644122
7.5146245956 -0.4038219452 -0.5575456619 0.2470903397
7.1354293823 -0.3405113220 -0.5945014954 -0.4540261030
6.7448730469 -0.1457138062 -0.4187841415 0.2299804688
7.5188846588 -0.4756526947 -0.2451591492 0.1852614284
7.0743608475 -0.1737155914 -0.8406457901 0.6007594466
6.3528976440 -0.2540702820 -0.5387182236 0.4835178256
7.0289144516 0.0783042908 0.2157497406 0.6303129196
7.2334241867 0.1598758698 -0.6586523056 0.4883786142
7.0218133926 0.2524051666 -0.2681694031 0.4022458792
7.4081087112 -0.1189289093 -0.9877738953 0.9725105762
7.5373477936 0.1501369476 -0.5652160645 0.3723036051
6.7562351227 0.6748752594 0.1564807892 0.1945940852
6.8471279144 -0.1639747620 -0.6774797440 0.5233761072
7.3853855133 -0.5024375916 -0.0541009903 0.0824077129
6.8130435944 0.6322631836 -0.6928195953 0.8776285052
6.6042728424 0.9037628174 0.0867509842 1.0636985302
6.2094554901 0.8623676300 -0.3741579056 0.1061282158
5.9509792328 0.4557266235 -0.4327306747 0.5027664900
6.7406120300 0.5226879120 -0.1503276825 0.2181202173
6.1867332458 0.9950752258 -0.3225584030 0.1860391498
6.1483879089 1.7012195587 -0.2556180954 0.4218833447
6.3301734924 0.2852783203 -0.2179651260 0.4113841057
5.8444633484 0.4825115204 -0.0485229492 0.6130085588
6.0944194794 0.4679012299 0.2568902969 -0.0937463045
6.4821357727 0.6821804047 -0.0317878723 0.9802877903
6.4750347137 0.5287761688 -0.2674722672 0.8134664297
6.4437904358 0.2012710571 0.0741996765 0.1774842143
5.9438781738 0.3644142151 -0.1119766235 0.6511169672
5.5135555267 0.1464843750 -0.2047166824 0.5418469906
4.9184894562 0.0539550781 0.0079574585 1.1541086435
4.7892513275 0.6115646362 0.1460208893 1.1916337013
5.7990169525 0.6724395752 0.0630435944 0.4434651732
5.3587532043 1.2337036133 0.9360513687 0.5910378695
5.2295150757 0.7807960510 0.0226001740 0.6402288675
4.6983585358 0.9001102448 0.3775215149 0.9725105762
5.1386222839 1.0522975922 -0.1161603928 0.8206603527
5.4198226929 0.4045925140 -0.1468410492 0.5531239510
5.1045360565 0.1878795624 -0.1468410492 0.4487147927
5.0704517365 0.6042613983 0.2931489944 1.1620802879
4.6372890472 0.7881011963 0.6048383713 0.7821630836
5.0022811890 0.7771434784 -0.0408525467 1.3228743076
4.6671142578 0.8173217773 0.4751424789 0.7426937222
4.0223407745 -0.1700630188 0.0205087662 1.0990848541
4.9866600037 0.5202541351 0.3140678406 1.1443871260
5.0392074585 -0.0848388672 0.6215734482 1.1690797806
4.1245956421 0.0478668213 0.6180868149 1.3419284821
4.4356212616 0.0636959076 0.1097621918 1.0436720848
4.5762214661 -0.2102394104 1.1403579712 1.2468520403
3.8476562500 0.1318740845 0.6250600815 0.5142378807
4.2580947876 0.1111774445 0.5588169098 0.2678943872
4.5392951965 -0.3185977936 0.8223934174 0.6824202538
4.5080509186 0.3327598572 0.5134935379 0.3732757568
4.1132335663 0.9268951416 0.7693986893 0.8702401519
4.2836589813 0.0941314697 1.3153781891 0.8529357910
3.9470691681 0.0332584381 0.6438865662 0.5949265361
3.8632774353 0.3595447540 1.5064353943 0.0501322150
3.6431465149 -0.2345905304 0.1829776764 0.7541651130
3.9385490417 -0.0507488251 0.7791614532 0.7088627815
3.1645374298 0.4861640930 1.2707509995 0.6608384848
3.2213459015 0.1123943329 1.4192743301 1.5756340027
3.6502475739 0.3120632172 1.0782985687 -0.0709979534
4.8574218750 0.4070262909 1.2330970764 -0.3490335941
4.1814041138 0.1391792297 1.0706291199 0.2375632524
4.0493240356 -0.3015518188 1.4855165482 1.0158685446
3.4982852936 -0.2540702820 0.9911375046 1.0788640976
3.7951087952 0.2657985687 0.7700967789 0.2262862921
4.2694568634 -0.4987850189 1.0971260071 0.4047734737
3.7482414246 0.1330909729 0.4312133789 0.3544159532
3.8519153595 -0.1116237640 0.5860118866 0.0810467005
3.6090621948 -0.0203113556 1.3432693481 0.6221467853
3.2852554321 0.4411163330 0.9095544815 1.2762110233
3.4258556366 -0.2333717346 1.0141477585 0.8572132587
3.3236007690 0.6870498657 -0.0757169724 0.6219523549
3.2483291626 0.2657985687 0.8963060379 0.4473537803
3.0850048065 -0.4038219452 0.8802680969 0.0931013823
3.7723846436 -0.2345905304 1.5036468506 0.0079408288
3.6573486328 0.4934692383 1.0587749481 0.4924616516
3.8405551910 0.0101261139 0.8133287430 0.4722408652
3.4982852936 0.4752063751 1.0029916763 -0.1437150240
2.7540988922 0.1184825897 1.2498321533 -0.2284866571
3.6346244812 -0.4281711578 0.5225582123 0.3005587459
3.7837467194 -0.1566715240 0.6557407379 0.4982945621
3.0352993011 -0.3660793304 0.8614416122 0.1251823902
2.9287834167 -0.4720001221 0.5323200226 -0.1030789614
3.4031314850 0.0819568634 0.1069726944 0.5834550858
2.7995452881 -0.0337047577 0.8607444763 0.3293344378
3.0281982422 -0.5730514526 0.8258800507 0.0075519681
3.0764846802 0.7089653015 0.7589397430 0.5379583836
2.8904380798 -0.3392944336 0.7568473816 0.3476108909
3.3079776764 -0.4379100800 0.6696863174 -0.0389169455
2.6703052521 -0.3112926483 0.9241971970 0.9219586253
3.0083141327 -0.6728858948 0.7965936661 0.1660128236
2.9586067200 0.7101821899 1.1724328995 0.6828091145
2.9245223999 -0.1189289093 0.7561502457 0.1280988455
2.8038043976 -0.3392944336 0.5985631943 0.2799490690
2.6106567383 -0.8043746948 0.4026241302 0.5284312963
1.9758262634 -0.0544013977 0.3844947815 0.1117666960
2.5410671234 -0.6448841095 1.0650501251 0.6705600023
2.8151664734 -0.0142250061 0.8070526123 0.4982945621
2.6475830078 0.0040378571 1.0183315277 0.6699767113
2.1008033752 -0.0032672882 1.3439664841 0.0528542399
3.0580215454 0.1562232971 0.2840843201 0.0859074593
2.3251953125 0.7345314026 1.2149677277 -0.0593321323
2.2527656555 0.0076904297 1.0078725815 0.1570690274
1.6761627197 -0.1761512756 1.4353122711 0.1267378330
2.2272014618 0.4204196930 1.0608663559 0.0614091754
1.5014781952 0.2584934235 1.2561082840 -0.2568734884
2.5041427612 -0.6765384674 0.3656673431 0.6153417230
2.0184326172 -0.5499191284 1.4799385071 -0.2319864035
1.5170993805 -0.7775897980 0.8258800507 0.3466387391
2.0937023163 0.5324287415 0.5309257507 -0.2553180456
2.2158412933 0.6249580383 1.2337951660 0.4553254247
1.5625457764 -0.0263996124 0.4005317688 0.1247935295
2.3209362030 0.2402305603 1.0908498764 0.2089819312
1.4787540436 0.1793556213 0.4144783020 0.5504019260
1.2884464264 -0.1773681641 0.9200143814 -0.1748238802
2.2982120514 -0.5219173431 0.1843719482 0.6400344372
1.8096618652 0.1623115540 0.8502845764 0.1821505427
2.0255336761 0.4118976593 0.2896633148 -0.1470203400
0.9390754700 0.3303260803 0.2255125046 -0.4095015526
2.0866012573 -0.5255699158 0.4563150406 0.6013427377
1.3495159149 0.2913646698 0.6243629456 0.5352363586
1.5582847595 -0.0702285767 -0.0513124466 -0.0235569477
1.3338928223 -0.4245185852 0.9695215225 0.7448324561
1.4716529846 -0.1432781219 0.4346990585 0.0001636147
1.2884464264 -0.5389633179 0.6989727020 0.6651159525
2.2982120514 0.4338111877 0.8000802994 -0.0350283384
1.2813453674 0.3936347961 0.3705482483 0.5021831989
0.7842731476 -0.8518581390 0.7129182816 0.5976485610
1.9573631287 -0.3563385010 -0.1663656235 0.2663389444
1.2969684601 0.3218021393 -0.0680475235 0.4094398022
1.7216091156 -0.0921440125 0.5881032944 0.0722973347
1.4972171783 0.2341442108 0.3754301071 -0.3159804344
1.9800872803 0.5470390320 0.2854795456 0.0886294842
1.4148445129 -0.4147777557 0.5086126328 -0.0933574438
1.1677284241 0.0235176086 0.1404428482 0.8949328065
1.0995597839 -0.9516925812 -0.0206317902 -0.7629761696
1.3651371002 -0.1091880798 0.3768243790 0.0896016359
0.8254604340 -0.1968479156 0.6599245071 0.6351736784
1.4262065887 0.0369110107 -0.2500400543 0.5113214254
1.4560317993 -0.1724987030 0.9534835815 0.2373688221
1.7670555115 0.0381278992 0.2582845688 0.0087185502
1.0839366913 0.5263404846 -0.1803112030 -1.0937025547
1.5398235321 -0.4890460968 0.6759624481 -0.2897323370
1.2813453674 0.0113430023 0.0358486176 -0.2216815948
1.2401599884 -0.1798038483 -0.2667751312 0.3923299313
1.1137619019 -0.0531845093 0.4333047867 0.4354935288
0.9362354279 0.2110118866 0.5999574661 -0.0076136589
0.9703216553 0.0576076508 0.0428218842 -0.2113767862
1.4034824371 -0.8080272675 0.4577102661 -0.3150082827
0.5527801514 -0.6254043579 0.5330171585 0.0553818345
1.0569534302 -1.2804145813 0.5860118866 0.0404106975
1.7627944946 -0.7605457306 0.3412628174 0.1181828976
0.6436729431 -0.0531845093 0.0253896713 0.0048299432
0.8254604340 -0.0227470398 0.5072174072 -0.0544713736
-0.1800441742 -0.1225814819 0.3119764328 0.1660128236
0.6138496399 -0.4354763031 0.2959384918 -0.1746294498
1.5170993805 -0.2845077515 -0.1259222031 0.5537072420
0.9703216553 -0.0446624756 0.3886785507 0.0102739930
0.9845237732 -0.6290569305 0.2987279892 -0.4153344631
0.6663970947 -0.2759838104 0.0288763046 -0.6997863054
0.8183593750 -0.8822956085 0.1955289841 0.1570690274
0.0017414093 -0.6120128632 -0.0429449081 -0.1223276854
0.5527801514 -0.0276165009 -0.1970462799 -0.1398264170
1.3651371002 -0.9809112549 1.0566825867 0.1660128236
1.1109218597 0.0783042908 0.4995479584 -0.1901838779
0.8936290741 -0.5328750610 0.1529941559 0.1076836586
0.6280517578 0.1282215118 0.1592693329 -0.3710042238
0.7274665833 -0.1213626862 0.0504922867 0.1891500354
1.2018146515 -0.6619281769 0.7394151688 0.1745677590
0.5328979492 -0.8932514191 0.5392932892 0.4613527656
0.5982265472 -0.6716690063 0.6278486252 0.0619924664
0.6365718842 -0.7836780548 0.4723529816 0.4580474496
0.7075824738 -0.6765384674 0.0755949020 0.0040522218
0.7643909454 -1.0624828339 0.2359714508 0.3034752011
0.9774227142 -0.9943046570 0.2324848175 0.1852614284
0.8638057709 -0.4853935242 -0.4620170593 -0.3227854967
0.7416687012 -0.5474853516 0.8788738251 -0.3039257526
0.6138496399 -0.6278400421 0.8196039200 -0.1757960320
0.7274665833 -0.1834564209 0.2819929123 -0.5487138033
0.3241271973 -0.3064212799 0.2882680893 0.5546793938
0.5485191345 -1.2085819244 1.1201362610 0.0001636147
1.0455913544 -1.0052604675 0.3119764328 0.1415145993
0.1153583527 -0.5523548126 0.7498750687 -0.0779974461
0.3397502899 -0.5340919495 -0.3100070953 -1.1292831898
1.1364841461 0.2061405182 0.8802680969 -0.6455401182
0.9092521667 -0.5170478821 0.7491779327 -0.2562901974
0.6891193390 -0.3185977936 0.1104593277 0.2280361652
0.7871150970 -0.5645294189 0.1606645584 -0.4724969864
0.9475975037 -0.7775897980 0.5846166611 -0.5535745621
0.1608047485 0.3059749603 0.3398675919 -0.5368534327
0.6891193390 -0.9139499664 0.4821147919 0.1770953536
0.4988136292 0.0308227539 0.4054136276 -0.0830526352
0.4121799469 -0.9005565643 -0.1858892441 0.2525343895
1.2515220642 -0.7739372253 0.4814176559 0.0271894336
0.1267185211 -0.1250152588 0.2729282379 -0.0986070633
0.9277153015 -0.7800254822 -0.2054138184 0.0497433543
0.5897064209 -0.5231342316 0.5002450943 0.3145577312
0.6734981537 -0.5876617432 -0.2793264389 0.0516876578
0.4533672333 -0.5085258484 0.5664873123 0.1121555567
0.1039962769 -0.9468212128 -1.1286268234 -0.1859064102
0.5442600250 -0.6753215790 -0.0520095825 0.1397646666
0.2715797424 -0.3392944336 0.0170221329 0.4819623828
0.5186958313 0.1623115540 0.1020917892 -0.1295216084
0.5669822693 -0.5000038147 0.3077926636 0.0384663939
0.1991500854 -0.7106285095 0.2527065277 -0.1977666616
0.3922977448 -0.7361965179 0.4158725739 0.4776849151
0.2034111023 -0.0702285767 0.1097621918 0.3968018293
0.1806869507 -0.6107940674 0.3817052841 0.0684087276
1.0796756744 -1.0637016296 0.3405647278 -0.2576512098
0.6280517578 -0.2759838104 0.0246925354 -0.1382709742
1.0455913544 -0.8457698822 0.3733377457 0.2165647745
0.6507740021 -0.3660793304 0.2192363739 0.4629082084
1.0228691101 -0.7033233643 0.8907279968 0.4527978301
0.6962203979 0.0843925476 -0.0115671158 -0.5570743084
0.6734981537 -0.2540702820 0.4751424789 0.7051686049
0.3468513489 -0.4586086273 -0.2814178467 -0.1818233728
0.5371589661 -0.1128406525 0.8725976944 0.1265434027
0.3326492310 -0.5121784210 0.4256343842 0.4631026387
1.0455913544 -0.8104629517 0.5776443481 0.1524026990
0.5712432861 -0.9772586823 0.8858470917 0.3456665874
1.4787540436 -0.6521892548 0.7903175354 0.2820878029
0.3397502899 -0.3222484589 0.0588598251 0.4881841838
-0.0096206665 -0.1128406525 0.2345771790 0.0441048741
-0.0096206665 -0.9297771454 1.0734176636 -0.0505827665
0.1196174622 -1.3644199371 0.4653806686 -0.2358750105
0.4618873596 -0.2272853851 0.2150526047 0.2509789467
0.4988136292 -0.2005004883 0.4911804199 -0.5422974825
0.4988136292 -0.7410659790 0.3238306046 0.2323136330
0.7729129791 0.1757049561 0.4346990585 -0.3908361197
0.4917125702 -0.3965167999 0.8161172867 -0.1736572981
0.3582134247 -0.1262340546 0.4890880585 -0.0799417496
0.6436729431 -1.0125656128 -0.1015176773 -1.1489207745
0.6621360779 -0.4683475494 0.2680473328 0.5434024334
0.6436729431 -0.2686805725 0.1641502380 -0.2576512098
0.2943038940 -0.6010551453 0.3614835739 -0.1293271780
0.0060024261 -0.3940811157 0.2387609482 0.0026912093
1.0881977081 -0.2942466736 0.1376533508 0.3742479086
0.4505252838 -0.2857246399 -0.3490552902 -0.0916075706
0.7871150970 -0.8043746948 0.1083669662 -0.0080025196
0.7388267517 -0.7228031158 -0.4836330414 0.1916776299
0.6252117157 -0.5706176758 0.7931070328 -0.5082721710
0.6507740021 -0.3185977936 -0.0924520493 0.1226547956
0.5073337555 -0.6546249390 0.4130830765 -0.0795528889
0.4121799469 -0.6509723663 0.3363819122 -0.0404723883
0.7530288696 -0.1262340546 0.8168144226 -0.3807257414
1.0384902954 0.0235176086 0.6480703354 -0.0991903543
0.9816818237 -0.4793052673 0.4890880585 -0.4030853510
1.1293830872 -0.8189849854 0.1181297302 -0.3912249804
0.1948890686 -0.1128406525 -0.0408525467 -0.2426800728
0.3014049530 -0.4050388336 0.0477027893 -0.1017179489
0.4036598206 -1.1513595581 -0.4243631363 0.3907744884
0.2943038940 0.0235176086 0.1836748123 -0.5842945576
0.5826053619 -0.4890460968 0.9214086533 -0.1184390783
0.8339805603 -0.6521892548 1.0971260071 0.2682832479
0.6209506989 -0.2918128967 0.6250600815 -0.0750809908
0.6479339600 -0.6887130737 -0.0345773697 -0.4567481279
0.2332344055 -0.3672962189 -0.2326078415 -0.4890235662
-0.0252418518 -0.4951324463 -0.2849044800 -0.0900521278
0.6209506989 0.0880451202 0.1257991791 0.3133911490
1.0313892365 -0.8701190948 0.4451589584 -0.0035305619
0.6053276062 -1.1684055328 -0.1740350723 -0.6161811352
1.3793392181 -0.7629814148 0.8921222687 0.0514932275
0.8254604340 -0.5426158905 0.4556179047 -0.1827955246
0.9617996216 -0.0531845093 0.5860118866 -0.4548038244
-0.0479660034 -0.1213626862 0.4737482071 0.3997182846
0.2303943634 -0.7946357727 0.5581197739 -0.8005012274
0.9703216553 -0.9443874359 -0.2570133209 0.0458547473
0.6820201874 -0.5365276337 0.6717786789 0.3736646175
0.4079189301 -0.6424484253 0.3203439713 -0.0245290995
0.9774227142 -0.3758182526 0.6885137558 -0.1023012400
1.1137619019 -0.3928642273 0.4423694611 -0.2197372913
0.7274665833 -0.8956871033 0.4842071533 0.3246681094
0.7274665833 -0.1189289093 0.7031564713 -0.1697686911
0.5755043030 -0.6594944000 -0.2632884979 0.1627075076
0.5755043030 -0.3453807831 -0.2591047287 0.2826710939
0.4164409637 -0.6107940674 0.4862985611 0.3686094284
0.7800140381 -0.5645294189 -0.0575876236 0.3324453235
0.1650638580 -0.6375789642 0.3203439713 0.3011420369
0.2985649109 -0.3052043915 0.8279714584 0.4139117002
0.8865280151 -0.1639747620 0.6236648560 0.1619297862
0.2872028351 -0.2954654694 -0.1321983337 0.4809902310
1.1023998260 -0.6120128632 0.4465532303 0.1282932758
1.0115070343 -0.7873306274 0.2108688354 0.7669975162
0.9845237732 -1.0210876465 -0.9208335876 0.3087248206
0.8410816193 -0.3599910736 -0.6293668747 -0.1783236265
0.2303943634 -0.5219173431 0.0358486176 -0.0113078356
0.2943038940 -0.7459354401 0.0239953995 0.3112524152
1.3267917633 -0.7021064758 -0.2507371902 0.2923926711
1.1364841461 -0.9821281433 0.1034860611 0.1875945926
0.6053276062 0.0612602234 0.2882680893 0.2066487670
0.6962203979 -0.7459354401 0.4869966507 0.2202589512
1.3452548981 -0.5097427368 0.4395809174 -0.0360004902
1.3424148560 0.0466499329 0.2603769302 -0.5189658403
0.5755043030 -0.2467651367 0.2973327637 0.3207795024
0.9433364868 0.0028209686 0.8809652328 -0.1635469198
0.8254604340 -0.2248497009 0.5295314789 -0.0752754211
1.0839366913 -0.2918128967 0.2415494919 -0.4631643295
0.2417564392 -0.9054279327 0.5769472122 0.7673863769
0.7118434906 -0.3770370483 1.0685367584 -0.1617970467
0.7416687012 -0.0884914398 0.8670196533 0.1280988455
1.0157680511 -0.7167167664 0.7924098969 0.1969272494
0.8069972992 -0.6047077179 0.3740348816 0.9021267295
0.6706581116 -0.8786430359 0.0142326355 -0.0365837812
0.6010684967 -0.8482055664 0.2004098892 -0.0422222614
1.0228691101 -0.9370822906 0.5030336380 0.0995175838
0.6820201874 -0.1627578735 -0.5484809875 -0.2757333517
0.3667335510 -0.1992835999 1.2365837097 0.3491663337
0.9816818237 -0.3660793304 -0.0938472748 0.4255775213
0.8936290741 -0.4281711578 -0.0192365646 -0.1604360342
0.5982265472 -0.6217517853 -0.1545114517 0.1527915597
0.5442600250 -0.2370243073 -0.0031995773 0.1329596043
1.4830150604 -0.1603240967 0.1118535995 -0.1030789614
0.6252117157 -0.8859462738 -0.0143556595 -0.0597209930
1.0952987671 -0.8055934906 0.0944213867 0.7633033395
0.9163532257 -0.8250732422 0.2799005508 0.1702902913
-0.2751979828 -0.3831233978 0.6668977737 0.0429382920
0.5556201935 -0.2747669220 0.2673492432 0.7518319488
0.7572898865 -0.1554527283 -0.0631666183 -0.0517493486
-0.0508060455 0.2524051666 -0.1489334106 -0.1563529968
0.7729129791 -1.1379680634 0.0923299789 0.1034061909
0.6479339600 -0.8749904633 0.0804758072 0.2605060339
0.6053276062 0.0271701813 0.0107469559 0.4876008928
0.7913742065 -0.7264556885 0.6794481277 0.0547985435
0.8822689056 -0.4720001221 -0.0052909851 0.3684149981
1.0612144470 -0.2418956757 0.2464313507 -0.1652967930
1.1137619019 -0.1128406525 0.1794910431 0.3728868961
0.9475975037 -0.2723331451 -0.1098842621 0.1586244702
1.1336441040 -0.9918689728 0.5476608276 0.0269950032
0.5527801514 -0.5426158905 -0.1984405518 0.0781302452
0.4391651154 -0.5426158905 0.9499979019 0.2748938799
0.7956352234 -0.9334297180 0.2143554688 -0.3488391638
1.1023998260 -1.0990085602 0.1760044098 -0.0754698515
0.8183593750 -0.5840091705 0.7617292404 -0.9548790455
1.6349773407 -0.9991741180 0.4653806686 -1.0588994026
1.2358989716 -0.3940811157 0.3043060303 0.1714568734
0.8709068298 -0.2686805725 0.7331399918 -0.0544713736
0.9930438995 -0.7885475159 -0.0234203339 -0.0118911266
0.6394138336 -0.1043186188 0.3900728226 0.3571380377
1.1521072388 -0.5328750610 0.1509017944 0.4475482106
1.6917839050 -0.3490333557 0.2715330124 -0.3025647402
0.8936290741 -0.5572242737 0.0560703278 -0.3669211864
0.6394138336 -0.7459354401 0.5218610764 0.2731440067
1.1066608429 -0.0544013977 0.8070526123 0.0950456858
0.3851966858 -0.6984539032 0.1020917892 0.0645200610
1.0157680511 -0.8055934906 0.0707139969 0.4877953231
1.2813453674 -1.0795288086 0.6710815430 0.4417153001
0.5527801514 -0.8360309601 0.8719005585 -0.3288128376
1.1705703735 -0.4646949768 0.2255125046 0.4440484643
1.0768356323 0.5506916046 0.6313352585 0.4973224103
0.7459278107 -0.4415626526 0.1857662201 0.1700958610
1.0086669922 -0.4622612000 0.3426570892 -0.2123489380
0.8865280151 -0.6120128632 0.4158725739 0.3835805655
0.7416687012 -0.2808551788 0.5581197739 -0.2039884329
1.7145080566 -0.3295536041 0.2778091431 0.0872684717
0.6053276062 -0.4525203705 0.5176773071 -0.3367844820
1.1364841461 -1.0052604675 0.6048383713 0.1883723140
0.9319744110 -0.9297771454 -0.0541009903 0.8719900250
1.1592082977 -0.5328750610 0.0679244995 -0.0457220078
0.4079189301 -0.8615970612 0.8412199020 0.7914958000
0.3738346100 -0.9882164001 0.2631654739 -0.0064470768
0.9277153015 -0.5779228210 0.0686216354 -0.3509778976
0.8638057709 0.2816257477 -0.0624685287 0.3427501321
0.5641422272 -0.5900974274 0.4298181534 -0.4268058538
0.7161045074 -1.0685710907 -0.4362163544 0.1222659349
0.6663970947 -0.3295536041 -0.4048385620 0.2781991959
0.5328979492 -0.3198146820 -0.3762502670 0.0153291821
0.5783443451 -0.2248497009 0.3566026688 -0.5442417860
0.8183593750 -0.0470962524 0.7059459686 -0.0548602343
1.0313892365 -0.6899318695 -0.0792036057 0.0098851323
1.1677284241 -0.9273414612 0.4849042892 0.2746994495
0.9248733521 -0.3405113220 0.2778091431 -0.0332784653
1.1677284241 0.4009399414 0.3210411072 0.1543470025
1.4787540436 0.0198650360 0.2945442200 -0.4390549660
0.8936290741 -0.7435016632 1.0308828354 0.6544222832
1.2089157104 -0.7751560211 0.5225582123 -0.1610193253
1.1904525757 0.5129489899 0.1801881790 0.1994548440
1.4446697235 -0.0544013977 0.2129611969 -0.3507834673
0.3326492310 -0.2589397430 0.2045936584 0.0106628537
0.8453426361 -0.6120128632 0.5720653534 -0.6109315157
1.3722381592 -0.2418956757 -0.0436420441 -0.2092380524
0.6053276062 -0.3356418610 -0.1796140671 -0.3465059996
0.2786808014 0.4447689056 -0.1308031082 0.2542842627
0.7047424316 0.0198650360 -0.2423696518 -0.2490962744
1.0910377502 -0.7325439453 0.1697292328 0.0763803720
1.1819305420 -0.1639747620 0.8251819611 0.0791023970
0.6933803558 -0.1566715240 0.2059879303 0.7145012617
1.2089157104 -0.3465995789 -0.4201793671 0.7306390405
1.1222820282 -0.1822376251 -0.0220260620 -0.4956341982
0.9546985626 -0.6339263916 0.2840843201 -0.2854548693
1.0995597839 -1.1233577728 0.2018041611 -0.1211611032
1.1819305420 -0.6680164337 -0.4933948517 -0.0406668186
1.6150932312 -0.4415626526 0.3607864380 0.4701021314
1.2628822327 -0.5097427368 -0.1112794876 0.4205223322
1.1450061798 -1.0697879791 -0.2277269363 0.0682142973
1.2202777863 -0.5426158905 0.2561931610 -0.0017806888
1.3836002350 -0.7374134064 0.2220258713 0.7699139714
1.1180229187 -0.7909832001 0.6661996841 -0.0336673260
0.3241271973 0.3498058319 0.4577102661 0.1825394034
1.3424148560 -0.2236328125 0.3308029175 -0.2949819565
0.6891193390 -0.1043186188 0.9555759430 -0.0334728956
0.8936290741 -0.0750980377 0.6836318970 0.0915459394
0.7004814148 -0.7605457306 0.4172668457 0.4648525119
0.5442600250 0.4374637604 0.2143554688 0.0792968273
1.3267917633 -0.2613754272 0.2059879303 0.6192303300
0.9504375458 -0.1530189514 0.9228029251 -0.0360004902
0.8339805603 0.1696166992 1.2414646149 -0.5874054432
1.2884464264 -0.4476509094 0.8223934174 -0.2304309607
1.5923709869 -0.7337608337 0.2492198944 0.8299930096
1.1450061798 -0.0166587830 0.0511894226 0.5824829340
1.0157680511 0.3084106445 0.1111564636 0.2857820392
0.3354892731 -0.2029361725 0.6306381226 -0.5500748158
1.3338928223 -0.1359729767 0.4563150406 0.0411884189
0.9546985626 0.3096275330 0.4723529816 -0.1192167997
1.5696468353 -0.0714454651 0.5323200226 -0.5020503998
1.0796756744 0.2268390656 0.7122211456 -0.1423540115
1.5313014984 0.4252891541 0.3837976456 -0.0908298492
0.7572898865 -0.8725547791 0.3566026688 0.3968018293
0.7345676422 -0.3453807831 -0.0276041031 0.2599227428
1.2813453674 -0.8080272675 0.1076698303 -0.3074254990
0.7274665833 -0.1822376251 -0.4529514313 0.4129395485
1.4943771362 -0.7848949432 0.3063983917 -0.3249242306
1.5085792542 -0.6655807495 0.3126735687 0.4564920068
1.2430000305 -0.6582756042 0.0602540970 -0.3461171389
0.6209506989 -0.9675197601 0.1746101379 -0.4905790091
1.7599544525 -0.2418956757 -0.4661998749 -0.5648515224
0.8453426361 -0.7751560211 -0.2144784927 -0.4668585062
0.9319744110 -0.0373573303 1.1187419891 -0.0921908617
1.6378173828 0.0990028381 0.7387180328 0.2035378814
1.2927074432 -0.9431686401 0.1251020432 0.3894134760
1.8054008484 -0.6862792969 -0.5282592773 -0.1890172958
1.4176845551 -1.1233577728 1.5008573532 0.1734011769
1.9033946991 -0.9090785980 -0.3385963440 -0.6861760616
1.2430000305 -0.8275070190 0.8830575943 0.6684212685
1.3566169739 -0.3027687073 0.3970460892 -0.1293271780
1.3111705780 -0.0750980377 0.5832223892 0.4092453718
1.5767478943 -0.7106285095 0.1948318481 0.6367291212
1.5852699280 -1.0551776886 0.1711235046 -0.3391176462
0.8254604340 -0.8749904633 0.8384313583 0.5054885149
1.2969684601 -0.2199802399 0.5511474609 0.1008785963
0.8069972992 -0.0166587830 0.4744453430 -0.2199317217
1.6534385681 -0.9821281433 0.2143554688 0.0757970810
1.9715652466 -0.4306068420 0.2833871841 0.2892817855
0.3354892731 -0.8518581390 -0.0952415466 -0.2522071600
1.9346389771 0.0332584381 -0.3776445389 -0.1748238802
1.3267917633 -0.6862792969 0.1941337585 0.5367918015
1.9261188507 -0.6461009979 0.3161602020 0.4205223322
1.2628822327 0.1927490234 0.6745672226 0.2531176805
1.3679790497 -0.6765384674 -0.1133708954 0.0499377847
1.6491794586 -0.3502521515 0.6146001816 0.5783998966
1.5582847595 -0.4379100800 0.1495075226 -0.0729422569
1.7485923767 -0.4829578400 0.6675949097 0.1794285178
1.7400722504 -0.4452152252 0.6132059097 0.3273901343
0.8794269562 -0.5097427368 0.1097621918 0.0499377847
0.6209506989 -0.6984539032 0.4270296097 0.3841638565
2.0866012573 -0.8993396759 -0.0736255646 -0.0562212467
1.8352260590 0.0076904297 1.0657472610 -0.4514985085
1.0612144470 -0.3332061768 0.2310905457 0.4553254247
1.4560317993 -0.4586086273 0.1906480789 -0.7112576962
1.8352260590 -0.5000038147 0.3196468353 0.4813790917
1.0455913544 -0.5645294189 0.6508598328 -0.3678933382
1.2770843506 -0.6351451874 0.3698511124 -0.2104046345
0.7118434906 -0.4208660126 0.3440513611 0.7660253644
1.8664703369 -0.8822956085 0.3963479996 -0.0871356726
1.5014781952 -0.5608768463 -0.3720664978 -0.0002252460
1.5014781952 -0.6254043579 0.8405227661 0.4899340570
1.2969684601 -0.4172134399 0.5176773071 0.3612210751
1.6804237366 -0.6461009979 0.2115659714 0.0229119658
1.0001449585 -0.1055355072 0.9618511200 0.1341261864
1.5398235321 -0.5401802063 0.1125507355 0.0347722173
1.1932926178 -0.1420612335 0.2011070251 0.5249315500
1.6349773407 -0.9127311707 -0.3915901184 0.3701648712
1.0455913544 -0.3587741852 0.4423694611 0.6723098755
1.2813453674 -0.6899318695 0.8084478378 0.7312223315
1.3338928223 -0.5840091705 0.0714111328 0.9950644970
1.3424148560 -1.0831813812 1.2303085327 -0.2648452520
1.0115070343 -1.0381336212 0.1055784225 0.2041211724
1.2770843506 -0.2857246399 -0.0701389313 -0.8658299446
0.9774227142 -0.0884914398 0.3412628174 -0.3593384027
1.2742443085 -0.2577228546 0.1209182739 -0.0262789726
1.6832637787 -0.5572242737 0.1244049072 0.1885667443
1.0541133881 -0.6582756042 0.0581626892 0.1652351022
1.2884464264 -0.3234672546 -0.3385963440 -0.3383399248
1.7982997894 -0.4987850189 -0.3385963440 0.2743105888
0.7189445496 -0.0568370819 0.4193592072 -0.0000308156
1.1364841461 -0.3709487915 0.0044708252 0.1986771226
0.6550350189 -0.3052043915 0.4695644379 0.0997120142
1.0683155060 -0.4050388336 0.0449142456 0.3915522099
1.4333076477 -0.7641983032 -0.0547990799 0.4337436557
1.4262065887 -0.9443874359 -0.3330173492 0.7701084018
1.5085792542 -0.3563385010 0.0811729431 -0.1332157850
0.6436729431 -1.2560634613 -0.4048385620 -0.3830589056
0.8069972992 -0.5474853516 0.7177991867 0.4325770736
1.6307163239 -0.5267868042 -0.1531171799 -0.0054749250
1.5014781952 -0.0483150482 0.2889652252 0.1745677590
1.2969684601 0.0003852844 -0.5317459106 -0.2082659006
0.9475975037 -0.1213626862 0.2178421021 -0.5177992582
1.4560317993 -0.0994491577 0.3398675919 0.1570690274
1.4262065887 0.1842269897 0.4995479584 -0.2096269131
1.4631309509 -0.0677947998 0.4416723251 0.2402852774
0.3440113068 -0.4147777557 0.3726406097 0.8128831387
0.9845237732 0.4045925140 0.3956508636 0.1959550977
1.5398235321 -0.0507488251 0.0811729431 -0.2679561377
1.0228691101 -0.4853935242 -0.0638637543 0.3011420369
1.1222820282 -0.4354763031 0.0386381149 -0.6140424013
1.0271282196 -0.7715034485 0.3231325150 -0.0264734030
1.5966320038 -0.5170478821 -0.3267421722 0.3567491174
1.6534385681 0.0162124634 0.6892108917 0.0606314540
1.5313014984 -0.2638092041 -0.0792036057 0.6308962107
1.1975536346 -0.4245185852 0.3112792969 0.1673738360
0.7572898865 0.1111774445 0.0023794174 -0.3348401785
1.0001449585 0.0843925476 0.6703834534 -0.1882395744
0.6280517578 -0.4695663452 -0.2277269363 0.5428191423
1.6534385681 0.0381278992 -0.3908929825 -0.0179184675
0.8254604340 -0.1018829346 -0.4850273132 0.1516249776
1.6463375092 -0.5060901642 -0.1600894928 0.0248562694
1.1137619019 -0.9236888885 0.5595149994 -0.2065160275
1.2060756683 -0.3660793304 0.0665302277 0.3400281072
1.0086669922 -0.2978992462 -0.8650503159 -0.2018496990
0.7274665833 -0.6765384674 0.3677597046 0.1887611747
0.9930438995 -0.2272853851 0.0776863098 -0.1925170422
0.6280517578 -0.0373573303 0.8900308609 -0.1940724850
0.5073337555 -0.0677947998 0.0281791687 -0.2341251373
1.0952987671 -0.2516345978 0.3524188995 -0.1977666616
1.3196907043 -0.6254043579 0.7435989380 0.3983572721
0.9774227142 -0.3758182526 0.6557407379 0.6474227905
0.9248733521 -0.2540702820 -0.1022148132 -0.0183073282
0.2786808014 -0.2272853851 -0.5024595261 -0.5253820419
1.0271282196 -0.2370243073 -0.2214508057 -0.0647761822
1.1251239777 -0.5742702484 -0.0045938492 0.2498123646
0.5371589661 -0.5133953094 0.0267839432 0.3479997516
1.3722381592 0.2475357056 0.1125507355 0.3892190456
0.8453426361 -0.2978992462 0.0867509842 -0.0060582161
1.1705703735 0.3473701477 -0.2465534210 0.1391813755
1.1251239777 -0.2029361725 -0.2514343262 0.0989342928
0.7572898865 -0.2918128967 -0.3406877518 0.3514994979
1.1222820282 -0.9906520844 -0.5226812363 0.6938916445
1.3949623108 0.3644142151 0.4793262482 -0.2757333517
1.1592082977 -0.4963512421 0.1292858124 -0.1252441406
1.0313892365 -0.2236328125 -0.0666522980 -0.2510405779
0.7047424316 -0.4926986694 0.0895404816 0.3419724107
1.6917839050 0.0442142487 0.1467180252 0.4924616516
1.1563682556 -1.4898223877 0.0972108841 -0.5094387531
0.7118434906 -0.5779228210 0.0002870560 -0.1919337511
1.8962936401 0.3838939667 -0.1858892441 0.2577840090
1.0995597839 -0.0470962524 -0.3427801132 -0.6099593639
0.8709068298 0.0807399750 -0.2786293030 -0.5341314077
0.7416687012 0.4143314362 -0.6426153183 0.1216826439
0.8027362823 -0.0921440125 0.0344543457 -0.2284866571
1.3267917633 -0.7678508759 0.3824024200 -0.0986070633
0.8339805603 -0.5474853516 0.6236648560 -0.2697060108
0.4462661743 -0.7739372253 0.0735025406 -0.0247235298
0.7118434906 -0.4683475494 0.2025012970 -0.2308198214
0.6095886230 0.1659641266 -0.0408525467 0.0444937348
0.6209506989 -0.4050388336 0.1773986816 0.0971844196
0.6820201874 -0.6521892548 0.1871614456 0.1679571271
1.2287979126 -0.4926986694 -0.1217384338 0.4739907384
1.7216091156 0.0198650360 0.1627559662 -0.3923915625
1.1748294830 -0.4914798737 0.6369142532 -0.3076199293
1.5923709869 -0.6424484253 -0.4173898697 -0.4128068686
1.0044059753 -0.7532405853 0.0128383636 0.1854558587
1.1677284241 0.1428318024 0.3363819122 0.1212937832
1.2202777863 0.5835628510 0.0330600739 0.0485767722
0.4462661743 -0.3222484589 -0.5700969696 0.2068431973
0.8794269562 0.0405635834 0.2492198944 0.4491036534
1.4105834961 -0.0483150482 -0.1001224518 0.2257030010
1.2770843506 0.1391792297 0.1746101379 -0.3260908127
1.2515220642 0.0442142487 -0.1063985825 -0.6593446732
1.2287979126 -0.4817409515 -0.3915901184 -0.3665323257
1.0683155060 0.2816257477 -0.1328954697 0.8119109869
0.6053276062 -0.9504737854 0.1976203918 0.4094398022
0.7729129791 -0.4951324463 0.7463884354 0.3791086674
0.4462661743 0.2852783203 0.5037317276 0.5803442001
0.8410816193 -0.6935844421 0.2527065277 -0.6080150604
0.8226203918 -0.5133953094 0.1920423508 0.3324453235
0.5215358734 -1.1720581055 -0.1684570312 0.1961495280
1.4063243866 -0.7873306274 0.2310905457 -0.7013417482
1.0683155060 -0.4586086273 0.3566026688 -0.3770315647
0.7871150970 -0.0349216461 1.0043859482 -0.6855927706
0.6436729431 -0.5024375916 0.1801881790 0.1642629504
0.8567047119 0.0880451202 -0.4899082184 -0.6958976984
0.4959716797 -0.4452152252 -0.2849044800 0.0839631557
1.4631309509 -1.0904846191 0.2450361252 0.1076836586
1.2401599884 -0.3806896210 0.7184972763 0.5476799011
0.6820201874 -0.3502521515 0.7554531097 -0.0321118832
1.2430000305 -0.4549560547 0.2408523560 0.3040584922
0.8680667877 0.0137786865 0.3635759354 0.1566801667
0.7643909454 -0.4403457642 0.3524188995 -0.1794902086
0.7274665833 -0.7057590485 0.2589817047 -0.5790449381
1.0654754639 -0.9127311707 -0.1684570312 0.2251197100
1.1137619019 0.5153846741 -0.6098423004 -0.1822122335
1.7287101746 0.4167671204 0.7728853226 -0.0890799761
1.2998085022 -0.5706176758 0.1202211380 -0.6035431623
1.1932926178 -0.1834564209 0.2792034149 -0.1129949093
0.6933803558 0.0709991455 -0.2500400543 -0.2802052498
0.5144348145 -0.6680164337 -0.0185394287 -0.0849969387
0.7047424316 -0.2577228546 0.5288333893 0.1230436563
0.6394138336 -0.1834564209 -0.0541009903 0.3639431000
0.8638057709 -0.1055355072 -0.4383087158 -0.6517618895
1.4744930267 -0.6387958527 0.0065631866 0.0415772796
1.0768356323 -0.1895427704 -0.1266193390 0.4226610661
1.8125019073 -0.3149452209 -0.4055356979 0.1868168712
1.6605396271 -0.3064212799 0.1620588303 -0.9025772810
0.8339805603 -0.2479820251 0.7847394943 -0.0095579624
0.9774227142 -0.4926986694 0.6152982712 -0.1293271780
1.2856063843 -0.0848388672 0.2561931610 -0.5564910173
0.5442600250 -0.2345905304 0.6975784302 0.3874691725
0.7686519623 -0.4987850189 0.7073402405 -0.7962237597
0.8112583160 -0.5231342316 0.3119764328 -0.9068547487
0.7274665833 -0.5645294189 0.3022146225 -0.5469638109
0.7615509033 -0.8591632843 0.1125507355 0.3717203140
0.7345676422 -0.1992835999 0.5232553482 0.1086558104
0.6095886230 0.3254547119 0.3440513611 0.5074328184
1.4560317993 -0.6047077179 -0.1851921082 0.3721091747
1.5469245911 0.1793556213 0.1125507355 -0.1419651508
1.3949623108 -0.6521892548 0.0651350021 -0.2166264057
0.9887828827 -0.3161621094 0.1878585815 -0.0140298605
1.3424148560 -0.2370243073 -0.2737483978 -0.3303682804
1.4631309509 -0.3490333557 0.6738700867 -0.2984817028
0.4689884186 0.0503025055 0.8426141739 -0.1575195789
1.1677284241 -0.3234672546 -0.1154632568 0.1656239629
0.4988136292 -0.4013862610 -1.0045089722 -0.1862952709
1.4176845551 -0.9407348633 0.3273162842 0.0956289768
0.9845237732 -0.5998363495 -0.1663656235 -0.4872736931
1.8281250000 -0.2857246399 -0.2061109543 -0.0562212467
1.4404087067 -0.0337047577 0.3328952789 0.3310843110
0.8638057709 -0.4695663452 -0.1684570312 -0.0214182138
1.6008911133 -0.2613754272 0.0567674637 -0.1079397202
0.9319744110 -0.1895427704 -0.4027471542 -0.2010719776
1.1066608429 -0.4439983368 0.3203439713 0.0540208220
1.3196907043 0.0783042908 0.3545112610 -0.0190850496
1.0384902954 -0.2954654694 0.0602540970 0.6369235516
0.7800140381 -0.3733844757 0.2819929123 0.7213063240
0.7729129791 -0.5998363495 -0.0568904877 0.7804132104
1.5852699280 0.1732692719 0.0009841919 0.8336871862
0.9390754700 -0.0349216461 -0.0038967133 -0.6400960684
1.0157680511 -0.1822376251 -0.3134937286 -0.5008838177
1.2969684601 -0.3234672546 0.2826900482 0.4421041608
0.6663970947 0.3997230530 0.3635759354 0.2789769173
0.5982265472 0.1964015961 0.4130830765 0.4520201087
0.7956352234 -0.7410659790 0.4061107635 0.1735956073
1.6534385681 0.0344753265 0.3447484970 0.1704847217
0.9617996216 -0.6582756042 0.5392932892 -0.3245353699
1.3878612518 -0.2467651367 0.1808853149 -0.3830589056
1.0313892365 -0.2163276672 -0.8831806183 0.2505900860
1.0541133881 -0.2991161346 0.0323629379 0.2241475582
0.4917125702 -0.4306068420 -0.6265773773 0.5574014187
1.1137619019 -0.4476509094 -0.2779321671 0.3281678557
0.6209506989 -0.1384086609 -0.6237878799 0.6194247603
1.3040695190 -0.0957965851 0.0811729431 -0.0630263090
0.7501888275 -0.6619281769 0.8363389969 -0.3669211864
0.6053276062 0.0076904297 0.3914670944 0.6824202538
1.2770843506 0.5032081604 0.4082021713 0.0413828492
1.8281250000 -0.4208660126 0.9813756943 -0.2697060108
1.1180229187 -0.5438327789 0.2624683380 -0.8473590612
0.5755043030 -0.2479820251 0.5232553482 0.1807895303
1.0001449585 -0.4208660126 0.3252248764 0.3769699335
1.3907012939 -0.4488677979 0.5009422302 0.2130650282
0.4760894775 -0.6594944000 -0.0561933517 -0.0527215004
1.1450061798 -0.4269542694 0.8997926712 0.3643319607
1.3111705780 0.0003852844 0.4353971481 0.4454094768
1.0995597839 -0.3185977936 0.1097621918 0.2851987481
1.6420783997 -0.1798038483 -0.0359716415 0.6485893726
1.4262065887 -1.2195396423 0.1725177765 -0.1332157850
0.5755043030 -0.8189849854 -0.6774797440 0.4372434020
1.3679790497 -0.4756526947 0.1969232559 -0.4188342094
1.1634693146 -0.6278400421 0.5894985199 0.1139054298
1.1705703735 -0.5292224884 -0.5080375671 -0.0282232761
1.3111705780 -0.1822376251 0.1257991791 0.4936282337
1.0768356323 -0.4208660126 0.4521312714 0.2995865941
0.7118434906 -0.2114582062 -0.0059881210 0.4358823895
1.3651371002 -0.8579444885 -0.0150527954 -0.3885029554
0.7047424316 -0.5085258484 0.1502046585 0.3765810728
1.1975536346 -0.4452152252 -0.1719436646 0.1417090297
0.9319744110 -0.3405113220 0.8014745712 -0.6144312620
0.5641422272 -0.5255699158 -0.1280145645 0.6497559547
1.2174358368 -0.7715034485 -0.0785064697 0.2445627451
1.2358989716 -0.3928642273 -0.1782188416 0.1415145993
1.1023998260 -0.3879928589 0.6668977737 0.4222722054
1.1592082977 0.0758705139 0.4535264969 0.7354997993
1.0455913544 -0.4646949768 -0.1015176773 -0.0216126442
0.9390754700 -0.3356418610 0.0965137482 -0.0566101074
1.2358989716 -1.0052604675 -0.0471286774 -0.6721770763
0.5442600250 -0.6241874695 -0.1105823517 0.8821004033
0.5826053619 -0.6521892548 0.1564807892 -0.4227228165
1.2430000305 -0.1359729767 0.5274391174 0.0271894336
1.2287979126 -0.8762073517 0.8405227661 -0.4779410362
1.0995597839 -0.8518581390 0.4465532303 -0.0799417496
1.1222820282 -0.3125095367 0.1160373688 -0.5625183582
1.0541133881 -0.6887130737 0.1104593277 0.0283560157
0.7075824738 -0.0349216461 0.1397457123 -0.0451387167
1.6150932312 -0.3222484589 -0.2807207108 0.0934902430
0.5897064209 -0.5693988800 -0.1363821030 0.3046417832
0.7388267517 -0.6509723663 0.4479484558 0.2443683147
1.4787540436 0.2353610992 0.2868738174 0.1691237092
1.4787540436 -0.3332061768 0.7310476303 0.6565610170
0.9092521667 -0.2893772125 -0.1321983337 0.0359387994
1.6917839050 -0.8494224548 0.0058660507 -0.3463115692
0.2644786835 -0.3490333557 -0.6551666260 0.5418469906
0.7416687012 -0.6716690063 -0.1412630081 0.2727551460
1.2515220642 -0.9297771454 0.7554531097 0.6186470389
1.1904525757 -0.5121784210 0.2471284866 -0.1870729923
1.5313014984 -0.8421173096 0.2485227585 0.7306390405
1.4901161194 -0.7568931580 -0.2458562851 0.2500067949
0.7530288696 -0.0921440125 1.0008993149 -0.0515549183
1.0612144470 -1.3656387329 0.2589817047 0.1978994012
1.6832637787 -1.1209220886 0.1767015457 -0.0943295956
1.9261188507 -1.5214767456 0.4319105148 -0.3599216938
1.7216091156 -0.9480400085 0.2743225098 -0.1137727499
1.5469245911 -1.0892677307 -0.1593923569 -0.1456593275
1.4176845551 -0.4172134399 -0.0380640030 -0.1509089470
1.8352260590 -0.9675197601 0.6892108917 0.0034689307
1.8693103790 -0.6120128632 0.7233781815 0.2169536352
1.9190177917 -1.0150012970 0.3559055328 0.6935027838
2.3663825989 -0.9224720001 0.6187839508 0.3804696798
2.2186813354 -0.8749904633 0.1062755585 -0.1625747681
1.3651371002 -1.2767620087 0.3921651840 -0.5751563311
2.1931171417 -1.2487583160 0.4493427277 -0.1563529968
2.0866012573 -0.8384647369 0.0581626892 0.2171480656
2.6333808899 -2.0705642700 0.9179220200 0.0439104438
3.0580215454 -1.9792537689 0.8628358841 0.1842892766
2.4501743317 -1.7454948425 0.5539360046 -0.2191540003
2.9103202820 -2.0924797058 0.3775215149 0.1924553514
3.4301147461 -2.1363086700 0.6166925430 1.0203404427
3.0281982422 -2.0888271332 0.4012298584 0.5025720596
3.3505840302 -1.7016658783 0.8530740738 -0.1662689447
3.2099838257 -2.3980693817 1.1863794327 -0.4312777519
2.9515056610 -1.8368072510 1.4701766968 0.0351610780
3.2213459015 -1.8197612762 0.7380208969 0.2264807224
3.2483291626 -2.1594409943 0.3147649765 -0.6908423901
3.3349609375 -2.3286724091 0.2241172791 -0.1330213547
4.1700420380 -2.5563430786 1.2491350174 -0.0262789726
3.8093109131 -1.9244651794 0.7087345123 -0.0558323860
3.7752246857 -2.4918165207 0.6501626968 -0.1038566828
4.0152397156 -2.5733880997 0.6766595840 0.0242729783
3.6999549866 -2.7767086029 1.4834251404 0.2642002106
3.4869232178 -2.2337093353 1.5719804764 0.5925933719
4.1245956421 -2.1728343964 0.9827699661 0.1448199153
3.9697933197 -2.0109081268 0.9513921738 -0.4077516794
3.7113151550 -2.4784240723 0.8670196533 -0.1756016016
4.1402187347 -2.4577264786 1.4618091583 0.1282932758
3.7482414246 -1.6675758362 1.2777242661 -0.0704146624
4.1288566589 -2.5429506302 1.3892908096 0.0056076646
4.7054595947 -2.9264602661 1.1856813431 0.6273964047
4.2609348297 -2.2178802490 1.4318256378 -0.1565474272
4.1970252991 -1.6322689056 1.1891679764 0.5560404062
4.5009498596 -2.9203729630 1.3070106506 0.3378893733
4.0521659851 -1.7649745941 1.3830146790 -0.6618722677
4.3489875793 -1.8173274994 2.1932668686 0.7831352949
5.2451362610 -3.2722272873 1.9778041840 0.4117729664
4.4782257080 -2.4820766449 1.5587320328 0.7631089091
4.4924278259 -2.7158346176 0.8042640686 -0.4575258493
4.0905113220 -2.7328796387 1.5482730865 0.5505963564
5.7379474640 -2.4796419144 1.4492578506 -0.3746984005
4.3560886383 -2.3968524933 1.9352693558 -0.0395002365
5.2593383789 -3.2223100662 0.5190715790 0.7607757449
5.3587532043 -3.3343191147 2.0823974609 -0.4859126806
5.2366161346 -2.6586122513 1.8990106583 0.4774904847
5.4539070129 -2.9240255356 1.7790765762 -0.2022385597
5.1045360565 -3.6679115295 1.9073781967 0.3501384854
4.7367038727 -2.9739427567 1.2902755737 0.1572634578
4.6074657440 -2.9946393967 1.2644758224 0.6793093681
5.6470546722 -3.0250768661 1.9087724686 0.2257030010
5.6243324280 -2.8680210114 1.8320703506 0.5214318037
5.6967620850 -3.0689067841 2.0712413788 0.5515685081
6.2094554901 -3.2977943420 2.2671794891 -0.3612827063
5.8671875000 -3.7275686264 2.7587699890 0.7778856158
8.0699243546 -4.0270709991 2.1946620941 0.3054195046
7.3853855133 -4.2778739929 3.1115989685 -0.2572623491
8.0770254135 -4.7636528015 2.8940443993 -0.3476725817
8.2360887527 -5.6670303345 3.2524518967 -0.4674417973
9.4134378433 -5.7717342377 3.2196793556 -0.4264169931
10.3010663986 -5.5659790039 4.0355095863 -0.3651713133
11.4258680344 -7.2570724487 4.6233258247 -0.4223339558
11.5053997040 -7.5626621246 4.9698791504 0.2780047655
13.1826620102 -8.4404726028 5.3617568016 -0.0083913803
14.4920902252 -9.5946531296 6.6154856682 0.1936219335
15.5714454651 -9.8162355423 6.9243855476 0.6736708879
16.4434509277 -9.6798772812 6.6747555733 0.0485767722
16.7516365051 -10.4298515320 7.8496904373 0.1767064929
17.5909767151 -12.0162401199 7.8462042809 0.0219398141
18.5354137421 -11.5986413956 8.1042022705 0.6062034965
18.1903038025 -11.8932743073 8.7052669525 -0.0886911154
18.7299804688 -12.5336732864 9.1159706116 0.7689418197
19.5721626282 -12.8003044128 9.7853698730 0.4759350419
20.1118412018 -12.6347255707 9.7804889679 0.6347848177
21.0903625488 -13.6428070068 10.0008325577 1.1611081362
21.1059837341 -14.5766220093 9.7644510269 1.1449704170
20.8929538727 -13.9289169312 10.4875421524 0.7216951847
21.4738178253 -14.0811033249 10.1730642319 0.1837059855
21.2735671997 -13.9240474701 10.3836460114 1.1381653547
21.0605373383 -14.5096597672 11.3905334473 0.2974478602
21.8203468323 -14.3026866913 11.5272026062 0.5457355976
21.5079021454 -14.1870250702 11.0370073318 0.6345903873
21.7436561584 -14.9601306915 11.7566108704 0.3256402612
21.5874328613 -15.0076131821 12.2433204651 0.3145577312
22.5943584442 -15.4045143127 11.3919286728 0.0717140436
23.0942707062 -15.7454118729 12.3479137421 0.7331666350
23.3286037445 -15.3886871338 12.4908590317 0.5420414209
23.1539192200 -16.5733051300 12.4211292267 0.2157870531
24.0585899353 -16.1593589783 13.1288795471 0.0678254366
24.8624248505 -16.8886356354 11.9337234497 0.5420414209
24.8510646820 -16.9129848480 13.7027502060 0.5916211605
25.2842254639 -17.5436439514 13.7306423187 0.7944122553
25.7969207764 -17.4620723724 13.5270328522 0.9863151312
26.6391010284 -17.7177448273 13.5876970291 1.0393946171
27.3151187897 -18.7489604950 14.4460620880 0.4701021314
27.2767734528 -19.3893585205 14.2347831726 0.4578530192
27.5324096680 -19.9262733459 14.8832635880 0.4858510196
28.2268905640 -19.3077869415 14.6936006546 0.8191049099
29.6953811646 -20.4120502472 15.0554943085 1.0115910769
30.1328048706 -20.8746967316 15.2765350342 1.2032996416
30.2989692688 -20.7249450684 15.8978214264 0.6365346909
30.6795845032 -21.6356277466 16.0031127930 0.3270012736
31.3087348938 -21.2789039612 16.5693130493 0.2649779320
32.1594390869 -22.7788505554 16.4193954468 0.7285003066
32.3951911926 -23.2451496124 17.0392875671 0.7771078944
33.5526580811 -24.1022624969 17.4890403748 0.4629082084
34.0128059387 -24.5271663666 17.2575397491 1.6520452499
34.4757919312 -24.2520141602 18.1591358185 1.0660316944
34.6916618347 -24.7353572845 17.4276771545 1.0887800455
34.8251609802 -24.8814563751 17.8641815186 2.0420727730
34.8365249634 -24.7998847961 17.3921165466 1.5388866663
33.6776351929 -24.3128890991 16.7317810059 1.5711621046
33.5341949463 -24.0072994232 16.3719787598 1.6384351254
31.6282806396 -23.2889785767 15.9082813263 1.3638992310
29.1145191193 -22.2224578857 14.7417135239 1.8822510242
27.2852954865 -20.8406066895 13.4677629471 1.6145200729
26.5027618408 -19.6072902679 13.6755561829 1.4589756727
24.9007701874 -18.4823303223 11.9720745087 1.2762110233
23.5260124207 -17.7822723389 10.7448425293 1.5293595791
22.1384735107 -16.9762935638 10.2358198166 1.8501698971
21.9865112305 -17.3853702545 10.4805688858 1.9386358261
21.6144180298 -16.8728084564 10.2358198166 1.9051938057
22.0319576263 -18.3435363770 10.1200695038 1.7311784029
23.6325283051 -18.6771278381 11.2496805191 1.1068620682
25.0143871307 -20.2050781250 11.7573089600 2.1198449135
28.2567138672 -22.1372337341 13.1358528137 2.6096153259
31.2107410431 -24.7450981140 13.8150138855 2.6992478371
33.8906669617 -28.1309375763 15.2116870880 3.0256967545
38.6355705261 -30.8374176025 17.3558578491 3.4913578033
40.8155860901 -33.5938148499 18.8543357849 3.3253142834
43.3506507874 -35.3896102905 20.4692611694 3.6992039680
45.5718536377 -37.1342773438 21.2871818542 3.5687410831
