189.3683013916 -4.6156091690 33.2977371216 15.5740203857
188.4076843262 -1.9784252644 30.2918395996 18.4284496307
185.2135314941 0.4424767494 26.4603271484 20.9234848022
179.9095916748 2.5189633369 21.9615058899 22.9312610626
172.7256774902 4.1419854164 16.9857482910 24.3377418518
163.9741668701 5.2306647301 11.7434673309 25.0669002533
154.0086364746 5.7386536598 6.4450778961 25.0565319061
143.2416076660 5.6541409492 1.2909708023 24.2859058380
132.0974273682 5.0025687218 -3.5324869156 22.7792091370
120.9944915771 3.8448252678 -7.8750019073 20.5744552612
110.3276519775 2.2736015320 -11.6203479767 17.7614936829
100.4387359619 0.4052181244 -14.7023906708 14.4509086609
91.6165008545 -1.6258313656 -17.0910739899 10.7740154266
84.0554199219 -3.6786909103 -18.8084430695 6.8794136047
77.8851623535 -5.6106867790 -19.9085998535 2.9226074219
73.1410675049 -7.2955036163 -20.4797191620 -0.9374389648
69.7760086060 -8.6186389923 -20.6320190430 -4.5590400696
67.6721115112 -9.4955806732 -20.4877357483 -7.8039665222
66.6584625244 -9.8708925247 -20.1711139679 -10.5650939941
66.4993438721 -9.7227668762 -19.7963790894 -12.7491111755
66.9649200439 -9.0611991882 -19.4677352905 -14.3041877747
67.7840805054 -7.9298090935 -19.2593269348 -15.1957664490
68.7211151123 -6.3985705376 -19.2192478180 -15.4238433838
69.5579605103 -4.5610842705 -19.3695430756 -15.0091552734
70.1178207397 -2.5200383663 -19.6981868744 -14.0000839233
70.2710418701 -0.3908443451 -20.1751232147 -12.4553756714
69.9469146729 1.7147221565 -20.7422351837 -10.4510536194
69.1336441040 3.6957907677 -21.3353977203 -8.0631484985
67.8606948853 5.4623951912 -21.8764591217 -5.3745918274
66.2223663330 6.9500136375 -22.2952804565 -2.4545021057
64.3365173340 8.1150264740 -22.5237274170 0.6245498657
62.3445854187 8.9401702881 -22.5117034912 3.8107261658
60.4174842834 9.4327106476 -22.2251415253 7.0660209656
58.7143287659 9.6226387024 -21.6520175934 10.3593292236
57.3765525818 9.5599346161 -20.7983436584 13.6802825928
56.5397071838 9.3045768738 -19.6901721954 17.0323352814
56.3098716736 8.9274463654 -18.3735904694 20.4224033356
56.7459716797 8.5012454987 -16.8966941833 23.8712177277
57.8833770752 8.0904903412 -15.3236083984 27.3995151520
59.7220764160 7.7542548180 -13.7144527435 31.0349388123
62.2326126099 7.5343375206 -12.1233329773 34.7878570557
65.3560485840 7.4598202705 -10.5943355560 38.6824607849
69.0216674805 7.5370640755 -9.1635284424 42.7187500000
73.1410675049 7.7578892708 -7.8449440002 46.9001770020
77.6199645996 8.0959434509 -6.6425857544 51.2094688416
82.3699493408 8.5130577087 -5.5444326401 55.6224288940
87.3144073486 8.9610710144 -4.5244321823 60.1079635620
92.3708343506 9.3854560852 -3.5525264740 64.6211395264
97.4920959473 9.7325973511 -2.5906400681 69.1066741943
102.6074600220 9.9534225464 -1.6067113876 73.5092697144
107.6992568970 10.0043125153 -0.5726833344 77.7632675171
112.7203292847 9.8570957184 0.5294780731 81.8064727783
117.6353225708 9.4945049286 1.7077884674 85.5697555542
122.4147644043 8.9147243500 2.9522290230 88.9909210205
127.0056304932 8.1295681000 4.2427597046 92.0043182373
131.3666534424 7.1653866768 5.5413055420 94.5580978394
135.4330139160 6.0594420433 6.8017778397 96.5935211182
139.1222076416 4.8562607765 7.9740762711 98.0725708008
142.3517303467 3.6058249474 9.0020923615 98.9537811279
145.0272827148 2.3590240479 9.8337230682 99.2095031738
147.0545654297 1.1649303436 10.4268865585 98.8259201050
148.3392944336 0.0653467178 10.7475147247 97.7926559448
148.7930755615 -0.9033775330 10.7795772552 96.1097183228
148.3451843262 -1.7157974243 10.5230751038 93.7978363037
146.9484863281 -2.3573727608 9.9900293350 90.8812103271
144.5617065430 -2.8235599995 9.2205209732 87.4012908936
141.2025451660 -3.1189026833 8.2546262741 83.4030151367
136.9004516602 -3.2588498592 7.1524653435 78.9485778809
131.7202453613 -3.2633934021 5.9801664352 74.1105651855
125.7562561035 -3.1570701599 4.8058638573 68.9649887085
119.1263198853 -2.9689595699 3.6876711845 63.5982475281
111.9718780518 -2.7245066166 2.6877102852 58.1036415100
104.4402694702 -2.4500648975 1.8460597992 52.5641136169
96.7082901001 -2.1674447060 1.1947822571 47.0764198303
88.9173736572 -1.8939118385 0.7459020615 41.7269554138
81.2266464233 -1.6403713226 0.4994192123 36.5882911682
73.7716522217 -1.4150021076 0.4393014908 31.7329940796
66.6702499390 -1.2205305099 0.5314817429 27.2198181152
60.0108489990 -1.0542297363 0.7418947220 23.0971355438
53.8641586304 -0.9133739471 1.0204410553 19.3925971985
48.2655448914 -0.7916016579 1.3210306168 16.1234798431
43.2385787964 -0.6825523376 1.6015801430 13.2897853851
38.7714767456 -0.5807723999 1.8220124245 10.8845996857
34.8347663879 -0.4817190170 1.9522681236 8.8802795410
31.3871994019 -0.3835744858 1.9763150215 7.2457199097
28.3816223145 -0.2854294777 1.8881421089 5.9360008240
25.7532272339 -0.1900110245 1.6917572021 4.9096488953
23.4548492432 -0.0991363525 1.4051952362 4.1182861328
21.4216613770 -0.0173492432 1.0545072556 3.5135345459
19.6183242798 0.0508065224 0.6697530746 3.0504684448
17.9976730347 0.1016964912 0.2829942703 2.6876182556
16.5302429199 0.1307764053 -0.0737047195 2.3973350525
15.1983642578 0.1389551163 -0.3702859879 2.1485252380
13.9843444824 0.1253237724 -0.5847072601 1.9273567200
12.8823013306 0.0935177803 -0.7049427032 1.7165565491
11.8863372803 0.0462627411 -0.7269859314 1.5161247253
11.0023498535 -0.0100793839 -0.6528406143 1.3226051331
10.2244338989 -0.0700564384 -0.4985380173 1.1429061890
9.5526046753 -0.1245813370 -0.2841176987 0.9804878235
8.9809570312 -0.1700186729 -0.0356302261 0.8491706848
8.5036010742 -0.2000074387 0.2228765488 0.7454986572
8.0969619751 -0.2109122276 0.4653520584 0.6832962036
7.7610473633 -0.2009162903 0.6637411118 0.6591072083
7.4722747803 -0.1718363762 0.8060207367 0.6729278564
7.2070770264 -0.1254901886 0.8761577606 0.7213096619
6.9595642090 -0.0664215088 0.8721494675 0.8007888794
6.7120437622 -0.0019006729 0.7960004807 0.8940963745
6.4468460083 0.0626201630 0.6637411118 0.9977684021
6.1639709473 0.1207799911 0.4873952866 1.1014366150
5.8575210571 0.1653089523 0.2890062332 1.1878318787
5.5333862305 0.1916623116 0.0906171799 1.2534904480
5.1974716187 0.1971149445 -0.0857286453 1.2915039062
4.8615570068 0.1798486710 -0.2219953537 1.2984161377
4.5374221802 0.1407728195 -0.3021526337 1.2673149109
4.2368698120 0.0835213661 -0.3201885223 1.2085647583
3.9775619507 0.0117306709 -0.2740974426 1.1256294250
3.7595138550 -0.0664215088 -0.1678895950 1.0219573975
3.6062850952 -0.1463913918 -0.0135869980 0.9079170227
3.5061035156 -0.2199997902 0.1767864227 0.7938804626
3.4648437500 -0.2808861732 0.3791828156 0.6902084351
3.4707412720 -0.3254146576 0.5775718689 0.6038131714
3.5237808228 -0.3499507904 0.7499103546 0.5381546021
3.6062850952 -0.3526768684 0.8801660538 0.5001411438
3.7064743042 -0.3354105949 0.9563150406 0.4897766113
3.8066558838 -0.2999696732 0.9703426361 0.5070533752
3.8950576782 -0.2518062592 0.9202442169 0.5519790649
3.9657745361 -0.1963725090 0.8120317459 0.6141815186
4.0011367798 -0.1409387589 0.6557254791 0.6867523193
4.0011367798 -0.0918664932 0.4653520584 0.7662315369
3.9598846436 -0.0546078682 0.2589473724 0.8422584534
3.8891601562 -0.0337066650 0.0545463562 0.9079170227
3.7948684692 -0.0318894386 -0.1278104782 0.9597549438
3.6828994751 -0.0509729385 -0.2740974426 0.9908561707
3.5650329590 -0.0882315636 -0.3702859879 1.0012207031
3.4471664429 -0.1418476105 -0.4103651047 0.9908561707
3.3528747559 -0.2072772980 -0.3923292160 0.9632110596
3.2762603760 -0.2763423920 -0.3221921921 0.9182853699
3.2291183472 -0.3426809311 -0.2039604187 0.8629951477
3.2173309326 -0.4008407593 -0.0556697845 0.8007888794
3.2291183472 -0.4417343140 0.1086530685 0.7385864258
3.2762603760 -0.4626355171 0.2729749680 0.6798400879
3.3351974487 -0.4571828842 0.4212656021 0.6314582825
3.4059143066 -0.4262852669 0.5354900360 0.5934448242
3.4825286865 -0.3690342903 0.6076316833 0.5727119446
3.5473556519 -0.2881560326 0.6276702881 0.5623435974
3.5886077881 -0.1872849464 0.5956077576 0.5623435974
3.6062850952 -0.0736918449 0.5154504776 0.5727119446
3.6003952026 0.0453543663 0.3932104111 0.5899925232
3.5591430664 0.1644001007 0.2409124374 0.6141815186
3.4884185791 0.2743582726 0.0725822449 0.6349143982
3.4000244141 0.3697767258 -0.0937442780 0.6521949768
3.2939453125 0.4461116791 -0.2440385818 0.6660156250
3.1819686890 0.4997277260 -0.3642749786 0.6729278564
3.0758895874 0.5288076401 -0.4424276352 0.6763839722
2.9874877930 0.5333514214 -0.4724864960 0.6729278564
2.9226684570 0.5169939995 -0.4504432678 0.6694717407
2.8873062134 0.4833703041 -0.3803062439 0.6660156250
2.8814086914 0.4361152649 -0.2680864334 0.6625595093
2.9167709351 0.3824992180 -0.1238031387 0.6660156250
2.9874877930 0.3270659447 0.0385150909 0.6798400879
3.0817871094 0.2770848274 0.2068452835 0.7005729675
3.1996459961 0.2343735695 0.3631515503 0.7351303101
3.3234100342 0.2043848038 0.4934072495 0.7765998840
3.4530639648 0.1880273819 0.5895957947 0.8249816895
3.5709228516 0.1862101555 0.6437015533 0.8768157959
3.6770019531 0.1980237961 0.6477098465 0.9321060181
3.7536163330 0.2198338509 0.6076316833 0.9839439392
3.8007659912 0.2480049133 0.5234661102 1.0254135132
3.8184432983 0.2798109055 0.4052343369 1.0530586243
3.8125534058 0.3097996712 0.2629556656 1.0634269714
3.7771911621 0.3343358040 0.1106567383 1.0599708557
3.7300415039 0.3497843742 -0.0396375656 1.0323257446
3.6711120605 0.3534193039 -0.1739015579 0.9874000549
3.6121826172 0.3434233665 -0.2821130753 0.9251976013
3.5591430664 0.3207044601 -0.3582630157 0.8491706848
3.5237808228 0.2861723900 -0.3963375092 0.7627754211
3.5119934082 0.2416434288 -0.3923292160 0.6763839722
3.5237808228 0.1898450851 -0.3542547226 0.5899925232
3.5532455444 0.1353201866 -0.2821130753 0.5139656067
3.6121826172 0.0817041397 -0.1879291534 0.4517631531
3.6828994751 0.0326318741 -0.0797166824 0.4068374634
3.7712936401 -0.0082616806 0.0325031281 0.3861045837
3.8538055420 -0.0373415947 0.1347036362 0.3861045837
3.9363098145 -0.0536990166 0.2228765488 0.4102935791
4.0011367798 -0.0555167198 0.2849988937 0.4552192688
4.0423889160 -0.0437030792 0.3190650940 0.5208778381
4.0600662231 -0.0191669464 0.3210697174 0.5969009399
4.0482788086 0.0171828270 0.2930145264 0.6798400879
4.0070266724 0.0617117882 0.2389078140 0.7662315369
3.9363098145 0.1126012802 0.1627588272 0.8457145691
3.8420181274 0.1662173271 0.0745859146 0.9148292542
3.7418289185 0.2198338509 -0.0216026306 0.9735755920
3.6239624023 0.2707233429 -0.1137838364 1.0115890503
3.5178833008 0.3170695305 -0.1979484558 1.0288696289
3.4177017212 0.3570542336 -0.2660818100 1.0288696289
3.3410873413 0.3906779289 -0.3161802292 1.0081329346
3.2880477905 0.4161229134 -0.3442354202 0.9701194763
3.2703704834 0.4352068901 -0.3542547226 0.9182853699
3.2762603760 0.4461116791 -0.3442354202 0.8595390320
3.3116226196 0.4515643120 -0.3201885223 0.7938804626
3.3764495850 0.4515643120 -0.2861213684 0.7316741943
3.4589538574 0.4470205307 -0.2500505447 0.6763839722
3.5473556519 0.4388418198 -0.2139797211 0.6280021667
3.6475372314 0.4270277023 -0.1839208603 0.5899925232
3.7359390259 0.4124879837 -0.1618776321 0.5692558289
3.8184432983 0.3961305618 -0.1538619995 0.5623435974
3.8773727417 0.3770470619 -0.1558656693 0.5692558289
3.9186325073 0.3570542336 -0.1698932648 0.5899925232
3.9363098145 0.3352446556 -0.1939401627 0.6210937500
3.9245223999 0.3134346008 -0.2219953537 0.6591072083
3.9009475708 0.2925333977 -0.2520542145 0.7040290833
3.8538055420 0.2725410461 -0.2801094055 0.7489547729
3.8007659912 0.2552747726 -0.3021526337 0.7938804626
3.7418289185 0.2434611320 -0.3141765594 0.8388023376
3.6887893677 0.2370996475 -0.3181838989 0.8733596802
3.6416473389 0.2380084991 -0.3081645966 0.9044609070
3.6121826172 0.2470960617 -0.2881250381 0.9251976013
3.6003952026 0.2661795616 -0.2600698471 0.9424743652
3.6062850952 0.2934422493 -0.2260036469 0.9493865967
3.6298599243 0.3297920227 -0.1899328232 0.9493865967
3.6652145386 0.3743205070 -0.1538619995 0.9424743652
3.7123641968 0.4233927727 -0.1258068085 0.9321060181
3.7595138550 0.4761004448 -0.1057672501 0.9217414856
3.8066558838 0.5288076401 -0.0957479477 0.9079170227
3.8479080200 0.5787887573 -0.0977516174 0.8906402588
3.8714828491 0.6215000153 -0.1117792130 0.8768157959
3.8832702637 0.6551232338 -0.1358270645 0.8629951477
3.8655929565 0.6760244370 -0.1678895950 0.8526268005
3.8361206055 0.6842031479 -0.2039604187 0.8422584534
3.7830810547 0.6769332886 -0.2420349121 0.8353462219
3.7182540894 0.6551232338 -0.2781057358 0.8318901062
3.6416473389 0.6205911636 -0.3061609268 0.8284378052
3.5650329590 0.5742449760 -0.3261995316 0.8284378052
3.4884185791 0.5197200775 -0.3362197876 0.8318901062
3.4235916138 0.4606513977 -0.3362197876 0.8422584534
3.3705520630 0.4015831947 -0.3241958618 0.8526268005
3.3410873413 0.3461494446 -0.3041563034 0.8629951477
3.3351974487 0.2988944054 -0.2781057358 0.8802719116
3.3528747559 0.2625446320 -0.2500505447 0.9010047913
3.3882369995 0.2407345772 -0.2219953537 0.9251976013
3.4471664429 0.2343735695 -0.1979484558 0.9493865967
3.5237808228 0.2443699837 -0.1819171906 0.9735755920
3.6003952026 0.2698144913 -0.1718969345 1.0012207031
3.6828994751 0.3088908195 -0.1739015579 1.0254135132
3.7595138550 0.3588719368 -0.1859245300 1.0461463928
3.8243331909 0.4170317650 -0.2039604187 1.0634269714
3.8714828491 0.4779176712 -0.2300109863 1.0772476196
3.9009475708 0.5378952026 -0.2580661774 1.0876159668
3.9068450928 0.5933284760 -0.2841176987 1.0876159668
3.8950576782 0.6405835152 -0.3061609268 1.0841598511
3.8596954346 0.6760244370 -0.3201885223 1.0772476196
3.8125534058 0.6987433434 -0.3241958618 1.0634269714
3.7536163330 0.7060132027 -0.3141765594 1.0461463928
3.6946868896 0.6996521950 -0.2921333313 1.0254135132
3.6357498169 0.6796593666 -0.2580661774 1.0081329346
3.5827102661 0.6487622261 -0.2119760513 0.9874000549
3.5473556519 0.6087775230 -0.1578702927 0.9701194763
3.5237808228 0.5633401871 -0.0997562408 0.9597549438
3.5178833008 0.5160851479 -0.0416421890 0.9528427124
3.5355682373 0.4688301086 0.0144681931 0.9493865967
3.5650329590 0.4261193275 0.0625619888 0.9528427124
3.6062850952 0.3879518509 0.1006374359 0.9597549438
3.6593246460 0.3579630852 0.1266880035 0.9735755920
3.7123641968 0.3361530304 0.1387119293 0.9874000549
3.7654037476 0.3216133118 0.1387119293 1.0046768188
3.8125534058 0.3161606789 0.1286916733 1.0219573975
3.8479080200 0.3161606789 0.1086530685 1.0392341614
3.8655929565 0.3207044601 0.0866098404 1.0530586243
3.8714828491 0.3288831711 0.0625619888 1.0634269714
3.8596954346 0.3388795853 0.0425233841 1.0668792725
3.8361206055 0.3479671478 0.0284957886 1.0668792725
3.8066558838 0.3552370071 0.0244874954 1.0634269714
3.7654037476 0.3606896400 0.0325031281 1.0565147400
3.7241516113 0.3625068665 0.0525426865 1.0496025085
3.6887893677 0.3606896400 0.0846052170 1.0357780457
3.6593246460 0.3570542336 0.1246843338 1.0254135132
3.6416473389 0.3506932259 0.1707744598 1.0150451660
3.6416473389 0.3434233665 0.2188692093 1.0081329346
3.6534347534 0.3352446556 0.2669630051 1.0046768188
3.6770019531 0.3270659447 0.3090457916 1.0046768188
3.7182540894 0.3207044601 0.3411083221 1.0081329346
3.7654037476 0.3143434525 0.3611478806 1.0150451660
3.8125534058 0.3088908195 0.3651561737 1.0254135132
3.8655929565 0.3043470383 0.3551359177 1.0392341614
3.9068450928 0.2988944054 0.3310890198 1.0530586243
3.9421997070 0.2925333977 0.2950181961 1.0703353882
3.9539871216 0.2843546867 0.2509317398 1.0841598511
3.9539871216 0.2725410461 0.2028369904 1.0945281982
3.9363098145 0.2561836243 0.1547431946 1.1048927307
3.8950576782 0.2352824211 0.1106567383 1.1118049622
3.8420181274 0.2107462883 0.0785942078 1.1152610779
3.7771911621 0.1825752258 0.0605583191 1.1187171936
3.7005767822 0.1516776085 0.0585546494 1.1187171936
3.6298599243 0.1189627647 0.0745859146 1.1187171936
3.5591430664 0.0862479210 0.1086530685 1.1221733093
3.5002059937 0.0571680069 0.1587514877 1.1256294250
3.4530639648 0.0317230225 0.2228765488 1.1325416565
3.4294891357 0.0126395226 0.2970218658 1.1429061890
3.4177017212 0.0017342567 0.3751754761 1.1567306519
3.4294891357 -0.0009918213 0.4533290863 1.1740074158
3.4648437500 0.0062780380 0.5274744034 1.1947441101
3.5061035156 0.0217266083 0.5895957947 1.2154769897
3.5591430664 0.0453543663 0.6376905441 1.2327575684
3.6180725098 0.0753426552 0.6697530746 1.2500343323
3.6711120605 0.1098752022 0.6837806702 1.2604026794
3.7182540894 0.1462249756 0.6777687073 1.2673149109
3.7477264404 0.1816663742 0.6557254791 1.2638587952
3.7595138550 0.2125635147 0.6196546555 1.2534904480
3.7536163330 0.2380084991 0.5715608597 1.2293014526
3.7241516113 0.2561836243 0.5174541473 1.2016563416
3.6711120605 0.2643623352 0.4613447189 1.1601867676
3.6062850952 0.2643623352 0.4052343369 1.1152610779
3.5237808228 0.2543659210 0.3551359177 1.0703353882
3.4353790283 0.2361912727 0.3130531311 1.0185012817
3.3469848633 0.2125635147 0.2829942703 0.9735755920
3.2644729614 0.1843924522 0.2629556656 0.9321060181
3.1878662109 0.1553125381 0.2529354095 0.9010047913
3.1289291382 0.1271414757 0.2549400330 0.8802719116
3.0935668945 0.1026053429 0.2649593353 0.8733596802
3.0817871094 0.0844302177 0.2809906006 0.8802719116
3.0876770020 0.0735254288 0.2970218658 0.8975486755
3.1112518311 0.0717077255 0.3150577545 0.9321060181
3.1583938599 0.0780692101 0.3270807266 0.9735755920
3.2114334106 0.0917000771 0.3350963593 1.0254135132
3.2762603760 0.1107840538 0.3350963593 1.0807037354
3.3351974487 0.1344113350 0.3270807266 1.1359939575
3.3882369995 0.1598563194 0.3130531311 1.1878318787
3.4353790283 0.1834836006 0.2890062332 1.2327575684
3.4589538574 0.2034759521 0.2629556656 1.2707672119
3.4707412720 0.2161984444 0.2328968048 1.2949600220
3.4589538574 0.2216510773 0.2008333206 1.3087806702
3.4235916138 0.2171072960 0.1727781296 1.3053245544
3.3764495850 0.2043848038 0.1487312317 1.2915039062
3.3175125122 0.1816663742 0.1306962967 1.2673149109
3.2467956543 0.1525864601 0.1206760406 1.2293014526
3.1760787964 0.1180539131 0.1206760406 1.1878318787
3.1053543091 0.0807952881 0.1286916733 1.1429061890
3.0523147583 0.0453543663 0.1427192688 1.0979843140
3.0110626221 0.0144567490 0.1647624969 1.0565147400
2.9874877930 -0.0100793839 0.1888103485 1.0185012817
2.9874877930 -0.0237107277 0.2168645859 0.9908561707
3.0051727295 -0.0264368057 0.2429161072 0.9735755920
3.0464248657 -0.0155320168 0.2649593353 0.9666633606
3.0994644165 0.0071868896 0.2829942703 0.9701194763
3.1701812744 0.0435366631 0.2930145264 0.9804878235
3.2409057617 0.0898828506 0.2970218658 1.0012207031
3.3175125122 0.1434988976 0.2930145264 1.0288696289
3.3882369995 0.2025675774 0.2829942703 1.0565147400
3.4471664429 0.2643623352 0.2669630051 1.0876159668
3.4943161011 0.3234310150 0.2469234467 1.1221733093
3.5237808228 0.3779554367 0.2268848419 1.1532745361
3.5355682373 0.4243016243 0.2068452835 1.1809196472
3.5296707153 0.4615602493 0.1928176880 1.2051086426
3.5061035156 0.4879140854 0.1827983856 1.2293014526
3.4707412720 0.5024538040 0.1827983856 1.2465782166
3.4294891357 0.5060887337 0.1928176880 1.2673149109
3.3823394775 0.5006365776 0.2128572464 1.2845916748
3.3410873413 0.4870052338 0.2429161072 1.3053245544
3.3057250977 0.4679217339 0.2829942703 1.3260612488
3.2880477905 0.4470205307 0.3330926895 1.3502502441
3.2821578979 0.4243016243 0.3871994019 1.3778953552
3.2939453125 0.4052181244 0.4453125000 1.4089965820
3.3175125122 0.3897690773 0.5014228821 1.4400978088
3.3646621704 0.3806819916 0.5575332642 1.4746551514
3.4177017212 0.3779554367 0.6056270599 1.5057601929
3.4825286865 0.3815903664 0.6457061768 1.5368614197
3.5532455444 0.3915867805 0.6737613678 1.5575942993
3.6180725098 0.4079442024 0.6897926331 1.5748710632
3.6770019531 0.4279365540 0.6937999725 1.5783271790
3.7241516113 0.4506554604 0.6837806702 1.5714187622
3.7595138550 0.4751915932 0.6657447815 1.5506820679
3.7830810547 0.5006365776 0.6376905441 1.5195808411
3.7889785767 0.5260815620 0.6036233902 1.4746551514
3.7830810547 0.5506176949 0.5695562363 1.4193649292
3.7771911621 0.5760622025 0.5394973755 1.3571624756
3.7595138550 0.6024160385 0.5154504776 1.2880477905
3.7536163330 0.6324048042 0.5034265518 1.2154769897
3.7595138550 0.6678457260 0.5074348450 1.1498184204
3.7830810547 0.7096481323 0.5314817429 1.0841598511
3.8302307129 0.7614469528 0.5755681992 1.0323257446
3.9068450928 0.8250589371 0.6437015533 0.9908561707
4.0129241943 0.9004850388 0.7358827591 0.9632110596
4.1543579102 0.9895424843 0.8481025696 0.9528427124
4.3311614990 1.0904130936 0.9803619385 0.9562988281
4.5315322876 1.2040066719 1.1286525726 0.9770317078
4.7495803833 1.3248701096 1.2869634628 1.0115890503
4.9853134155 1.4530034065 1.4512853622 1.0565147400
5.2210464478 1.5811367035 1.6156077385 1.1118049622
5.4567718506 1.7065434456 1.7719144821 1.1705513000
5.6689300537 1.8237719536 1.9141931534 1.2293014526
5.8516235352 1.9282779694 2.0404410362 1.2880477905
6.0048522949 2.0146088600 2.1446452141 1.3398818970
6.1109313965 2.0800385475 2.2227983475 1.3848075867
6.1757583618 2.1218409538 2.2728967667 1.4193649292
6.1875381470 2.1372895241 2.2969436646 1.4435539246
6.1580734253 2.1282024384 2.2949399948 1.4539222717
6.0932464600 2.0954875946 2.2708926201 1.4573783875
5.9871673584 2.0409626961 2.2288103104 1.4504661560
5.8575210571 1.9691715240 2.1747040749 1.4331893921
5.7101821899 1.8855667114 2.1105785370 1.4124526978
5.5569610596 1.7937831879 2.0464525223 1.3882637024
5.4096298218 1.7010912895 1.9883389473 1.3675308228
5.2799758911 1.6129426956 1.9402441978 1.3433380127
5.1680068970 1.5329728127 1.9061775208 1.3226051331
5.0854949951 1.4675431252 1.8881421089 1.3087806702
5.0383529663 1.4166531563 1.8901462555 1.3018722534
5.0265655518 1.3848471642 1.9101853371 1.2984161377
5.0383529663 1.3703074455 1.9462561607 1.3018722534
5.0854949951 1.3721246719 1.9963545799 1.3087806702
5.1503219604 1.3875732422 2.0524644852 1.3226051331
5.2269363403 1.4148359299 2.1125822067 1.3364295959
5.3094406128 1.4466419220 2.1686925888 1.3502502441
5.3919525146 1.4802656174 2.2147827148 1.3675308228
5.4567718506 1.5093455315 2.2448415756 1.3813514709
5.4980239868 1.5302467346 2.2548613548 1.3917198181
5.5157089233 1.5384254456 2.2408337593 1.3986320496
5.4980239868 1.5302467346 2.2007551193 1.4055404663
5.4449920654 1.5038928986 2.1346254349 1.4089965820
5.3565902710 1.4593644142 2.0444488525 1.4089965820
5.2328338623 1.3966608047 1.9322285652 1.4055404663
5.0854949951 1.3166913986 1.8039770126 1.4055404663
4.9145965576 1.2239990234 1.6616983414 1.4020881653
4.7201156616 1.1204018593 1.5174150467 1.3986320496
4.5197448730 1.0113520622 1.3731327057 1.3951759338
4.3193740845 0.9004850388 1.2348613739 1.3917198181
4.1248931885 0.7932529449 1.1126213074 1.3882637024
3.9363098145 0.6923818588 1.0064134598 1.3848075867
3.7654037476 0.6015071869 0.9222478867 1.3813514709
3.6121826172 0.5233550072 0.8621301651 1.3744392395
3.4825286865 0.4579253197 0.8220520020 1.3640747070
3.3764495850 0.4070353508 0.8060207367 1.3537063599
3.2880477905 0.3688683510 0.8060207367 1.3364295959
3.2232208252 0.3416056633 0.8220520020 1.3122367859
3.1701812744 0.3234310150 0.8481025696 1.2845916748
3.1289291382 0.3107085228 0.8781614304 1.2500343323
3.0994644165 0.3007121086 0.9082202911 1.2120208740
3.0758895874 0.2898073196 0.9322681427 1.1705513000
3.0523147583 0.2752671242 0.9482994080 1.1290855408
3.0346374512 0.2552747726 0.9523067474 1.0876159668
3.0110626221 0.2280125618 0.9442911148 1.0461463928
2.9874877930 0.1925711632 0.9222478867 1.0081329346
2.9639205933 0.1480426788 0.8901853561 0.9770317078
2.9403457642 0.0962438583 0.8460988998 0.9528427124
2.9167709351 0.0389928818 0.7939968109 0.9390182495
2.8931961060 -0.0218930244 0.7378864288 0.9321060181
2.8755187988 -0.0836877823 0.6817770004 0.9321060181
2.8637313843 -0.1427564621 0.6256666183 0.9424743652
2.8578414917 -0.1981902122 0.5755681992 0.9562988281
2.8578414917 -0.2454447746 0.5334854126 0.9770317078
2.8637313843 -0.2845211029 0.4994192123 1.0012207031
2.8755187988 -0.3108744621 0.4733676910 1.0254135132
2.8873062134 -0.3263235092 0.4553327560 1.0496025085
2.9049835205 -0.3290495872 0.4433088303 1.0668792725
2.9226684570 -0.3208708763 0.4372968674 1.0807037354
2.9403457642 -0.3017868996 0.4332895279 1.0876159668
2.9521331787 -0.2736158371 0.4272775650 1.0876159668
2.9580230713 -0.2390837669 0.4212656021 1.0807037354
2.9580230713 -0.2009162903 0.4092426300 1.0634269714
2.9521331787 -0.1609315872 0.3912067413 1.0461463928
2.9403457642 -0.1218552589 0.3671598434 1.0219573975
2.9226684570 -0.0855054855 0.3371009827 0.9943122864
2.8990936279 -0.0546078682 0.3010301590 0.9701194763
2.8755187988 -0.0300717354 0.2629556656 0.9493865967
2.8578414917 -0.0118970871 0.2248802185 0.9321060181
2.8401565552 -0.0019006729 0.1888103485 0.9251976013
2.8283691406 -0.0000829697 0.1547431946 0.9251976013
2.8283691406 -0.0046267509 0.1306962967 0.9355621338
2.8283691406 -0.0155320168 0.1146650314 0.9562988281
2.8460540771 -0.0309805870 0.1086530685 0.9874000549
2.8696289062 -0.0500640869 0.1146650314 1.0254135132
2.8990936279 -0.0718741417 0.1306962967 1.0703353882
2.9285583496 -0.0955014229 0.1567468643 1.1187171936
2.9639205933 -0.1182203293 0.1928176880 1.1670989990
2.9992752075 -0.1409387589 0.2328968048 1.2120208740
3.0287475586 -0.1627488136 0.2769832611 1.2534904480
3.0523147583 -0.1827411652 0.3230733871 1.2845916748
3.0582122803 -0.2009162903 0.3651561737 1.3053245544
3.0523147583 -0.2172737122 0.4012260437 1.3156929016
3.0346374512 -0.2327222824 0.4332895279 1.3122367859
2.9992752075 -0.2463536263 0.4573364258 1.2984161377
2.9521331787 -0.2599849701 0.4713640213 1.2707672119
2.8931961060 -0.2727074623 0.4793796539 1.2327575684
2.8224792480 -0.2863383293 0.4813833237 1.1878318787
2.7517623901 -0.2990608215 0.4773759842 1.1394500732
2.6751480103 -0.3117833138 0.4713640213 1.0910720825
2.6103210449 -0.3245058060 0.4653520584 1.0426902771
2.5513916016 -0.3363194466 0.4613447189 1.0046768188
2.5101394653 -0.3472247124 0.4593400955 0.9735755920
2.4865646362 -0.3563117981 0.4653520584 0.9528427124
2.4865646362 -0.3626732826 0.4753723145 0.9493865967
2.5042419434 -0.3653993607 0.4934072495 0.9597549438
2.5513916016 -0.3635821342 0.5154504776 0.9839439392
2.6162185669 -0.3581295013 0.5435056686 1.0219573975
2.7046127319 -0.3463158607 0.5735645294 1.0703353882
2.8048019409 -0.3299584389 0.6036233902 1.1290855408
2.9167709351 -0.3072395325 0.6316785812 1.1947441101
3.0287475586 -0.2790684700 0.6557254791 1.2604026794
3.1348266602 -0.2463536263 0.6697530746 1.3226051331
3.2291183472 -0.2081861496 0.6757650375 1.3778953552
3.3057250977 -0.1672925949 0.6717567444 1.4228210449
3.3587646484 -0.1236729622 0.6557254791 1.4539222717
3.3764495850 -0.0791440010 0.6276702881 1.4642906189
3.3587646484 -0.0337066650 0.5915994644 1.4539222717
3.3057250977 0.0099129677 0.5435056686 1.4262771606
3.2114334106 0.0508065224 0.4914035797 1.3744392395
3.0758895874 0.0880651474 0.4332895279 1.3018722534
2.9049835205 0.1198716164 0.3731718063 1.2154769897
2.6987228394 0.1462249756 0.3150577545 1.1083488464
2.4629898071 0.1653089523 0.2589473724 0.9908561707
2.2095794678 0.1780314445 0.2088489532 0.8629951477
1.9384841919 0.1843924522 0.1667671204 0.7351303101
1.6673965454 0.1834836006 0.1306962967 0.6038131714
1.3550567627 -0.0037178993 0.0785942078 0.4863204956
1.6320343018 -0.0364332199 0.0645666122 0.5623435974
1.9031295776 -0.0736918449 0.0505390167 0.6314582825
2.1624298096 -0.1136765480 0.0445270538 0.6971168518
2.3981628418 -0.1554789543 0.0445270538 0.7489547729
2.5985336304 -0.1972813606 0.0545463562 0.7938804626
2.7694396973 -0.2372660637 0.0745859146 0.8249816895
2.8990936279 -0.2745246887 0.1066484451 0.8491706848
2.9874877930 -0.3063306808 0.1507349014 0.8629951477
3.0405273438 -0.3335933685 0.2048416138 0.8699035645
3.0582122803 -0.3544945717 0.2669630051 0.8733596802
3.0405273438 -0.3690342903 0.3371009827 0.8768157959
2.9992752075 -0.3772130013 0.4092426300 0.8837280273
2.9344482422 -0.3799395561 0.4793796539 0.8940963745
2.8637313843 -0.3772130013 0.5455093384 0.9148292542
2.7812271118 -0.3699431419 0.6036233902 0.9424743652
2.7046127319 -0.3581295013 0.6497135162 0.9804878235
2.6338958740 -0.3435893059 0.6817770004 1.0288696289
2.5749588013 -0.3272318840 0.6978082657 1.0910720825
2.5337066650 -0.3081483841 0.6958045959 1.1567306519
2.5042419434 -0.2890648842 0.6777687073 1.2327575684
2.4924545288 -0.2699809074 0.6437015533 1.3087806702
2.4983520508 -0.2499885559 0.5976114273 1.3848075867
2.5219192505 -0.2309050560 0.5415019989 1.4608345032
2.5513916016 -0.2118210793 0.4773759842 1.5264930725
2.5867462158 -0.1936464310 0.4132499695 1.5817832947
2.6338958740 -0.1763801575 0.3491239548 1.6232528687
2.6751480103 -0.1591138840 0.2930145264 1.6508979797
2.7164001465 -0.1418476105 0.2449197769 1.6612663269
2.7576522827 -0.1254901886 0.2108535767 1.6543540955
2.7871170044 -0.1100416183 0.1908140182 1.6370773315
2.8106918335 -0.0936841965 0.1868057251 1.6025199890
2.8283691406 -0.0782351494 0.1968259811 1.5575942993
2.8401565552 -0.0627865791 0.2208728790 1.5057601929
2.8401565552 -0.0473380089 0.2549400330 1.4470100403
2.8460540771 -0.0318894386 0.2990264893 1.3882637024
2.8401565552 -0.0173492432 0.3471202850 1.3329734802
2.8401565552 -0.0019006729 0.3952150345 1.2776794434
2.8342666626 0.0126395226 0.4393014908 1.2327575684
2.8342666626 0.0262703896 0.4773759842 1.1947441101
2.8342666626 0.0399017334 0.5054311752 1.1670989990
2.8342666626 0.0517153740 0.5214624405 1.1463623047
2.8342666626 0.0626201630 0.5254697800 1.1359939575
2.8342666626 0.0707993507 0.5134468079 1.1290855408
2.8342666626 0.0762515068 0.4893989563 1.1290855408
2.8283691406 0.0789780617 0.4533290863 1.1325416565
2.8224792480 0.0762515068 0.4092426300 1.1394500732
2.8106918335 0.0698904991 0.3591442108 1.1429061890
2.7930145264 0.0580768585 0.3050374985 1.1429061890
2.7753295898 0.0399017334 0.2529354095 1.1429061890
2.7458648682 0.0171828270 0.2028369904 1.1394500732
2.7164001465 -0.0100793839 0.1607551575 1.1290855408
2.6869354248 -0.0418853760 0.1266880035 1.1187171936
2.6515731812 -0.0773267746 0.1026411057 1.1048927307
2.6221084595 -0.1136765480 0.0906171799 1.0910720825
2.5926437378 -0.1491174698 0.0886135101 1.0772476196
2.5749588013 -0.1827411652 0.0986328125 1.0634269714
2.5572814941 -0.2118210793 0.1166687012 1.0565147400
2.5454940796 -0.2336311340 0.1407155991 1.0496025085
2.5454940796 -0.2472624779 0.1707744598 1.0496025085
2.5513916016 -0.2499885559 0.2028369904 1.0496025085
2.5631790161 -0.2409009933 0.2349004745 1.0565147400
2.5808563232 -0.2199997902 0.2669630051 1.0668792725
2.5985336304 -0.1872849464 0.2950181961 1.0772476196
2.6221084595 -0.1436653137 0.3190650940 1.0876159668
2.6456832886 -0.0909576416 0.3371009827 1.0979843140
2.6633605957 -0.0318894386 0.3511285782 1.1048927307
2.6751480103 0.0317230225 0.3591442108 1.1083488464
2.6869354248 0.0944266319 0.3631515503 1.1083488464
2.6987228394 0.1544036865 0.3651561737 1.1048927307
2.6987228394 0.2071113586 0.3651561737 1.1014366150
2.6987228394 0.2489137650 0.3651561737 1.0945281982
2.6987228394 0.2789020538 0.3651561737 1.0876159668
2.6928253174 0.2925333977 0.3651561737 1.0841598511
2.6928253174 0.2898073196 0.3651561737 1.0841598511
2.6987228394 0.2707233429 0.3691635132 1.0910720825
2.7105102539 0.2361912727 0.3711671829 1.1048927307
2.7340774536 0.1871185303 0.3751754761 1.1290855408
2.7576522827 0.1271414757 0.3771791458 1.1601867676
2.7930145264 0.0598940849 0.3771791458 1.2016563416
2.8342666626 -0.0109882355 0.3751754761 1.2500343323
2.8814086914 -0.0827789307 0.3671598434 1.3053245544
2.9344482422 -0.1491174698 0.3551359177 1.3606185913
2.9874877930 -0.2081861496 0.3391046524 1.4159088135
3.0346374512 -0.2572584152 0.3170614243 1.4677467346
3.0758895874 -0.2926998138 0.2910099030 1.5092124939
3.1053543091 -0.3145093918 0.2589473724 1.5403175354
3.1230392456 -0.3226881027 0.2248802185 1.5541381836
3.1289291382 -0.3181447983 0.1908140182 1.5541381836
3.1171417236 -0.3017868996 0.1547431946 1.5299491882
3.0935668945 -0.2781596184 0.1226806641 1.4919357300
3.0523147583 -0.2490797043 0.0926218033 1.4366455078
3.0051727295 -0.2190909386 0.0665702820 1.3640747070
2.9521331787 -0.1909198761 0.0465307236 1.2811355591
2.8873062134 -0.1682014465 0.0325031281 1.1947441101
2.8283691406 -0.1536612511 0.0264921188 1.1048927307
2.7753295898 -0.1491174698 0.0284957886 1.0219573975
2.7340774536 -0.1554789543 0.0345077515 0.9459304810
2.6987228394 -0.1736536026 0.0485353470 0.8837280273
2.6869354248 -0.2009162903 0.0665702820 0.8422584534
2.6869354248 -0.2363572121 0.0866098404 0.8180694580
2.7046127319 -0.2781596184 0.1106567383 0.8180694580
2.7340774536 -0.3226881027 0.1347036362 0.8388023376
2.7812271118 -0.3663082123 0.1607551575 0.8802719116
2.8342666626 -0.4072017670 0.1848020554 0.9390182495
2.8990936279 -0.4408254623 0.2088489532 1.0046768188
2.9580230713 -0.4662704468 0.2308921814 1.0807037354
3.0169601440 -0.4808101654 0.2509317398 1.1567306519
3.0699996948 -0.4835367203 0.2709712982 1.2293014526
3.1053543091 -0.4762663841 0.2890062332 1.2880477905
3.1289291382 -0.4580917358 0.3030338287 1.3329734802
3.1348266602 -0.4317378998 0.3190650940 1.3606185913
3.1230392456 -0.3999319077 0.3310890198 1.3675308228
3.0935668945 -0.3644905090 0.3411083221 1.3571624756
3.0464248657 -0.3281407356 0.3491239548 1.3226051331
2.9933853149 -0.2945170403 0.3551359177 1.2742233276
2.9285583496 -0.2654371262 0.3571395874 1.2154769897
2.8637313843 -0.2427186966 0.3531322479 1.1463623047
2.7989044189 -0.2281785011 0.3451166153 1.0772476196
2.7399749756 -0.2227263451 0.3290853500 1.0115890503
2.6869354248 -0.2254524231 0.3070421219 0.9562988281
2.6515731812 -0.2354488373 0.2789869308 0.9148292542
2.6338958740 -0.2508974075 0.2449197769 0.8906402588
2.6279983521 -0.2717986107 0.2048416138 0.8906402588
2.6338958740 -0.2936081886 0.1587514877 0.9113731384
2.6574707031 -0.3163270950 0.1106567383 0.9562988281
2.6928253174 -0.3363194466 0.0625619888 1.0150451660
2.7399749756 -0.3526768684 0.0164718628 1.0945281982
2.7871170044 -0.3644905090 -0.0276145935 1.1809196472
2.8283691406 -0.3708519936 -0.0656890869 1.2742233276
2.8755187988 -0.3708519936 -0.0937442780 1.3675308228
2.9049835205 -0.3644905090 -0.1137838364 1.4539222717
2.9285583496 -0.3544945717 -0.1217994690 1.5299491882
2.9403457642 -0.3399543762 -0.1197948456 1.5852394104
2.9344482422 -0.3235969543 -0.1077718735 1.6232528687
2.9167709351 -0.3054223061 -0.0837240219 1.6370773315
2.8873062134 -0.2881560326 -0.0516614914 1.6267089844
2.8460540771 -0.2717986107 -0.0155906677 1.5921516418
2.7989044189 -0.2572584152 0.0264921188 1.5403175354
2.7399749756 -0.2445359230 0.0685739517 1.4677467346
2.6869354248 -0.2336311340 0.1106567383 1.3813514709
2.6338958740 -0.2236347198 0.1467275620 1.2880477905
2.5926437378 -0.2145476341 0.1787900925 1.1878318787
2.5513916016 -0.2054600716 0.2048416138 1.0910720825
2.5219192505 -0.1945548058 0.2208728790 1.0012207031
2.5101394653 -0.1818323135 0.2308921814 0.9182853699
2.5042419434 -0.1645665169 0.2328968048 0.8526268005
2.5101394653 -0.1445736885 0.2288885117 0.8007888794
2.5278167725 -0.1209464073 0.2228765488 0.7662315369
2.5513916016 -0.0936841965 0.2128572464 0.7454986572
2.5867462158 -0.0636954308 0.2048416138 0.7454986572
2.6221084595 -0.0327978134 0.1968259811 0.7593231201
2.6574707031 -0.0009918213 0.1948213577 0.7835121155
2.6928253174 0.0280880928 0.1968259811 0.8180694580
2.7222976685 0.0553503036 0.2028369904 0.8629951477
2.7517623901 0.0771603584 0.2168645859 0.9079170227
2.7694396973 0.0926089287 0.2349004745 0.9528427124
2.7871170044 0.1016964912 0.2569437027 0.9977684021
2.7930145264 0.1026053429 0.2809906006 1.0392341614
2.7989044189 0.0962438583 0.3050374985 1.0737915039
2.7930145264 0.0817041397 0.3290853500 1.1048927307
2.7871170044 0.0598940849 0.3491239548 1.1256294250
2.7812271118 0.0326318741 0.3631515503 1.1429061890
2.7753295898 0.0008254051 0.3751754761 1.1498184204
2.7694396973 -0.0346155167 0.3791828156 1.1532745361
2.7635498047 -0.0718741417 0.3811874390 1.1532745361
2.7635498047 -0.1091327667 0.3791828156 1.1498184204
2.7694396973 -0.1454825401 0.3751754761 1.1429061890
2.7753295898 -0.1809239388 0.3711671829 1.1359939575
2.7871170044 -0.2127299309 0.3711671829 1.1290855408
2.8048019409 -0.2409009933 0.3751754761 1.1221733093
2.8224792480 -0.2654371262 0.3851947784 1.1221733093
2.8460540771 -0.2863383293 0.4032306671 1.1221733093
2.8696289062 -0.3017868996 0.4292812347 1.1290855408
2.8990936279 -0.3136010170 0.4613447189 1.1359939575
2.9226684570 -0.3199620247 0.5014228821 1.1498184204
2.9462356567 -0.3217797279 0.5435056686 1.1705513000
2.9698104858 -0.3190531731 0.5855884552 1.1947441101
2.9874877930 -0.3099660873 0.6256666183 1.2223892212
3.0051727295 -0.2954258919 0.6597337723 1.2534904480
3.0169601440 -0.2754335403 0.6837806702 1.2845916748
3.0287475586 -0.2499885559 0.6958045959 1.3156929016
3.0346374512 -0.2190909386 0.6917963028 1.3502502441
3.0346374512 -0.1827411652 0.6697530746 1.3778953552
3.0405273438 -0.1427564621 0.6336822510 1.4055404663
3.0405273438 -0.1000452042 0.5835838318 1.4228210449
3.0405273438 -0.0573344231 0.5214624405 1.4366455078
3.0405273438 -0.0155320168 0.4513244629 1.4400978088
3.0405273438 0.0226354599 0.3791828156 1.4331893921
3.0464248657 0.0544414520 0.3070421219 1.4193649292
3.0523147583 0.0771603584 0.2429161072 1.3951759338
3.0641021729 0.0889739990 0.1928176880 1.3640747070
3.0817871094 0.0889739990 0.1567468643 1.3260612488
3.0994644165 0.0753426552 0.1407155991 1.2811355591
3.1230392456 0.0471715927 0.1447238922 1.2362098694
3.1466064453 0.0062780380 0.1687707901 1.1912879944
3.1760787964 -0.0473380089 0.2128572464 1.1463623047
3.1996459961 -0.1100416183 0.2709712982 1.1083488464
3.2232208252 -0.1800150871 0.3411083221 1.0807037354
3.2409057617 -0.2518062592 0.4132499695 1.0634269714
3.2526855469 -0.3235969543 0.4873952866 1.0530586243
3.2526855469 -0.3899354935 0.5535249710 1.0599708557
3.2467956543 -0.4462780952 0.6076316833 1.0772476196
3.2232208252 -0.4908065796 0.6437015533 1.1048927307
3.1937561035 -0.5198864937 0.6617374420 1.1429061890
3.1525039673 -0.5317001343 0.6577291489 1.1843757629
3.0994644165 -0.5262475014 0.6316785812 1.2327575684
3.0346374512 -0.5026202202 0.5875921249 1.2811355591
2.9698104858 -0.4635438919 0.5274744034 1.3260612488
2.8990936279 -0.4117455482 0.4593400955 1.3675308228
2.8283691406 -0.3490419388 0.3851947784 1.3986320496
2.7635498047 -0.2817945480 0.3130531311 1.4193649292
2.7046127319 -0.2127299309 0.2489280701 1.4262771606
2.6574707031 -0.1473002434 0.1968259811 1.4228210449
2.6221084595 -0.0891404152 0.1607551575 1.4089965820
2.6044311523 -0.0418853760 0.1427192688 1.3813514709
2.6044311523 -0.0073533058 0.1427192688 1.3502502441
2.6162185669 0.0126395226 0.1607551575 1.3122367859
2.6456832886 0.0171828270 0.1908140182 1.2707672119
2.6869354248 0.0080957413 0.2328968048 1.2327575684
2.7340774536 -0.0137143135 0.2789869308 1.2016563416
2.7930145264 -0.0446119308 0.3230733871 1.1740074158
2.8460540771 -0.0809617043 0.3611478806 1.1567306519
2.9049835205 -0.1209464073 0.3892030716 1.1463623047
2.9580230713 -0.1591138840 0.4012260437 1.1498184204
3.0051727295 -0.1927375793 0.3972187042 1.1601867676
3.0405273438 -0.2181825638 0.3771791458 1.1774635315
3.0699996948 -0.2327222824 0.3451166153 1.2016563416
3.0876770020 -0.2372660637 0.3010301590 1.2293014526
3.0994644165 -0.2290873528 0.2529354095 1.2534904480
3.0994644165 -0.2109122276 0.2048416138 1.2776794434
3.0994644165 -0.1827411652 0.1647624969 1.2915039062
3.0994644165 -0.1482090950 0.1407155991 1.2984161377
3.0935668945 -0.1091327667 0.1347036362 1.2949600220
3.0994644165 -0.0691480637 0.1507349014 1.2811355591
3.1053543091 -0.0309805870 0.1948213577 1.2569465637
3.1171417236 0.0008254051 0.2609510422 1.2223892212
3.1407165527 0.0244531631 0.3491239548 1.1809196472
3.1642913818 0.0380840302 0.4553327560 1.1359939575
3.1937561035 0.0399017334 0.5715608597 1.0910720825
3.2232208252 0.0299053192 0.6897926331 1.0496025085
3.2467956543 0.0080957413 0.8000087738 1.0115890503
3.2703704834 -0.0246191025 0.8961973190 0.9804878235
3.2821578979 -0.0673303604 0.9683389664 0.9597549438
3.2880477905 -0.1182203293 1.0104207993 0.9528427124
3.2821578979 -0.1736536026 1.0184364319 0.9562988281
3.2644729614 -0.2327222824 0.9923858643 0.9735755920
3.2350082397 -0.2936081886 0.9322681427 1.0012207031
3.1996459961 -0.3526768684 0.8420906067 1.0357780457
3.1583938599 -0.4090194702 0.7278671265 1.0737915039
3.1171417236 -0.4608178139 0.5996150970 1.1187171936
3.0876770020 -0.5089812279 0.4673557281 1.1601867676
3.0641021729 -0.5507836342 0.3391046524 1.2016563416
3.0582122803 -0.5880422592 0.2288885117 1.2362098694
3.0699996948 -0.6198487282 0.1407155991 1.2673149109
3.0994644165 -0.6462020874 0.0846052170 1.2915039062
3.1583938599 -0.6689209938 0.0625619888 1.3053245544
3.2350082397 -0.6880044937 0.0765895844 1.3156929016
3.3351974487 -0.7043619156 0.1246843338 1.3226051331
3.4412765503 -0.7189021111 0.2028369904 1.3260612488
3.5591430664 -0.7316246033 0.3030338287 1.3295173645
3.6711120605 -0.7425293922 0.4192619324 1.3364295959
3.7771911621 -0.7525258064 0.5374937057 1.3433380127
3.8655929565 -0.7625217438 0.6497135162 1.3571624756
3.9304122925 -0.7716093063 0.7459020615 1.3778953552
3.9657745361 -0.7806968689 0.8200473785 1.4020881653
3.9598846436 -0.7888755798 0.8641338348 1.4366455078
3.9245223999 -0.7988715172 0.8781614304 1.4712028503
3.8596954346 -0.8079590797 0.8621301651 1.5126686096
3.7654037476 -0.8179554939 0.8180437088 1.5506820679
3.6416473389 -0.8279514313 0.7519140244 1.5886955261
3.5119934082 -0.8388566971 0.6717567444 1.6197967529
3.3764495850 -0.8497614861 0.5855884552 1.6439857483
3.2526855469 -0.8615751266 0.5034265518 1.6612663269
3.1466064453 -0.8724803925 0.4352931976 1.6647224426
3.0641021729 -0.8833851814 0.3871994019 1.6543540955
3.0228500366 -0.8924727440 0.3631515503 1.6370773315
3.0169601440 -0.9006514549 0.3691635132 1.6059761047
3.0523147583 -0.9070124626 0.4032306671 1.5679626465
3.1289291382 -0.9115562439 0.4653520584 1.5195808411
3.2350082397 -0.9133739471 0.5475130081 1.4712028503
3.3705520630 -0.9142827988 0.6437015533 1.4193649292
3.5296707153 -0.9133739471 0.7438983917 1.3675308228
3.6887893677 -0.9115562439 0.8420906067 1.3226051331
3.8479080200 -0.9097390175 0.9282598495 1.2811355591
3.9893493652 -0.9106473923 0.9943895340 1.2500343323
4.1072158813 -0.9142827988 1.0344686508 1.2258453369
4.1897201538 -0.9224615097 1.0484952927 1.2120208740
4.2368698120 -0.9360923767 1.0344686508 1.2085647583
4.2486495972 -0.9560847282 0.9963932037 1.2120208740
4.2250823975 -0.9824385643 0.9402837753 1.2223892212
4.1720428467 -1.0160622597 0.8701457977 1.2431221008
4.0954284668 -1.0542297363 0.7960004807 1.2673149109
4.0011367798 -1.0978493690 0.7298707962 1.2949600220
3.9127349854 -1.1432867050 0.6757650375 1.3260612488
3.8243331909 -1.1878151894 0.6457061768 1.3571624756
3.7654037476 -1.2305264473 0.6396942139 1.3917198181
3.7241516113 -1.2668762207 0.6657447815 1.4262771606
3.7182540894 -1.2950477600 0.7218551636 1.4608345032
3.7536163330 -1.3123135567 0.8020124435 1.4988479614
3.8184432983 -1.3186750412 0.9042129517 1.5368614197
3.9127349854 -1.3123135567 1.0184364319 1.5748710632
4.0306015015 -1.2941389084 1.1346645355 1.6163406372
4.1661453247 -1.2650589943 1.2428770065 1.6543540955
4.3075866699 -1.2287092209 1.3350572586 1.6923675537
4.4372406006 -1.1878151894 1.4011869431 1.7269248962
4.5550994873 -1.1478304863 1.4352540970 1.7614822388
4.6493988037 -1.1114807129 1.4352540970 1.7891273499
4.7083282471 -1.0842185020 1.3991832733 1.8098640442
4.7377929688 -1.0705871582 1.3290462494 1.8202285767
4.7260055542 -1.0742220879 1.2328577042 1.8271408081
4.6847534180 -1.0960321426 1.1166296005 1.8202285767
4.6140365601 -1.1387429237 0.9923858643 1.8064079285
4.5256347656 -1.2005376816 0.8681421280 1.7822151184
4.4313430786 -1.2805075645 0.7559223175 1.7511138916
4.3311614990 -1.3731997013 0.6637411118 1.7131004333
4.2427597046 -1.4758882523 0.6016197205 1.6716346741
4.1720428467 -1.5813028812 0.5695562363 1.6301651001
4.1307907104 -1.6839911938 0.5735645294 1.5886955261
4.1131057739 -1.7766835690 0.6076316833 1.5506820679
4.1248931885 -1.8539268970 0.6677494049 1.5230369568
4.1720428467 -1.9093604088 0.7499103546 1.5023040771
4.2309722900 -1.9411666393 0.8400869370 1.4919357300
4.3134765625 -1.9457104206 0.9302635193 1.4919357300
4.4018783569 -1.9229917526 1.0104207993 1.4988479614
4.4843826294 -1.8748281002 1.0725431442 1.5195808411
4.5550994873 -1.8048546314 1.1086139679 1.5437698364
4.6140365601 -1.7176148891 1.1146249771 1.5748710632
4.6376113892 -1.6194701195 1.0905780792 1.6094284058
4.6435012817 -1.5176906586 1.0384759903 1.6439857483
4.6140365601 -1.4186370373 0.9623270035 1.6750907898
4.5609970093 -1.3295798302 0.8701457977 1.7027359009
4.4843826294 -1.2559714317 0.7719535828 1.7234687805
4.4018783569 -1.2023553848 0.6777687073 1.7407493591
4.3134765625 -1.1723666191 0.5976114273 1.7511138916
4.2250823975 -1.1660056114 0.5415019989 1.7580261230
4.1543579102 -1.1832718849 0.5154504776 1.7614822388
4.1072158813 -1.2223477364 0.5214624405 1.7614822388
4.0895309448 -1.2777814865 0.5635452271 1.7649383545
4.1013183594 -1.3450288773 0.6376905441 1.7683944702
4.1366806030 -1.4186370373 0.7378864288 1.7787590027
4.2015075684 -1.4931545258 0.8581228256 1.7891273499
4.2840118408 -1.5631279945 0.9843702316 1.8064079285
4.3783035278 -1.6240139008 1.1066093445 1.8271408081
4.4725952148 -1.6712687016 1.2168254852 1.8478736877
4.5550994873 -1.7039837837 1.3029947281 1.8651542664
4.6140365601 -1.7212498188 1.3571004868 1.8824310303
4.6435012817 -1.7230672836 1.3771400452 1.8893432617
4.6435012817 -1.7121624947 1.3591051102 1.8858871460
4.6022491455 -1.6912612915 1.3070030212 1.8651542664
4.5256347656 -1.6621813774 1.2268457413 1.8305969238
4.4136657715 -1.6303751469 1.1266489029 1.7787590027
4.2781219482 -1.5985691547 1.0144290924 1.7096481323
4.1307907104 -1.5685803890 0.9042129517 1.6267089844
3.9775619507 -1.5422267914 0.8040161133 1.5334053040
3.8302307129 -1.5213255882 0.7238588333 1.4297332764
3.7064743042 -1.5040593147 0.6717567444 1.3295173645
3.6121826172 -1.4904282093 0.6517181396 1.2293014526
3.5591430664 -1.4777057171 0.6637411118 1.1429061890
3.5414581299 -1.4640746117 0.7078275681 1.0703353882
3.5709228516 -1.4449908733 0.7739572525 1.0185012817
3.6298599243 -1.4204547405 0.8581228256 0.9908561707
3.7241516113 -1.3877396584 0.9462957382 0.9874000549
3.8420181274 -1.3459372520 1.0284566879 1.0115890503
3.9657745361 -1.2950477600 1.0965900421 1.0599708557
4.0836410522 -1.2368879318 1.1406764984 1.1221733093
4.1897201538 -1.1741843224 1.1527004242 1.2016563416
4.2663345337 -1.1096630096 1.1286525726 1.2880477905
4.3075866699 -1.0469598770 1.0725431442 1.3709869385
4.3134765625 -0.9906172752 0.9843702316 1.4504661560
4.2781219482 -0.9442710876 0.8741540909 1.5126686096
4.2015075684 -0.9115562439 0.7499103546 1.5541381836
4.1013183594 -0.8933815956 0.6256666183 1.5748710632
3.9834518433 -0.8906550407 0.5114421844 1.5714187622
3.8538055420 -0.9033775330 0.4172582626 1.5437698364
3.7300415039 -0.9288225174 0.3551359177 1.4953918457
3.6180725098 -0.9633550644 0.3310890198 1.4297332764
3.5355682373 -1.0015220642 0.3471202850 1.3571624756
3.4884185791 -1.0396895409 0.4052343369 1.2776794434
3.4766311646 -1.0705871582 0.4954109192 1.2051086426
3.5061035156 -1.0914883614 0.6136426926 1.1429061890
3.5709228516 -1.0960321426 0.7459020615 1.0979843140
3.6593246460 -1.0833096504 0.8801660538 1.0772476196
3.7654037476 -1.0524120331 1.0044088364 1.0807037354
3.8773727417 -1.0042486191 1.1046056747 1.1083488464
3.9834518433 -0.9406361580 1.1707353592 1.1601867676
4.0659637451 -0.8679366112 1.1947822571 1.2293014526
4.1248931885 -0.7916016579 1.1767473221 1.3122367859
4.1425704956 -0.7179932594 1.1146249771 1.4020881653
4.1190032959 -0.6534724236 1.0184364319 1.4919357300
4.0600662231 -0.6062173843 0.8941926956 1.5714187622
3.9716720581 -0.5798635483 0.7539176941 1.6336212158
3.8538055420 -0.5798635483 0.6156473160 1.6750907898
3.7241516113 -0.6062173843 0.4914035797 1.6889114380
3.5944976807 -0.6589245796 0.3972187042 1.6785430908
3.4825286865 -0.7343506813 0.3411083221 1.6439857483
3.4000244141 -0.8279514313 0.3310890198 1.5852394104
3.3587646484 -0.9333662987 0.3691635132 1.5057601929
3.3587646484 -1.0415072441 0.4553327560 1.4193649292
3.4059143066 -1.1451044083 0.5815801620 1.3295173645
3.5061035156 -1.2359790802 0.7358827591 1.2431221008
3.6416473389 -1.3068614006 0.9022092819 1.1670989990
3.8066558838 -1.3532075882 1.0685348511 1.1083488464
3.9893493652 -1.3722910881 1.2168254852 1.0737915039
4.1661453247 -1.3641123772 1.3290462494 1.0599708557
4.3370513916 -1.3313975334 1.3971796036 1.0668792725
4.4725952148 -1.2786903381 1.4132108688 1.0979843140
4.5727844238 -1.2132601738 1.3751363754 1.1429061890
4.6199264526 -1.1441955566 1.2829551697 1.1982002258
4.6199264526 -1.0805830956 1.1506958008 1.2604026794
4.5786743164 -1.0315108299 0.9883775711 1.3156929016
4.4961700439 -1.0051574707 0.8160400391 1.3640747070
4.3900909424 -1.0069746971 0.6497135162 1.3986320496
4.2781219482 -1.0415072441 0.5114421844 1.4159088135
4.1779327393 -1.1105718613 0.4172582626 1.4159088135
4.1072158813 -1.2114429474 0.3831911087 1.3986320496
4.0895309448 -1.3413934708 0.4152536392 1.3675308228
4.1248931885 -1.4922456741 0.5174541473 1.3295173645
4.2309722900 -1.6576375961 0.6857843399 1.2915039062
4.4077682495 -1.8275732994 0.9102249146 1.2569465637
4.6493988037 -1.9938740730 1.1747436523 1.2362098694
4.9499511719 -2.1474521160 1.4593014717 1.2362098694
5.2917633057 -2.2837643623 1.7378473282 1.2569465637
5.6512527466 -2.3982663155 1.9923467636 1.3018722534
6.0166397095 -2.4891409874 2.1987514496 1.3709869385
6.3584442139 -2.5591146946 2.3390264511 1.4608345032
6.6590042114 -2.6109132767 2.4051561356 1.5679626465
6.9006271362 -2.6518068314 2.3891248703 1.6819992065
7.0715332031 -2.6899740696 2.2969436646 1.7960395813
7.1717224121 -2.7317764759 2.1386332512 1.9031677246
7.2011871338 -2.7863013744 1.9282207489 1.9895591736
7.1776123047 -2.8590011597 1.6937608719 2.0517616272
7.1068954468 -2.9544196129 1.4552936554 2.0794105530
7.0126037598 -3.0734653473 1.2428770065 2.0759544373
6.9183044434 -3.2152299881 1.0785551071 2.0413970947
6.8534851074 -3.3751692772 0.9843702316 1.9757385254
6.8299102783 -3.5460138321 0.9703426361 1.8858871460
6.8711624146 -3.7168583870 1.0484952927 1.7822151184
6.9890289307 -3.8786151409 1.2108144760 1.6750907898
7.1835021973 -4.0203795433 1.4492816925 1.5783271790
7.4545974731 -4.1321554184 1.7458634377 1.4988479614
7.7846221924 -4.2066726685 2.0745077133 1.4504661560
8.1617889404 -4.2402963638 2.4091639519 1.4400978088
8.5566406250 -4.2321176529 2.7197728157 1.4746551514
8.9455947876 -4.1848630905 2.9782800674 1.5472259521
9.3050842285 -4.1058020592 3.1626415253 1.6647224426
9.6056442261 -4.0067486763 3.2568259239 1.8133163452
9.8354797363 -3.9004249573 3.2548222542 1.9861030579
9.9828109741 -3.8013715744 3.1546258926 2.1692581177
10.0417480469 -3.7232193947 2.9722681046 2.3524131775
10.0240631104 -3.6805083752 2.7277889252 2.5182876587
9.9474563599 -3.6832346916 2.4452347755 2.6599693298
9.8295898438 -3.7359418869 2.1566686630 2.7601852417
9.7117233276 -3.8413565159 1.8961577415 2.8189353943
9.6115341187 -3.9940261841 1.6937608719 2.8327560425
9.5761795044 -4.1857719421 1.5735254288 2.8016548157
9.6292190552 -4.4029622078 1.5554900169 2.7359962463
9.7942276001 -4.6283311844 1.6476707458 2.6392364502
10.0771026611 -4.8418869972 1.8460597992 2.5286521912
10.4837417603 -5.0254540443 2.1386332512 2.4180717468
11.0082397461 -5.1617660522 2.4993405342 2.3213081360
11.6211471558 -5.2371916771 2.9001264572 2.2556495667
12.3047637939 -5.2426443100 3.3049206734 2.2245483398
13.0119552612 -5.1753969193 3.6756472588 2.2418289185
13.7073669434 -5.0418114662 3.9762368202 2.3074874878
14.3556213379 -4.8509745598 4.1786336899 2.4180717468
14.9095916748 -4.6219701767 4.2627987862 2.5701217651
15.3574829102 -4.3756999969 4.2207164764 2.7498207092
15.6757202148 -4.1357908249 4.0563941002 2.9433403015
15.8701934814 -3.9285962582 3.7858633995 3.1299514771
15.9527053833 -3.7759268284 3.4391837120 3.3027343750
15.9585952759 -3.6950483322 3.0524253845 3.4375076294
15.9232330322 -3.6995921135 2.6696748734 3.5239028931
15.8996658325 -3.7913756371 2.3350186348 3.5550041199
15.9468078613 -3.9640374184 2.0885353088 3.5273590088
16.1236114502 -4.2030377388 1.9622874260 3.4409637451
16.4713134766 -4.4856581688 1.9763150215 3.3096466064
17.0429611206 -4.7810010910 2.1406373978 3.1368598938
17.8503417969 -5.0563511848 2.4392228127 2.9467964172
18.9111251831 -5.2753591537 2.8460206985 2.7532768250
20.2135391235 -5.4062190056 3.3209519386 2.5735778809
21.7222213745 -5.4243936539 3.8079066277 2.4249801636
23.4135894775 -5.3135266304 4.2467675209 2.3143997192
25.2169342041 -5.0672559738 4.5754117966 2.2452850342
27.0851058960 -4.6964874268 4.7357263565 2.2210922241
28.9650573730 -4.2248477936 4.6856279373 2.2245483398
30.8155517578 -3.6895956993 4.3930540085 2.2418289185
32.6129989624 -3.1425302029 3.8580050468 2.2452850342
34.3633041382 -2.6409018040 3.1005196571 2.2072715759
36.0900344849 -2.2483232021 2.1666884422 2.0966873169
37.8698043823 -2.0284063816 1.1326608658 1.8858871460
39.7851181030 -2.0393114090 0.0926218033 1.5506820679
41.9656333923 -2.3264753819 -0.8392057419 1.0737915039
44.5645675659 -2.9217045307 -1.5405817032 0.4483070374
47.7292556763 -3.8349952698 -1.8932723999 -0.3154106140
51.6188201904 -5.0536251068 -1.7830572128 -1.1966209412
56.3805885315 -6.5430612564 -1.1197557449 -2.1503982544
62.1383209229 -8.2442359924 0.1587514877 -3.1318244934
68.9686279297 -10.0762691498 2.0825233459 -4.0683288574
76.8950881958 -11.9437446594 4.6355295181 -4.8907890320
85.8941268921 -13.7376117706 7.7616596222 -5.5197334290
95.8537673950 -15.3460922241 11.3587131500 -5.8722152710
106.6089935303 -16.6619586945 15.2924270630 -5.8756713867
117.9240875244 -17.5852451324 19.3884582520 -5.4748077393
129.5161743164 -18.0378017426 23.4524288177 -4.6212425232
141.0257415771 -17.9651012421 27.2779293060 -3.2942466736
152.0992126465 -17.3407936096 30.6605625153 -1.5007247925
162.3358306885 -16.1730537415 33.4099540710 0.7316741943
171.3702392578 -14.5018672943 35.3577728271 3.3442039490
178.8546905518 -12.3990268707 36.3797760010 6.2504692078
184.4886627197 -9.9663105011 36.3877944946 9.3433456421
188.0423126221 -7.3254923820 35.3537673950 12.4984226227
