194.4659881592 -1.9693377018 36.2615470886 17.8582553864
190.4172973633 2.6570925713 31.7086181641 20.7161407471
186.3627319336 4.4754958153 25.0575752258 23.9023189545
178.1416015625 6.3429703712 19.1680259705 24.6591243744
168.7948608398 7.1226754189 12.1983604431 25.9377422333
156.5368499756 7.4071135521 4.6756081581 26.5010261536
145.4103393555 6.4829173088 0.0264921188 24.8975696564
134.6492156982 6.8764052391 -5.0294227600 23.6500511169
122.1436767578 4.0047650337 -10.1534709930 21.7563133240
111.9188385010 2.4135489464 -12.5902481079 19.2854690552
103.1319656372 -0.6043996811 -14.0791683197 14.7342777252
93.7262878418 -3.3433632851 -17.6842384338 12.9476680756
87.3674468994 -5.1581311226 -16.7223510742 7.6085700989
80.7964401245 -6.6621069908 -17.8906421661 4.1217422485
76.7536468506 -8.2178821564 -17.5980682373 -0.0182151794
73.3178710938 -8.6640768051 -16.9868698120 -3.8955421448
70.8014373779 -9.4992151260 -18.2453384399 -7.0333404541
69.8526229858 -7.6980786324 -17.1531963348 -9.3728675842
70.0765686035 -8.6886129379 -17.7142963409 -10.7655258179
69.6286773682 -8.7331409454 -19.0789737701 -12.4657440186
69.2338256836 -6.4076581001 -18.9106426239 -14.1210365295
68.9568481445 -6.7829704285 -19.5178337097 -14.4596977234
68.7859420776 -5.4952759743 -19.7643165588 -14.6497612000
68.8389816284 -2.4000837803 -21.0348091125 -13.5473861694
68.3675155640 0.2898073196 -22.9866371155 -13.3020286560
67.7899780273 -0.0482468605 -22.2191314697 -11.3046188354
67.6662139893 2.5825757980 -22.5437679291 -9.9914436340
66.4698791504 5.1034398079 -22.8864402771 -7.4480285645
64.8256530762 5.4923834801 -23.1709976196 -4.2998619080
62.8219413757 6.8209719658 -23.4154777527 -1.8082847595
62.2326126099 7.4034781456 -22.9285202026 1.9204444885
60.6237487793 8.5085144043 -21.8644351959 5.1930198669
60.4940986633 8.4321804047 -21.7882862091 8.3791961670
60.4823112488 9.5163154602 -20.8304080963 11.7105178833
59.5865325928 9.0855693817 -19.8003883362 15.3528537750
59.2093620300 8.4821605682 -17.1131172180 20.0353622437
58.4019851685 8.4367237091 -15.5199947357 23.1973514557
59.2565078735 8.2904148102 -13.6663589478 25.2535095215
58.8793411255 8.4667129517 -13.4599552155 29.0582637787
61.3604087830 8.4476280212 -12.0371646881 32.7628021240
62.9103431702 8.5048789978 -11.0231761932 36.9960670471
66.2341461182 8.7547855377 -10.6123695374 40.0889396667
69.4872436523 7.6143078804 -8.6084403992 44.9096794128
73.8954086304 8.5630397797 -8.6585388184 48.6280403137
79.5588531494 8.8402080536 -6.8309555054 53.2587127686
83.6252136230 9.0801162720 -7.6164951324 57.8893890381
88.4871673584 9.4817829132 -5.1216030121 62.8759994507
93.9914855957 9.4590644836 -4.3320550919 66.8189849854
99.4368743896 9.2255153656 -3.0094614029 71.2077560425
105.9018020630 9.1537246704 -1.7770452499 76.4328155518
111.0761032104 8.4476280212 -0.2660818100 79.5222320557
115.8378677368 9.2773151398 0.7178478241 84.1494522095
120.8707275391 8.0904903412 3.6415805817 88.0302276611
125.6383895874 8.5430469513 4.2668066025 90.3144683838
130.1938934326 7.9105591774 6.9099898338 92.9822845459
133.9714813232 6.1412291527 7.4630742073 95.7503204346
137.3483276367 5.4051442146 8.4530153275 97.2950286865
141.1023559570 5.0725426674 9.7635850906 98.5805664062
143.5009155273 4.0293011665 9.3487720490 98.3593978882
146.3414764404 2.3035902977 11.0761594772 98.4319610596
147.6321105957 1.0985918045 11.0080261230 97.7131805420
148.9227294922 -0.3172359467 10.9799709320 96.4622039795
148.0328521729 -0.9533586502 10.1804027557 96.0889892578
146.8424072266 -2.0602126122 9.0020923615 92.5987014771
146.0939636230 -1.3214011192 7.9299898148 89.8652191162
142.7112121582 -4.3129963875 7.3127794266 85.9084167480
138.8039703369 -2.6808867455 6.8719148636 81.5472869873
134.5843811035 -3.7095882893 6.3569049835 77.0410232544
127.9426651001 -4.0203795433 4.2988696098 72.6729812622
123.1396408081 -3.4206066132 3.3710503578 66.4388580322
116.0500259399 -3.4269680977 3.1325826645 60.6539688110
108.5478820801 -2.9498758316 2.3670816422 55.6362533569
100.9750213623 -3.2688460350 3.1927003860 49.5403518677
92.9248046875 -1.4795231819 1.7298316956 43.7865676880
84.9158401489 -2.0747525692 0.9302635193 37.9602127075
77.5846023560 -0.8315868378 1.8921499252 33.6612892151
69.6699295044 -1.1105718613 1.1286525726 28.2081546783
62.4683456421 0.0807952881 1.3090066910 25.4504852295
57.7831878662 -0.6271185875 2.1145863533 21.0237007141
51.3595161438 -1.4731619358 1.7739181519 17.6025314331
46.0614585876 -0.6080350876 1.1707353592 14.8863296509
41.7299003601 -0.6116700172 1.6757259369 12.0319004059
36.9327735901 -0.6834607124 0.6136426926 10.5321159363
32.6306762695 -0.6934571266 1.2128181458 8.8007965088
30.1967544556 -0.1945548058 1.3771400452 6.9899940491
26.5900726318 -0.2945170403 0.6917963028 5.9671020508
23.8261184692 0.4243016243 0.1787900925 5.5351333618
22.0993881226 -0.0673303604 -0.1939401627 3.2992820740
20.1781845093 0.2134723663 0.9583187103 3.8936653137
19.4827728271 0.1153278351 0.4352931976 2.2867507935
16.4536285400 -0.1582050323 0.5875921249 2.7705535889
15.1924667358 -0.1164026260 0.3130531311 1.5679626465
14.9567413330 -0.3326845169 -0.4945297241 1.2569465637
13.3066177368 -0.3217797279 0.8300676346 1.0530586243
12.3578033447 0.0144567490 -0.3622703552 0.2789764404
11.8391952515 -0.8379478455 -0.1739015579 1.3018722534
10.6723251343 0.7950706482 0.5274744034 1.4366455078
9.6645736694 0.5133590698 0.7398910522 0.9390182495
9.9061965942 -0.9442710876 0.1868057251 1.0357780457
8.9573822021 -0.0155320168 -0.5446281433 1.4435539246
9.0104217529 0.0580768585 0.6877880096 0.5174217224
7.4192352295 0.1116929054 0.1246843338 2.2936630249
8.2619781494 -0.1127676964 0.2349004745 0.8318901062
7.8965911865 0.3997654915 0.1126604080 1.5057601929
7.3367309570 0.5569787025 0.1747827530 1.0150451660
6.9536666870 0.2271037102 0.0124645233 0.1200103760
5.7455444336 -0.3235969543 0.0705785751 1.4400978088
6.2700500488 0.0162744522 -0.7350015640 0.8975486755
4.5786743164 -0.1582050323 0.3771791458 0.5105094910
4.5256347656 -0.2072772980 -0.1638813019 0.5899925232
5.2976531982 -0.1736536026 0.7499103546 1.5990638733
4.6552886963 0.1625823975 0.1126604080 0.9666633606
4.8615570068 -0.0836877823 1.2088098526 1.1394500732
4.1248931885 -0.5207953453 -0.0536651611 0.3135337830
4.2309722900 0.0180916786 0.2188692093 1.3813514709
5.2622985840 -0.3063306808 0.2469234467 1.1809196472
5.0619277954 0.5197200775 0.3491239548 1.2189331055
3.2350082397 0.0662555695 0.1427192688 0.3411788940
4.1779327393 0.0698904991 0.9983978271 0.9493865967
3.7830810547 -0.0464291573 -0.0877323151 0.6107254028
3.4059143066 -1.1587357521 0.9142322540 0.5450668335
2.5278167725 0.4115791321 0.6998119354 0.6694717407
3.4648437500 0.1434988976 0.9683389664 1.3744392395
3.8243331909 -0.0382504463 0.2669630051 1.5334053040
4.2722244263 -0.7443470955 0.1767864227 1.1843757629
4.1366806030 0.2343735695 0.5895957947 0.3377227783
3.3646621704 -0.1391215324 -0.3522510529 0.0820007324
3.8125534058 -0.6380233765 -0.5706796646 0.7143974304
2.9108810425 -0.4808101654 0.2569437027 -0.6056900024
3.7654037476 0.5388035774 0.6777687073 1.1878318787
4.3724136353 0.6923818588 0.0846052170 1.1083488464
3.3175125122 -1.5340480804 0.2589473724 0.3031654358
3.8655929565 -0.7388944626 -0.0296182632 1.1532745361
3.7536163330 -0.2399921417 0.1046447754 0.9113731384
2.6633605957 -0.3326845169 0.6737613678 0.6660156250
3.5591430664 0.0907917023 -0.1498537064 1.0081329346
3.6828994751 -0.1809239388 -0.0175943375 0.7247657776
3.1230392456 -0.2136387825 0.4533290863 1.1982002258
4.6788635254 0.2689061165 0.1367082596 0.3964691162
4.3370513916 -0.4580917358 0.2168645859 0.8733596802
2.2449417114 -0.2699809074 -0.1197948456 0.9044609070
2.9757080078 0.1989326477 0.2990264893 1.2638587952
3.0582122803 -1.4377207756 0.1146650314 1.1118049622
4.4431304932 -0.4998941422 0.8601264954 1.6750907898
3.8891601562 0.5515260696 0.3611478806 0.3169898987
2.7694396973 0.6224083900 -0.6869068146 -0.2566604614
2.8755187988 -0.7352595329 -0.5806989670 -0.0078506470
3.4707412720 -0.0382504463 0.3791828156 0.0750885010
3.6416473389 -0.4217419624 0.0966291428 1.0530586243
3.2114334106 0.6387658119 0.3831911087 0.0785446167
2.5631790161 0.1780314445 -0.0837240219 0.7040290833
3.2467956543 0.9013938904 -0.3602666855 0.7489547729
3.5237808228 0.0162744522 0.1226806641 0.8007888794
3.6887893677 0.0162744522 -0.3181838989 1.0185012817
2.4570999146 0.8804926872 -0.1217994690 -0.0009384155
3.2880477905 0.0371756554 0.3892030716 1.3986320496
3.0876770020 0.4661040306 0.1607551575 0.1442031860
2.6279983521 0.7832565308 0.1166687012 0.2547836304
3.3351974487 0.8841276169 0.1988296509 0.5001411438
3.1525039673 0.6787509918 0.6396942139 1.1256294250
3.0758895874 -0.2190909386 -0.7029390335 1.1256294250
3.6003952026 1.1322154999 -0.1338224411 0.7385864258
4.6081390381 -0.1754713058 0.1507349014 1.2154769897
2.6633605957 -0.7425293922 0.2288885117 0.9286537170
3.0523147583 -0.2072772980 0.5034265518 1.3087806702
3.8773727417 1.4875354767 0.1487312317 1.5541381836
3.1112518311 0.6941995621 0.9362754822 -0.0493202209
3.3234100342 0.0771603584 0.3491239548 1.3744392395
4.3606262207 -0.0118970871 -0.4564552307 0.6452827454
4.4843826294 0.2743582726 0.8561182022 0.5485229492
3.7654037476 0.2652711868 0.0004405975 0.5450668335
3.3057250977 -0.4162893295 -0.2099723816 0.5657997131
2.8106918335 0.3179783821 -0.1298151016 1.1878318787
2.7694396973 0.3679594994 -0.3642749786 1.5195808411
4.0011367798 0.3297920227 0.3431129456 1.5057601929
3.2880477905 0.8477778435 -0.0897359848 -0.1460800171
3.5061035156 -0.5135250092 -0.8191661835 1.1843757629
3.4707412720 0.0662555695 0.0645666122 0.1096458435
3.9834518433 0.5179028511 0.3932104111 0.7731437683
4.9263763428 0.3843169212 0.8320713043 0.4586715698
4.8202972412 -0.2508974075 0.0044488907 0.5657997131
4.2604370117 0.6178646088 -0.3702859879 0.3411788940
3.7536163330 -0.1863760948 -0.5306005478 0.2686080933
3.9068450928 -0.3535857201 0.1447238922 1.0841598511
3.6239624023 0.4742827415 -0.1278104782 0.2962532043
3.2644729614 -0.6443848610 -0.3261995316 0.0923652649
3.7064743042 -0.0346155167 0.1647624969 0.8802719116
4.0836410522 0.6160473824 -0.8873004913 0.4033813477
3.3175125122 0.7887091637 0.8481025696 0.7178535461
3.5414581299 0.0453543663 0.3611478806 0.8526268005
2.8224792480 -0.5571451187 -0.1698932648 0.9839439392
3.8361206055 -0.1509351730 0.1326999664 1.0012207031
3.1289291382 0.1489515305 0.0685739517 1.5817832947
4.1013183594 0.0317230225 0.0565509796 0.5070533752
3.7123641968 -0.0364332199 -0.2099723816 0.9251976013
4.1072158813 0.0871567726 0.5495176315 0.7593231201
3.9775619507 0.6314959526 -0.2520542145 0.7109413147
3.3764495850 1.8555779457 -0.4364156723 1.3191490173
3.9421997070 0.1625823975 0.6136426926 1.5195808411
3.2467956543 -0.0746002197 -0.3582630157 0.5139656067
3.7123641968 0.8114280701 -0.6568479538 0.0405311584
2.9403457642 0.9141163826 -0.2700901031 1.0945281982
3.7889785767 1.1776528358 -1.1097364426 1.0461463928
3.4177017212 -0.2527146339 -0.5586557388 0.4413948059
3.5886077881 0.2098374367 -0.2680864334 0.4102935791
3.3116226196 0.4906401634 -0.0777130127 -0.3015861511
3.2998352051 0.1780314445 -0.4644708633 1.1947441101
3.5473556519 0.5097241402 -0.7109546661 0.1511154175
2.6515731812 0.4415678978 -0.0316219330 1.6750907898
4.6847534180 -0.0973191261 -0.0075750351 0.6107254028
5.2446136475 0.5860586166 0.3571395874 1.1325416565
3.9834518433 -0.3672170639 -1.3522119522 0.0025177002
3.1642913818 0.6260433197 0.1367082596 0.6763839722
3.6121826172 -0.3399543762 0.1507349014 0.7213096619
4.6611785889 0.0199093819 -0.1097755432 1.0288696289
2.8696289062 0.3734116554 0.0665702820 1.1394500732
3.9716720581 0.6614847183 0.0785942078 0.0232505798
3.6534347534 -0.3799395561 -0.1238031387 0.7454986572
4.5550994873 0.6923818588 -0.7289896011 1.7476577759
3.2821578979 1.0077171326 -0.5947265625 0.8111572266
4.1661453247 0.4070353508 0.4994192123 1.1947441101
2.9462356567 0.5097241402 0.0785942078 0.8180694580
3.3234100342 0.1071491241 0.4032306671 1.7338371277
3.7536163330 1.2867026329 -0.2019567490 0.0785446167
5.2387237549 0.2743582726 -0.9514255524 0.3308105469
2.7753295898 1.0776906013 -0.8873004913 2.0966873169
3.3646621704 1.1494817734 -0.4203844070 0.9182853699
3.2880477905 0.1989326477 -0.2700901031 0.7005729675
3.9657745361 0.3715944290 0.1627588272 0.5727119446
3.8361206055 0.6369485855 -0.7069463730 0.9286537170
3.9657745361 -0.2754335403 -0.0216026306 1.2327575684
3.7712936401 0.7241883278 -0.4304046631 -0.0354957581
4.0600662231 -0.2945170403 -0.2019567490 0.1960372925
3.0994644165 0.9141163826 -0.4985380173 1.0530586243
3.4000244141 0.2498221397 -0.0256109238 0.8837280273
2.9462356567 0.7532682419 -0.0316219330 0.6660156250
4.1897201538 0.4052181244 0.1226806641 1.5403175354
3.3764495850 0.9277477264 0.6196546555 1.1532745361
3.6298599243 0.8777666092 -0.7229776382 0.7213096619
3.5178833008 0.0680727959 0.1888103485 1.5299491882
3.0228500366 0.3843169212 -0.1939401627 -0.1253433228
3.3410873413 0.7487244606 -0.2981452942 1.4608345032
3.4177017212 -0.3935704231 -0.5265932083 1.0115890503
3.0758895874 -0.6134872437 -0.6969270706 1.0288696289
4.4490280151 0.8704962730 0.3571395874 0.9735755920
4.1543579102 0.3924956322 -0.7329978943 0.9770317078
3.7300415039 0.9331998825 -0.4223890305 1.8789749146
3.2114334106 1.0722384453 -0.8111505508 0.7627754211
4.6022491455 -0.4962592125 -1.0756692886 0.5761680603
3.9009475708 0.3506932259 -0.3141765594 1.6232528687
3.7182540894 0.5615224838 -0.6528406143 0.7731437683
3.9245223999 0.5969634056 0.7459020615 1.1532745361
4.0070266724 0.1925711632 -0.1538619995 1.0496025085
3.0994644165 1.6738286018 -0.0737047195 1.1290855408
3.9127349854 0.5497088432 0.2188692093 0.2202301025
3.6593246460 1.7129049301 -0.0316219330 1.2984161377
3.1878662109 1.2612576485 0.5074348450 0.6452827454
2.7694396973 -0.5989475250 0.1507349014 1.3329734802
3.8479080200 -0.0609693527 0.0064525604 0.3446350098
3.5414581299 1.1531167030 0.0685739517 0.6487388611
4.4961700439 0.2307386398 -0.0717010498 1.4297332764
3.3587646484 0.4742827415 -0.4364156723 2.1035995483
3.3705520630 0.6105947495 -0.6869068146 1.4539222717
4.0954284668 -0.1027717590 -0.1197948456 0.5312423706
4.3900909424 -0.4162893295 -0.2961406708 0.3169898987
3.5886077881 -0.7443470955 0.6116390228 1.5714187622
3.9127349854 1.4739046097 0.1547431946 0.5657997131
3.9186325073 1.0904130936 -0.0857286453 1.6819992065
3.2880477905 1.0904130936 0.4833879471 0.3791923523
3.9657745361 0.4397501945 0.6236629486 1.3433380127
3.3705520630 -0.9324574471 -0.7350015640 0.7696876526
3.7654037476 0.5651574135 0.0665702820 1.2223892212
3.8184432983 0.6314959526 -0.0596771240 1.4608345032
3.3764495850 -0.1482090950 -0.0797166824 -0.1046104431
3.1525039673 0.2652711868 0.7138395309 0.5105094910
4.3547286987 0.1325941086 -0.1137838364 1.7372932434
3.6416473389 0.4906401634 0.6817770004 0.7593231201
3.8243331909 0.3561458588 0.1387119293 0.9908561707
3.5591430664 0.7323670387 0.6116390228 2.1139678955
4.2073974609 -0.2572584152 0.2048416138 0.8146133423
3.6416473389 1.3984785080 1.2669239044 1.8547859192
3.7182540894 0.1171450615 -0.8913078308 1.0150451660
4.2427597046 0.5896935463 0.1367082596 0.1165580750
4.1366806030 0.3770470619 0.4453125000 1.1912879944
4.0129241943 -0.4717226028 0.4733676910 1.1636428833
4.2073974609 -0.2508974075 1.1126213074 0.4379386902
3.2055435181 1.0358881950 -0.5927228928 1.0668792725
4.6729660034 0.1625823975 0.1687707901 1.1636428833
2.9933853149 0.7950706482 -0.1338224411 1.3226051331
3.0169601440 -0.3744869232 -0.4544515610 1.2051086426
3.5178833008 -0.3726692200 -0.5125656128 0.8318901062
3.2821578979 0.1571302414 0.6076316833 1.0496025085
3.9539871216 1.3466796875 -0.5265932083 1.1429061890
3.9009475708 -0.5889511108 -0.1718969345 0.7835121155
3.9657745361 0.1762137413 1.3971796036 2.4284362793
3.6652145386 -0.0800528526 1.4773368835 0.3895606995
4.3900909424 0.2898073196 0.4132499695 0.6038131714
3.3469848633 -0.2000074387 0.0485353470 1.2154769897
3.6534347534 -0.4735403061 0.3591442108 2.1554336548
3.1112518311 0.2134723663 0.9623270035 1.4988479614
3.1760787964 0.1307764053 0.4934072495 0.4794082642
2.8401565552 0.2289209366 -0.2540588379 1.1809196472
4.0600662231 -0.2090950012 -0.0055713654 0.8318901062
3.6416473389 0.9159336090 0.5415019989 1.5472259521
4.2957992554 0.0807952881 0.4312858582 1.4642906189
3.6239624023 -0.0800528526 0.8861770630 1.1774635315
3.1525039673 0.6242260933 0.8781614304 1.6059761047
3.8596954346 0.2216510773 0.7118358612 0.8215255737
3.3410873413 -0.5280652046 1.2068061829 1.2051086426
4.1307907104 -0.1791062355 -0.2680864334 0.9701194763
3.4648437500 -0.1600227356 -0.0055713654 1.1359939575
3.6239624023 1.1476640701 0.8260593414 0.8975486755
2.8106918335 0.2498221397 -0.0095787048 1.3295173645
3.4118041992 0.5706100464 0.1707744598 1.3537063599
3.1878662109 -0.2472624779 0.5354900360 0.7109413147
3.6946868896 0.0526242256 0.6376905441 0.7593231201
3.2644729614 0.4170317650 0.5575332642 1.3329734802
2.8990936279 0.1035141945 0.8521108627 0.2305946350
4.2545471191 -0.7025446892 0.4413051605 1.5264930725
3.3057250977 1.2349038124 0.2509317398 1.2154769897
2.8106918335 -0.1582050323 -0.5867109299 0.4897766113
2.5337066650 -0.4408254623 1.0284566879 0.5174217224
2.9521331787 0.8514127731 -1.1117401123 0.8180694580
3.9421997070 0.0071868896 0.5214624405 1.5817832947
2.9344482422 0.5760622025 0.7238588333 1.2811355591
3.5002059937 0.8023405075 0.6437015533 0.9355621338
3.1407165527 -1.1678228378 0.6917963028 1.2051086426
3.8596954346 0.1662173271 -0.3041563034 1.0185012817
2.8755187988 0.0090041161 -0.2300109863 1.2707672119
3.0876770020 -0.0627865791 0.0345077515 1.6474418640
3.1407165527 0.5079064369 -0.5706796646 0.4897766113
3.4648437500 -0.3026957512 0.4352931976 1.8997116089
2.7871170044 -0.2926998138 0.8741540909 1.2569465637
3.8361206055 0.7550854683 -0.0917406082 1.8029518127
4.6552886963 0.5615224838 1.2769441605 1.6267089844
2.2567214966 1.0486106873 0.4152536392 0.0370750427
3.7300415039 -0.2227263451 -0.4043531418 1.1187171936
3.1053543091 0.1262326241 0.5274744034 1.3709869385
2.7576522827 -0.3463158607 -0.0556697845 0.8042449951
2.7458648682 -0.0009918213 -0.0837240219 1.2569465637
2.4512023926 0.4761004448 -0.1518583298 0.3895606995
3.3882369995 -0.8134117126 0.5755681992 1.2396659851
4.3488388062 -0.5107989311 0.2910099030 1.2638587952
2.4512023926 0.1571302414 0.2308921814 1.2604026794
3.2173309326 0.2807197571 -0.0596771240 0.4586715698
2.2567214966 0.1853013039 -0.0175943375 0.8146133423
3.3057250977 0.9977211952 0.9723463058 1.7856712341
3.2526855469 -0.9151911736 -0.1698932648 1.5541381836
4.1248931885 0.2534570694 0.1928176880 0.7489547729
3.3646621704 1.1076793671 0.8741540909 0.5761680603
4.0070266724 0.3179783821 -0.3382234573 1.0979843140
3.3705520630 0.4379329681 0.2168645859 1.2085647583
3.3234100342 0.7832565308 0.6116390228 0.4483070374
2.6162185669 0.4779176712 -0.0837240219 1.3640747070
3.6121826172 0.0962438583 0.4473171234 2.5770339966
3.6121826172 0.3034381866 0.1246843338 0.3930130005
3.9186325073 0.2916245461 -0.1919364929 1.6923675537
3.8066558838 0.2161984444 0.0084562302 1.1187171936
3.3057250977 0.3052558899 0.2208728790 1.9204444885
3.7536163330 0.6596670151 0.9342718124 1.1256294250
2.2979812622 0.7432718277 0.8020124435 1.2500343323
3.2467956543 1.1022267342 1.0585155487 1.3675308228
2.9344482422 0.7169179916 0.4012260437 1.4228210449
4.5197448730 0.3543281555 0.6577291489 2.0483055115
3.7536163330 -0.3136010170 0.1727781296 0.4172058105
2.6633605957 0.4324803352 0.3150577545 1.8616981506
3.3646621704 0.5388035774 1.0645275116 1.3087806702
3.3705520630 0.3216133118 0.4413051605 1.6094284058
3.2291183472 0.3715944290 -0.2239999771 2.4353485107
3.5473556519 0.5478911400 0.5575332642 1.5057601929
4.1013183594 0.7278232574 1.1647233963 1.8720664978
4.4725952148 0.2825369835 0.5996150970 1.0288696289
3.7948684692 -0.4880800247 0.1206760406 1.3122367859
4.2427597046 -0.0709652901 1.3851556778 1.5057601929
4.2015075684 1.3566761017 0.8220520020 0.3169898987
3.5002059937 1.3812122345 0.0846052170 0.7524108887
3.2467956543 0.2498221397 0.5114421844 1.5368614197
3.1878662109 0.7514505386 0.5274744034 1.2673149109
3.9834518433 0.9086637497 -0.0035676956 3.0401000977
2.7694396973 0.8341464996 0.4232692719 0.8906402588
4.6140365601 1.0258922577 1.8139967918 0.3066215515
4.2604370117 1.4511857033 1.6777296066 1.4089965820
4.7024383545 1.7365322113 0.9943895340 0.6936645508
4.7319030762 1.0985918045 0.7118358612 -0.3292312622
6.0343170166 0.7587203979 1.4051952362 0.8146133423
4.6552886963 0.9659147263 0.5054311752 1.8616981506
4.6081390381 1.3303222656 2.1246061325 0.8940963745
4.5492095947 1.5693230629 1.0645275116 1.4366455078
6.1757583618 1.3848471642 1.1226415634 1.2638587952
4.9440612793 1.7419848442 1.6737217903 1.0979843140
5.4685592651 0.5933284760 1.8280243874 1.3709869385
5.4980239868 2.3944649696 2.2849202156 1.0150451660
4.7731552124 3.0187745094 1.7097926140 1.8029518127
7.0361709595 1.9718976021 2.4432306290 0.4206619263
5.9282379150 2.3544802666 2.9782800674 1.9446372986
7.3190536499 2.2845067978 2.1205978394 2.2591056824
6.5175628662 2.4671649933 2.2588691711 1.1118049622
6.6177520752 3.1369109154 2.7919144630 1.2154769897
6.8475875854 2.2563357353 3.2708535194 2.0379409790
5.9223403931 2.4308152199 3.6516003609 1.3537063599
5.6925048828 1.3112387657 2.7217769623 1.6197967529
4.7024383545 0.8550477028 1.2268457413 1.0737915039
4.9322738647 0.9559187889 1.5434665680 1.3398818970
4.2604370117 1.1285805702 0.6477098465 1.2223892212
4.2722244263 0.2743582726 1.1947822571 0.9459304810
4.4490280151 1.3884820938 0.8621301651 1.0876159668
4.9028091431 1.7319884300 0.4352931976 0.5969009399
4.2840118408 0.9104814529 1.6937608719 1.6059761047
5.4685592651 1.2867026329 2.6115608215 1.3053245544
5.3506927490 1.8864755630 2.3991441727 1.8098640442
6.3171920776 3.1178278923 2.4492425919 1.5403175354
5.7160797119 1.4039311409 3.0383977890 1.1843757629
6.0166397095 1.6392965317 3.4271602631 2.0413970947
5.3742675781 2.4099140167 3.0223665237 1.4642906189
5.3506927490 0.9904508591 2.5133681297 1.1429061890
6.3407669067 0.5760622025 1.8180046082 1.7200126648
5.7750091553 1.0922307968 2.7498321533 0.8249816895
4.6670761108 1.3848471642 0.6056270599 2.0241165161
4.8733367920 2.2790541649 2.0985546112 0.9251976013
4.9440612793 0.8950324059 1.9682993889 1.1083488464
4.6552886963 1.8046884537 1.7097926140 1.2293014526
4.1720428467 0.4397501945 0.9803619385 1.3156929016
4.9204864502 0.5197200775 1.7659025192 1.0979843140
4.7672576904 1.5084366798 0.9883775711 1.4539222717
3.6946868896 1.3884820938 0.5134468079 1.8167724609
5.0088882446 0.6805682182 0.8961973190 1.5748710632
3.8420181274 -0.3672170639 0.9583187103 1.2845916748
3.3234100342 0.4988188744 0.9563150406 1.8858871460
3.2173309326 0.6787509918 1.0545072556 1.8616981506
3.9127349854 1.0377058983 1.4192228317 0.6349143982
3.3705520630 0.7605381012 0.9482994080 0.8422584534
3.5237808228 0.3125257492 0.4733676910 1.1740074158
2.8224792480 0.2216510773 0.8420906067 1.7718505859
3.2291183472 0.4642863274 1.3611087799 0.9770317078
3.2055435181 0.6614847183 0.8941926956 0.9286537170
2.3686981201 0.3715944290 1.2629165649 2.0655860901
3.2173309326 -0.2981519699 0.9723463058 1.2742233276
3.6357498169 -0.2036423683 1.7779259682 0.6038131714
3.0169601440 -0.5816812515 0.5875921249 1.7856712341
3.1112518311 0.9750022888 0.3250770569 0.6763839722
3.1289291382 0.7223706245 0.9402837753 0.4552192688
2.7635498047 0.4243016243 0.1407155991 1.4919357300
3.0817871094 -0.1409387589 0.1286916733 0.3515472412
2.7930145264 -0.2736158371 0.2389078140 1.1359939575
2.8401565552 -0.0800528526 1.6055879593 0.5796241760
2.2390441895 -0.6589245796 0.4773759842 0.8215255737
3.2291183472 0.4415678978 0.5314817429 1.7545700073
2.8342666626 -0.9815297127 1.4673171043 0.9770317078
2.5042419434 -0.0627865791 -0.0175943375 0.9908561707
2.7694396973 0.4515643120 0.9442911148 0.0647201538
2.4983520508 -0.0173492432 0.9022092819 1.1878318787
2.7105102539 -0.6707382202 0.2268848419 1.2845916748
3.1878662109 -0.4880800247 0.2589473724 1.6163406372
3.0994644165 -0.2627110481 0.3411083221 1.1740074158
3.4118041992 -0.5798635483 1.0024051666 1.1532745361
3.6298599243 0.0889739990 0.4172582626 0.8353462219
3.3292999268 -0.4108366966 0.1226806641 1.2016563416
3.6180725098 0.3870429993 0.3471202850 1.0150451660
2.2802963257 -0.6189398766 -0.0837240219 1.7511138916
3.1583938599 -0.2109122276 0.0405187607 0.4068374634
2.2685089111 0.2443699837 0.4352931976 0.5554351807
2.2272567749 -0.8452177048 0.0565509796 0.0301628113
2.3097610474 0.3888607025 2.0965509415 1.0012207031
2.9462356567 0.0789780617 -0.4925260544 1.3744392395
2.7340774536 0.4152140617 -0.3422317505 0.7731437683
2.8342666626 -0.0173492432 0.2449197769 1.0945281982
2.9285583496 -0.2399921417 -0.2239999771 1.8686103821
2.7930145264 0.1553125381 -0.0957479477 0.8526268005
2.8106918335 -0.4998941422 -0.1558656693 0.8906402588
2.7046127319 -0.6707382202 0.1848020554 1.5334053040
3.5473556519 0.0680727959 0.3050374985 0.7662315369
2.8165893555 0.1035141945 0.5415019989 0.5346984863
4.2427597046 -0.0009918213 0.5114421844 1.3778953552
2.6751480103 0.0262703896 -0.0737047195 1.1947441101
3.3764495850 0.4570164680 0.6176509857 0.9874000549
3.4177017212 0.1398639679 0.2148609161 1.3156929016
1.9502716064 -0.1672925949 0.8681421280 1.6128845215
2.7046127319 -0.5571451187 0.1888103485 0.9597549438
3.0464248657 -0.4235591888 1.0224447250 2.0966873169
2.8637313843 -0.4635438919 -0.1819171906 1.6992797852
2.3686981201 -0.1427564621 1.2769441605 1.3364295959
3.2585830688 -1.2359790802 0.0525426865 0.2997093201
3.7359390259 -0.6425671577 -0.1739015579 0.5381546021
2.4276275635 0.2216510773 -0.1458463669 1.0945281982
2.1329650879 -0.1391215324 0.1347036362 0.7731437683
2.0799255371 0.5060887337 0.9142322540 1.5956077576
3.1583938599 -0.8152289391 0.2890062332 1.2500343323
1.9679565430 -0.0573344231 0.2409124374 0.9874000549
2.4924545288 -0.3190531731 0.6737613678 0.8353462219
2.5278167725 -0.7525258064 0.3250770569 1.2776794434
2.5160293579 -1.0651345253 0.9983978271 0.8318901062
2.7281875610 -0.4980764389 1.8761186600 1.3364295959
2.1919021606 0.3406968117 0.5354900360 1.4677467346
3.6946868896 0.1971149445 0.7218551636 0.9770317078
3.2350082397 0.3279743195 0.2589473724 0.4690399170
3.9421997070 -0.6989097595 0.7338790894 1.5126686096
3.0699996948 -0.3726692200 -0.1618776321 1.0876159668
2.8578414917 -0.3572206497 1.0464916229 0.6521949768
2.3922729492 -0.8415827751 0.2890062332 2.0483055115
3.4471664429 -0.0218930244 0.8921890259 1.2742233276
2.9108810425 0.0662555695 -0.0195989609 1.7683944702
3.5768203735 0.4261193275 0.1206760406 0.7074851990
2.1093902588 -0.3817567825 1.0204410553 1.5299491882
2.4217376709 -0.5607800484 0.0385150909 1.6267089844
3.7123641968 -0.5107989311 1.0585155487 1.5230369568
2.6810379028 0.4433856010 0.9342718124 1.0668792725
2.4453125000 0.4115791321 0.5675525665 1.6025199890
3.2055435181 0.4697389603 0.0545463562 0.7005729675
3.5591430664 0.8386902809 -0.3803062439 1.3156929016
3.1053543091 0.0944266319 0.7118358612 1.5264930725
1.7675857544 0.2952594757 0.3531322479 0.3550033569
3.3764495850 0.2289209366 0.1266880035 0.5934448242
1.7970504761 0.2216510773 0.4212656021 1.2742233276
2.7399749756 -0.6725559235 0.0485353470 1.2915039062
3.1053543091 0.3161606789 -0.4063568115 1.4124526978
3.1112518311 0.0962438583 1.3290462494 0.8629951477
2.5160293579 -0.4162893295 0.6877880096 0.3861045837
2.5690689087 0.5179028511 -0.2801094055 0.5277862549
2.8224792480 -0.5889511108 0.2268848419 1.2742233276
2.7164001465 0.1907539368 -0.5125656128 0.0163421631
3.1642913818 -0.6025824547 0.2549400330 0.0923652649
2.7576522827 -0.7143583298 -0.2981452942 0.9528427124
3.9657745361 -0.1009540558 0.3190650940 0.7938804626
2.1801147461 -0.4544568062 -0.3462390900 1.2673149109
1.6732940674 -0.1927375793 0.0224838257 0.9459304810
2.5042419434 -0.9897084236 0.4513244629 1.6301651001
2.8755187988 -0.5526013374 -0.2821130753 0.6314582825
2.4747772217 -0.6834607124 2.4893212318 0.7524108887
3.8655929565 0.2861723900 1.2348613739 1.1359939575
2.6397857666 -0.5153427124 0.4914035797 0.8249816895
2.3745880127 -0.0518817902 1.4833483696 1.1014366150
2.3745880127 -1.7030749321 0.6497135162 1.6716346741
3.1937561035 0.7187356949 0.7579259872 1.4055404663
1.8324050903 0.7469067574 0.7338790894 0.9632110596
2.4217376709 -0.0555167198 -0.0897359848 1.2638587952
3.2762603760 -1.0824007988 0.2168645859 1.3917198181
2.1093902588 0.2425522804 0.2609510422 1.4297332764
2.8990936279 -0.6216659546 0.1467275620 2.0172042847
2.9167709351 -0.0255279541 0.0164718628 2.1001434326
3.0346374512 0.3470582962 0.2429161072 1.3917198181
3.3351974487 -0.6271185875 0.1407155991 1.4159088135
1.8206253052 0.2007498741 0.6457061768 1.9135322571
2.0917129517 0.3143434525 0.3771791458 1.4677467346
3.2173309326 0.1307764053 0.0304994583 1.4573783875
2.1624298096 -1.1487393379 0.7619342804 1.3709869385
1.7440109253 -0.4998941422 0.1026411057 1.4573783875
3.0994644165 -0.5544185638 0.3651561737 0.9562988281
2.9521331787 0.4133968353 -0.2099723816 0.9908561707
3.2939453125 -0.1736536026 0.3531322479 1.5817832947
3.3764495850 -0.6234836578 0.9643306732 1.1912879944
2.9992752075 0.7569031715 0.3110494614 1.6750907898
3.5473556519 -0.3863005638 0.0044488907 2.4629936218
2.4040603638 1.3693985939 1.2248411179 0.9079170227
2.8696289062 0.2861723900 0.4072380066 1.5230369568
3.0169601440 0.4070353508 0.8861770630 1.7303810120
2.4335250854 0.9677324295 1.1206369400 0.3584556580
2.6338958740 -0.1527523994 0.1326999664 0.8007888794
3.1819686890 -0.4390077591 -0.4023494720 0.2858886719
2.9874877930 -0.6916394234 0.0144681931 0.3377227783
2.4983520508 -0.7997803688 0.0425233841 -0.0804214478
2.4217376709 0.7469067574 -0.0696973801 1.5956077576
1.7911529541 0.2934422493 0.2709712982 1.9895591736
2.8637313843 -1.2005376816 0.0064525604 2.0724983215
2.8224792480 -0.3136010170 0.8861770630 2.0379409790
3.1348266602 0.0162744522 0.4152536392 0.1269226074
3.3351974487 0.1907539368 0.4893989563 2.1969032288
2.4158401489 0.1225976944 -0.0376338959 0.6521949768
2.4629898071 -0.1736536026 0.7138395309 0.4517631531
2.3922729492 0.5724272728 0.0505390167 0.4794082642
2.7281875610 0.0944266319 1.0344686508 1.4020881653
2.3097610474 -0.3653993607 -1.0255718231 1.7476577759
2.5042419434 0.2534570694 -0.1999521255 0.6763839722
2.3215484619 -0.0991363525 -0.3282041550 1.0599708557
2.3215484619 -0.2608933449 0.3932104111 0.7489547729
2.4629898071 -1.2932300568 -0.0175943375 1.0634269714
3.3646621704 -0.7089056969 0.4613447189 1.0115890503
2.1270751953 0.2570924759 0.8380832672 0.7558670044
3.1348266602 -0.2854294777 0.1186723709 1.6681785583
2.7105102539 0.0580768585 -0.1238031387 0.1200103760
3.2762603760 0.4661040306 0.4252738953 1.1152610779
2.2095794678 0.1225976944 0.5615406036 1.3813514709
2.6633605957 -0.0028095245 0.3992223740 1.9135322571
1.6556091309 0.8132452965 1.0665311813 1.3226051331
2.6928253174 0.1325941086 0.7579259872 0.5105094910
3.3882369995 -0.1027717590 -0.2239999771 1.3537063599
2.3686981201 -0.0173492432 0.4533290863 0.6625595093
3.2291183472 0.5597047806 0.5475130081 1.2293014526
1.9561691284 0.0562591553 0.2529354095 1.9342689514
1.9384841919 0.4070353508 -0.0436458588 0.2686080933
3.5886077881 -0.0291628838 0.8340749741 0.6729278564
3.1289291382 0.1607651711 0.3330926895 1.5299491882
2.4865646362 0.2689061165 -0.3682823181 1.5264930725
2.5337066650 -0.0028095245 0.2689666748 0.9735755920
3.4177017212 0.1816663742 0.8581228256 1.2431221008
2.7340774536 0.4452028275 -0.0616807938 1.7960395813
2.6633605957 0.0071868896 0.1547431946 1.2362098694
4.2427597046 -0.8543052673 0.5615406036 1.2016563416
3.6121826172 -0.7788791656 0.8481025696 1.9550018311
3.3587646484 -0.2981519699 -0.2119760513 1.2085647583
2.6221084595 -1.2496104240 0.9503030777 1.0219573975
2.5454940796 -0.5662326813 -0.2300109863 1.9653701782
3.3057250977 0.0980615616 -0.3883218765 1.4124526978
2.6928253174 0.1644001007 0.5575332642 2.0483055115
2.1565399170 0.2861723900 0.2148609161 1.4089965820
2.7046127319 -0.7161755562 0.9503030777 1.1982002258
2.3745880127 -0.5453314781 -1.1698541641 1.5472259521
3.5002059937 0.9840898514 0.3912067413 1.3951759338
2.1035003662 -0.3481330872 -0.2320156097 0.3411788940
3.5591430664 -0.3517680168 -0.0596771240 1.1325416565
3.2291183472 -0.1900110245 0.3170614243 0.7973327637
3.4412765503 -0.7897844315 -0.6147661209 0.3550033569
2.9521331787 0.4415678978 -0.0877323151 0.8837280273
2.6044311523 -1.2377963066 0.1126604080 1.7061920166
2.7399749756 0.6923818588 0.6437015533 0.4275703430
2.9639205933 0.4606513977 0.8621301651 0.3238983154
3.0758895874 -0.9061040878 -0.2700901031 1.6128845215
3.1112518311 -0.2754335403 -0.0576734543 1.1670989990
1.9561691284 -0.3672170639 0.3651561737 1.0150451660
1.9208068848 -0.9497237206 0.2008333206 0.9010047913
3.2055435181 -1.5358655453 -0.0556697845 -0.1149787903
2.5867462158 -1.1087546349 1.1286525726 1.7753067017
3.0994644165 -0.0518817902 0.3531322479 1.9653701782
3.0699996948 0.0217266083 0.2328968048 1.5264930725
3.3057250977 -0.0746002197 0.1407155991 0.9528427124
3.4707412720 -0.3008785248 -0.0476541519 2.1174201965
2.9933853149 0.2271037102 0.2930145264 1.2569465637
3.0994644165 0.1607651711 -0.0476541519 1.1809196472
3.1230392456 -0.2172737122 0.0164718628 0.9735755920
3.4530639648 -0.3972053528 0.0244874954 1.4400978088
3.6534347534 -0.6153049469 1.3751363754 0.4102935791
2.5278167725 -0.5925860405 0.2689666748 0.9943122864
2.9933853149 -0.6934571266 0.9583187103 1.1912879944
1.6732940674 -1.1905417442 0.4914035797 1.8444213867
2.6810379028 -0.0173492432 -0.2961406708 0.7938804626
2.7340774536 0.4870052338 1.2669239044 -0.2048263550
2.2095794678 0.0017342567 -0.2841176987 0.3930130005
2.6397857666 0.2043848038 -0.5586557388 1.4919357300
2.2567214966 -0.3763041496 0.3210697174 1.0081329346
2.9992752075 0.1262326241 -0.2720937729 1.2362098694
2.8696289062 -0.3272318840 -0.7169666290 1.5852394104
2.8283691406 -1.0787658691 0.4593400955 1.3191490173
3.1760787964 -0.7670655251 0.0124645233 1.2915039062
2.7517623901 -0.6043996811 -0.5426244736 2.0344848633
1.7616882324 -0.2454447746 0.6396942139 0.7696876526
3.1937561035 -0.3835744858 0.6356859207 1.8616981506
2.9167709351 0.3997654915 -1.2500114441 1.5230369568
3.7064743042 -0.2136387825 0.3791828156 0.9079170227
2.9815979004 -0.8243165016 -0.0075750351 1.7131004333
3.1642913818 -0.2436275482 -0.2861213684 1.0392341614
2.7812271118 -0.2799773216 -1.1999130249 1.1843757629
3.1230392456 -0.5680499077 0.4212656021 2.2763862610
2.3686981201 -0.4580917358 1.8019733429 1.8582420349
2.6928253174 0.0889739990 -0.0656890869 2.0344848633
2.9521331787 -0.1282162666 0.1948213577 1.4228210449
2.5985336304 0.2461872101 -0.0757083893 0.4517631531
2.4983520508 0.0035519600 -0.4003458023 0.6729278564
2.0740356445 -0.2681636810 0.2128572464 0.4413948059
2.0799255371 -0.1045889854 0.0846052170 1.6958236694
1.7440109253 -0.3154182434 0.5515213013 0.8353462219
2.6456832886 -0.0691480637 0.2248802185 0.5416107178
2.2802963257 -0.0936841965 -0.1939401627 0.5727119446
2.8224792480 -0.8088679314 0.6076316833 1.2223892212
2.8990936279 0.5079064369 0.2168645859 0.6832962036
2.7871170044 -0.7425293922 0.0986328125 0.8249816895
3.0994644165 -0.0555167198 0.4252738953 0.4655838013
3.2644729614 0.9104814529 -0.3482427597 1.1048927307
2.2802963257 -0.2908821106 0.6416978836 0.8699035645
3.0817871094 -0.3099660873 -0.6989307404 0.7074851990
2.1270751953 0.2007498741 1.2949790955 0.8906402588
3.1348266602 0.2616357803 0.1807937622 1.1187171936
3.1348266602 0.2779932022 0.2769832611 1.0012207031
2.8460540771 0.4742827415 0.2589473724 0.6556510925
2.8342666626 -0.1654748917 0.7559223175 1.1048927307
2.6928253174 0.0753426552 1.1466884613 1.2431221008
2.2272567749 -0.1672925949 -0.0356302261 1.5610504150
3.2467956543 0.6278610229 0.0625619888 1.7994956970
1.3668365479 -0.3444981575 -0.5185775757 1.1048927307
2.6103210449 -0.2018251419 0.0605583191 1.2431221008
3.1053543091 0.4279365540 0.7980041504 1.2016563416
2.9167709351 -0.8888378143 0.2409124374 1.1256294250
3.0228500366 -0.2172737122 -0.3722906113 0.2236824036
2.4394149780 -0.5798635483 1.0384759903 0.4794082642
3.3175125122 -0.6425671577 0.6978082657 1.9964714050
3.6416473389 0.8286938667 0.5936040878 0.6314582825
2.7281875610 -0.3326845169 1.1286525726 1.0565147400
3.7536163330 -0.7788791656 0.9462957382 1.3053245544
2.1565399170 -1.0042486191 -0.2901296616 1.2223892212
2.0092086792 -0.1409387589 -0.5205812454 1.2569465637
2.8048019409 -0.1027717590 1.2208337784 1.4504661560
2.9757080078 0.1280503273 0.5535249710 1.4435539246
3.5237808228 -0.2799773216 0.2429161072 0.6003570557
3.4294891357 0.2007498741 1.1326608658 1.6992797852
2.6221084595 -0.1254901886 0.8541145325 1.7856712341
2.7989044189 -0.7089056969 0.0525426865 1.6923675537
3.0994644165 0.2062025070 0.6877880096 1.0392341614
3.0346374512 -0.3190531731 0.9302635193 0.4206619263
2.6456832886 0.0071868896 0.7018156052 1.3467941284
3.6239624023 -0.2054600716 0.8160400391 1.4262771606
3.3882369995 -1.0542297363 0.6877880096 1.7234687805
2.0622482300 0.0562591553 0.5154504776 1.3848075867
3.2644729614 -0.2472624779 0.2809906006 1.1843757629
3.0051727295 0.3143434525 0.2890062332 2.0241165161
3.6828994751 0.7723517418 -0.5646677017 0.7662315369
2.9933853149 0.6242260933 -0.3803062439 1.8271408081
2.9639205933 -0.2663459778 0.3270807266 1.0841598511
2.9698104858 -0.4072017670 -0.1057672501 1.7096481323
3.2585830688 0.0580768585 0.8521108627 1.1429061890
3.0994644165 -0.4789929390 0.2890062332 0.7627754211
2.9403457642 0.1680350304 0.4032306671 0.8457145691
3.2880477905 0.4988188744 0.7298707962 1.2984161377
2.8519439697 0.5651574135 -0.1418380737 1.7338371277
3.5591430664 -0.8733887672 -0.0135869980 0.6832962036
3.6652145386 -0.7461643219 1.7198123932 1.7234687805
3.2998352051 -0.5398788452 0.4813833237 0.3169898987
2.9108810425 -0.8588490486 0.2328968048 0.1856727600
3.9127349854 -0.1618399620 1.0184364319 1.8858871460
2.7222976685 -0.8088679314 0.7980041504 1.9757385254
2.8990936279 -0.7388944626 -0.4684791565 1.1670989990
2.8637313843 -0.5107989311 0.5074348450 1.3675308228
3.3705520630 0.7114658356 1.2208337784 0.0336189270
2.2861938477 -0.2736158371 0.8541145325 1.5334053040
3.4530639648 0.1071491241 -0.0717010498 1.2396659851
2.4688796997 -1.6767213345 -0.0236063004 1.7925834656
3.0346374512 -0.5944037437 -0.0015630722 0.5934448242
2.7164001465 0.4551992416 -0.3001489639 1.2189331055
1.9561691284 -0.5925860405 0.0826015472 2.0517616272
2.4158401489 -0.3517680168 0.2689666748 2.1035995483
3.7182540894 0.5097241402 1.0625228882 2.0102958679
2.2626190186 -0.2318134308 0.7018156052 1.8513298035
2.4453125000 -0.4962592125 0.7980041504 1.3433380127
3.0051727295 0.2570924759 0.1948213577 0.3930130005
2.5926437378 0.9559187889 -0.0035676956 0.8837280273
2.5749588013 0.3888607025 0.7038202286 0.7351303101
3.0228500366 -1.0106096268 0.1387119293 0.0958213806
2.8990936279 -0.1736536026 0.3230733871 1.1878318787
3.2821578979 0.1416811943 -0.3402271271 2.0552177429
2.9698104858 0.1644001007 -0.3702859879 1.2085647583
2.2390441895 -0.5607800484 0.3110494614 1.9653701782
2.7164001465 -0.0991363525 0.1807937622 0.8975486755
4.3075866699 0.1307764053 0.7358827591 1.3122367859
3.5237808228 -0.8279514313 0.2509317398 0.6625595093
2.2449417114 0.0017342567 0.5134468079 1.2915039062
2.9108810425 -0.3863005638 -0.1658859253 1.0772476196
2.7458648682 -0.5735025406 0.4533290863 1.8305969238
2.3686981201 0.0335407257 0.8080244064 1.4539222717
3.1525039673 -0.4826278687 -0.5847072601 1.8582420349
3.4294891357 0.2098374367 0.5174541473 0.6349143982
3.0523147583 0.1907539368 0.0244874954 0.9286537170
3.7595138550 0.8268766403 0.3691635132 0.9010047913
3.7064743042 -0.8906550407 0.4433088303 1.3122367859
3.4118041992 -0.0400681496 1.2488889694 1.2638587952
3.7418289185 0.7759866714 0.9903821945 1.1774635315
3.1525039673 -0.5362439156 0.6216583252 1.2638587952
2.8873062134 0.3525104523 0.6236629486 1.2085647583
2.6692581177 -0.4898977280 1.0885744095 0.9943122864
2.8048019409 -0.2699809074 0.6156473160 0.5174217224
3.3351974487 0.2161984444 -0.0897359848 0.4137496948
2.9698104858 0.6087775230 1.5855488777 1.2880477905
3.4294891357 -0.3272318840 0.6978082657 0.6729278564
3.1996459961 -0.7825140953 0.0224838257 0.3999252319
3.5473556519 0.0071868896 0.5354900360 1.8029518127
3.0758895874 -0.3554034233 0.8721494675 1.2638587952
3.1878662109 -0.9706249237 0.4513244629 1.1567306519
3.1642913818 -0.9651722908 1.5134072304 1.0772476196
3.5178833008 -1.0824007988 1.2368650436 2.4284362793
2.7930145264 -0.7843317986 0.8420906067 1.6578102112
2.7458648682 -0.4072017670 -0.1999521255 0.9113731384
2.8460540771 -1.0196971893 -0.3622703552 0.5969009399
3.1642913818 0.3870429993 -0.7750797272 1.0461463928
3.1760787964 -0.6234836578 -0.0075750351 1.3329734802
2.9815979004 -1.1014842987 0.8300676346 1.2604026794
4.8261947632 0.1244153976 0.2349004745 0.3515472412
3.1230392456 -0.2663459778 0.5394973755 1.4988479614
3.9834518433 -1.0651345253 0.0565509796 1.6681785583
3.8302307129 -0.6007647514 0.2809906006 1.5195808411
3.8950576782 -1.7485122681 0.8861770630 1.1947441101
4.1838302612 -0.5416965485 0.5695562363 1.3122367859
4.1425704956 -0.9188261032 0.1687707901 1.9204444885
4.5079574585 -1.0024309158 1.6937608719 1.7683944702
3.6887893677 -1.7339723110 0.7779655457 2.0206604004
3.2585830688 -0.1391215324 0.9703426361 1.2085647583
2.4394149780 -0.1409387589 0.3511285782 1.4884796143
3.1937561035 -1.0687694550 0.4533290863 1.7718505859
3.8184432983 0.4188489914 0.9482994080 1.7061920166
3.6239624023 -0.8570313454 0.6717567444 0.8180694580
2.9992752075 -2.3546464443 1.3851556778 1.4470100403
2.6103210449 -0.7961454391 0.0705785751 2.3074874878
3.4707412720 -1.2114429474 0.5675525665 1.5886955261
4.0364913940 -0.7525258064 0.2409124374 1.5679626465
3.0876770020 -1.1223855019 0.6777687073 1.0772476196
3.5296707153 -1.1260204315 -0.0917406082 0.9632110596
2.8755187988 -1.0733132362 -0.0897359848 1.6681785583
3.9421997070 0.3634157181 0.8821697235 2.4007911682
3.3587646484 -1.0669522285 0.7118358612 0.8664474487
2.4629898071 -0.2054600716 0.9623270035 2.0033836365
3.7182540894 -0.7089056969 1.1647233963 1.4781112671
4.1366806030 -0.8279514313 0.5655488968 0.9770317078
4.5904617310 -1.7466948032 1.0224447250 1.2742233276
4.1720428467 -1.3177661896 0.8200473785 0.7835121155
3.9186325073 -1.1487393379 1.8640952110 1.3087806702
3.6770019531 -1.4677095413 0.5334854126 1.1429061890
4.1072158813 -0.4144716263 0.7479066849 1.1498184204
3.7889785767 -1.1187505722 1.1366682053 1.6819992065
4.5079574585 -0.4299206734 0.9763545990 1.2742233276
3.4177017212 -0.4998941422 0.8000087738 1.2569465637
4.3075866699 -1.9084517956 -0.3081645966 1.3295173645
3.7418289185 -1.5285954475 -0.0075750351 1.2845916748
4.6670761108 -0.6861872673 0.9903821945 2.0759544373
3.5061035156 -0.8988337517 1.2508926392 1.0876159668
4.0836410522 -1.9666116238 1.3951759338 1.2984161377
3.3587646484 -1.4867932796 0.7539176941 0.5485229492
5.1031799316 -1.6140177250 1.1907749176 1.3087806702
3.4118041992 -1.3068614006 1.4432697296 1.0910720825
4.1013183594 -1.2650589943 0.5775718689 2.0621299744
4.1248931885 -0.7961454391 1.8861384392 0.8526268005
4.2840118408 -1.2795987129 1.6115999222 2.4249801636
3.6180725098 -0.1336688995 0.6457061768 2.3973350525
4.1013183594 -1.2895951271 0.9162359238 2.0206604004
5.1267547607 -1.2005376816 1.1226415634 1.9722824097
4.0482788086 -0.8052330017 0.7218551636 2.0102958679
4.2368698120 -0.9360923767 0.9563150406 2.3247642517
5.0088882446 -1.9329879284 0.5475130081 1.9861030579
4.5492095947 -1.6249227524 0.9723463058 1.8962554932
5.1621093750 -2.0220451355 2.6816983223 1.5610504150
4.3959884644 -0.5871338844 1.2148218155 0.8077011108
4.4077682495 -1.1660056114 0.0866098404 0.9977684021
4.2250823975 -1.1696405411 1.0004014969 1.8651542664
4.7554779053 -1.4749794006 1.2909708023 1.6854553223
4.2427597046 -1.1378345490 1.5875530243 1.6474418640
4.4667053223 -1.9293529987 0.5394973755 0.2409629822
4.4549179077 -1.5195081234 0.0765895844 1.6819992065
3.9245223999 -2.0811135769 1.1827592850 2.0897750854
4.1838302612 -1.7694134712 0.7178478241 2.6737937927
3.9775619507 -1.4568045139 0.5194587708 1.8547859192
4.4431304932 -2.1701707840 0.4493207932 1.3537063599
4.3900909424 -1.2877774239 0.5254697800 1.5023040771
4.7908325195 -1.4731619358 0.9943895340 2.1001434326
4.4018783569 -1.9229917526 0.8961973190 1.7753067017
3.0935668945 -2.1111023426 1.3190259933 2.1830825806
5.3624801636 -2.4582436085 0.5374937057 0.8388023376
4.5374221802 -1.2232565880 0.8841733932 1.6267089844
5.1326446533 -1.7376072407 1.3090066910 1.0945281982
5.3801651001 -1.9920566082 0.3871994019 0.2927970886
3.2703704834 -1.0296936035 0.3912067413 2.5286521912
4.3900909424 -0.8661189079 0.9623270035 1.7234687805
3.7182540894 -1.3559336662 0.6256666183 1.1256294250
3.7359390259 -1.2214388847 1.5174150467 2.0172042847
4.2132949829 -1.5376830101 1.5534858704 1.1705513000
3.9539871216 -1.1432867050 1.2027978897 1.7822151184
4.9204864502 -0.9042863846 0.1767864227 2.2660179138
4.1543579102 -1.3959183693 0.7759609222 1.8029518127
5.1090698242 -0.5989475250 0.7779655457 3.2716331482
5.0442428589 -1.0614995956 -0.0717010498 1.6232528687
4.3134765625 -1.8684668541 1.1466884613 1.5610504150
4.6258239746 -2.3046655655 0.9783582687 2.2521934509
4.7083282471 -1.0596818924 1.2809514999 1.2223892212
3.8891601562 -1.7639610767 -0.1779088974 1.7200126648
5.1267547607 -2.3101179600 1.1587114334 1.4746551514
3.8596954346 -1.0542297363 1.4472775459 2.8500366211
3.1583938599 -1.1487393379 1.6897530556 0.6867523193
4.1013183594 -2.4055364132 0.8681421280 2.3213081360
4.1366806030 -2.1320035458 1.6216197014 1.8893432617
4.5727844238 -1.5322306156 1.0845661163 1.6750907898
4.1543579102 -1.6803562641 1.0404796600 2.0344848633
4.5020675659 -1.9193568230 0.6697530746 1.4608345032
3.7005767822 -1.2078080177 0.9142322540 1.6508979797
4.3488388062 -2.0583949089 1.1887712479 0.8837280273
4.1956100464 -1.3068614006 1.0344686508 2.0206604004
3.8714828491 -0.7388944626 1.7017769814 0.7454986572
4.1897201538 -1.5494966507 0.8561182022 0.8975486755
3.8125534058 -1.8584706783 0.5435056686 0.9528427124
4.0777511597 -1.5440442562 1.0985937119 1.2016563416
4.3488388062 -1.7621436119 1.1026020050 1.5264930725
4.2427597046 -0.8752064705 0.8661384583 1.5817832947
2.9933853149 -1.0578646660 -0.0676927567 0.9632110596
3.9775619507 -1.2477927208 0.8080244064 1.2811355591
4.0836410522 -0.8888378143 0.7799692154 1.2327575684
2.7635498047 -0.9360923767 0.8060207367 0.7558670044
3.7123641968 -1.6921699047 0.8180437088 0.7765998840
3.5061035156 -1.5285954475 0.7639379501 2.0621299744
4.2427597046 -1.1341991425 0.5535249710 0.8975486755
4.3665161133 -0.7652482986 1.1046056747 1.0703353882
3.7359390259 -0.9969787598 0.9042129517 2.2832984924
4.1072158813 -0.7425293922 0.7418947220 1.6301651001
3.9539871216 -1.3141312599 1.7358436584 0.8077011108
4.4784927368 -1.1887240410 0.6376905441 0.8906402588
4.2957992554 -0.5380611420 0.3932104111 1.7372932434
4.3488388062 -0.5834984779 0.3190650940 1.3986320496
3.4294891357 -1.4204547405 0.9402837753 1.4159088135
4.2015075684 -1.5095119476 0.1387119293 1.8236846924
3.3646621704 -0.5871338844 0.9442911148 0.9632110596
4.2899093628 -0.7125406265 0.3531322479 1.4400978088
3.7712936401 -1.4958806038 1.3049983978 1.2949600220
3.4471664429 -0.6325712204 0.5214624405 1.6405334473
3.4530639648 -0.7043619156 0.9282598495 0.7973327637
3.6357498169 -1.4150021076 1.1747436523 1.3018722534
3.8125534058 -0.6325712204 0.6537218094 1.6992797852
4.3900909424 -0.8815674782 0.4112462997 1.0323257446
3.2644729614 -1.3313975334 0.2389078140 0.9286537170
3.6121826172 -1.1014842987 0.7499103546 0.9839439392
3.1466064453 -0.5735025406 0.4954109192 1.3502502441
4.1366806030 0.4261193275 1.7919535637 1.1670989990
3.3234100342 -1.0024309158 0.5775718689 1.5921516418
3.6416473389 0.0408105850 0.9182405472 1.4504661560
4.0836410522 -0.8588490486 0.1286916733 1.0254135132
3.5061035156 -1.4150021076 0.9883775711 2.5943107605
4.3724136353 -0.9688072205 0.5575332642 1.6474418640
4.6140365601 -1.5340480804 0.8781614304 2.0966873169
3.7300415039 -0.4735403061 1.9662957191 2.0517616272
3.6770019531 -0.9815297127 0.8801660538 0.1303787231
3.2644729614 -1.5249605179 0.6978082657 1.4573783875
4.1543579102 -0.7716093063 0.9523067474 1.3813514709
4.1779327393 -0.9724426270 0.6857843399 1.6923675537
3.4766311646 -1.3423023224 0.6036233902 1.8686103821
3.6593246460 -1.0460510254 0.4573364258 0.9908561707
3.8066558838 -0.9079213142 0.6837806702 0.7213096619
3.8420181274 -0.7843317986 0.2449197769 0.6210937500
4.2427597046 -0.8624839783 1.1086139679 0.8595390320
4.5197448730 -1.2359790802 1.7057847977 1.5852394104
2.7281875610 -1.2741465569 0.3651561737 0.8111572266
4.3665161133 -1.9956915379 0.2589473724 1.5506820679
4.2663345337 -1.3250360489 1.2669239044 1.6543540955
4.9971008301 -1.8284821510 1.2168254852 0.9493865967
3.7654037476 -0.9097390175 0.9883775711 0.9217414856
4.8379821777 -1.1223855019 1.6637020111 1.9757385254
4.8969116211 -1.2950477600 0.9462957382 1.5472259521
3.9539871216 -0.7216281891 1.3851556778 1.4262771606
4.8202972412 -1.1223855019 0.5715608597 0.5761680603
3.9834518433 -1.1959943771 0.9262561798 1.3398818970
4.6140365601 -0.7788791656 0.5314817429 1.3053245544
5.0442428589 -2.4836885929 0.7539176941 1.1636428833
5.1562194824 -2.5309433937 1.2929754257 1.2673149109
4.7024383545 -2.5609321594 0.8861770630 1.3398818970
5.3978424072 -1.8166682720 2.2227983475 1.8064079285
5.9694900513 -1.7675960064 2.0785155296 0.8837280273
5.7101821899 -2.6181831360 0.8781614304 2.0724983215
6.8122253418 -1.6194701195 1.5174150467 1.1221733093
5.5746383667 -2.8290123940 1.9081816673 0.7593231201
4.9322738647 -2.0547599792 1.8160009384 2.1243324280
6.8358001709 -2.6708905697 1.3611087799 2.5493888855
6.3348770142 -2.5154948235 1.7618947029 2.6426925659
5.8398361206 -2.9516932964 1.9422483444 1.5472259521
7.2424392700 -2.6599855423 2.0965509415 1.8997116089
6.8711624146 -2.7399551868 1.8660988808 0.9701194763
6.7827606201 -3.8704364300 1.8640952110 1.4815673828
7.5312118530 -3.8404479027 1.8420519829 2.1899909973
6.9065246582 -4.0076570511 2.1827197075 1.6854553223
8.5389556885 -3.6050825119 1.3791437149 2.4629936218
7.9967803955 -4.3166313171 1.7699103355 1.7891273499
7.3367309570 -3.6623334885 1.8701066971 1.2085647583
8.6980743408 -3.7204933167 0.8240556717 2.3455009460
7.9083786011 -3.7268543243 3.0604410172 1.7545700073
7.2306518555 -3.7204933167 1.9642915726 1.0392341614
8.0321350098 -3.5896337032 1.3310499191 0.5070533752
8.1794662476 -3.6786909103 0.9763545990 1.8893432617
7.7374725342 -4.3338975906 1.9222092628 2.6496047974
8.6686096191 -3.8958814144 2.4993405342 0.8526268005
8.1558990479 -3.6886870861 2.8700675964 2.1623458862
9.1990051270 -2.9825906754 2.2468457222 4.1286544800
9.9474563599 -3.8422653675 3.0724644661 2.0828628540
10.1537170410 -4.2103080750 3.2608342171 2.0033836365
8.6921844482 -3.7395768166 1.9923467636 1.5748710632
8.7923736572 -3.9313225746 2.8600482941 1.9308128357
9.9238815308 -4.7591910362 3.1666493416 2.8604011536
9.6351089478 -4.1512393951 2.1706962585 1.7891273499
10.1183547974 -5.2017507553 2.9402050972 2.3351325989
10.1301422119 -4.3684296608 2.0785155296 3.1299514771
10.2067565918 -3.8177289963 2.3270030022 1.6474418640
11.0082397461 -5.5470747948 2.2227983475 2.1830825806
11.3205871582 -4.7873620987 2.0865311623 2.8189353943
11.3795166016 -5.0309062004 2.5875134468 3.2992820740
11.6741867065 -4.3266277313 3.7237415314 3.4236869812
11.7272262573 -4.4683918953 2.6135649681 2.2003593445
12.2811889648 -4.0430984497 1.9001660347 3.0193672180
12.9471282959 -4.1975851059 2.9361972809 1.4055404663
12.8823013306 -4.4956545830 3.0243701935 3.3476600647
13.1710739136 -5.0136404037 3.1305785179 2.9053268433
12.0277786255 -4.6910347939 2.9201660156 2.9398841858
14.6326065063 -4.3866047859 3.4692425728 3.1126708984
13.9607772827 -3.5541925430 2.8881030083 2.4526290894
13.4834213257 -4.9336705208 3.6956868172 2.4042472839
15.2808685303 -3.9349575043 3.0945076942 2.7567329407
15.7935867310 -4.0430984497 3.0684566498 2.2418289185
16.4418411255 -4.5601754189 3.4852743149 2.9226074219
16.3475494385 -5.2617282867 3.7497930527 3.6621322632
16.4418411255 -5.1081500053 3.8860602379 3.1679611206
16.8602676392 -5.0245451927 2.2708926201 2.9156951904
18.4632415771 -4.3847870827 2.7378082275 2.7567329407
18.3453750610 -5.0954275131 3.6856670380 3.9558677673
18.8816604614 -4.7328372002 3.1806769371 3.3027343750
19.9247741699 -5.1099672318 3.7978873253 3.1610527039
20.9030532837 -4.1912240982 3.8519930840 2.7359962463
21.6279296875 -3.5123901367 4.3008732796 3.5757369995
22.2526168823 -3.3851656914 4.1305394173 3.4444198608
23.6257476807 -4.2239389420 2.7758831978 2.0932312012
25.1697921753 -4.1421518326 3.2427988052 2.3213081360
25.1049652100 -3.9049687386 2.2388300896 2.4733619690
27.7215805054 -2.8380999565 2.4933290482 2.9156951904
29.8726272583 -3.7950105667 0.9482994080 3.6794090271
31.9175949097 -3.6396145821 2.0244092941 1.3053245544
33.3143005371 -4.0094747543 1.2048025131 1.5541381836
35.9250221252 -3.4951238632 0.9883775711 1.1498184204
38.6830749512 -4.3829698563 1.5454702377 -0.2981300354
41.0227088928 -2.8571836948 1.4552936554 0.4206619263
43.9988136292 -4.4002361298 0.4893989563 -0.0216712952
48.0298156738 -4.9682025909 1.8380441666 -0.6229705811
52.0902824402 -5.6579418182 1.2769441605 -0.9478073120
57.7006835938 -5.2917165756 1.7037806511 -1.3935966492
63.0930328369 -6.0223493576 2.4011483192 -1.4246978760
67.8017578125 -8.1006536484 2.4592623711 -2.8104438782
74.6202850342 -8.4096279144 4.3970623016 -3.2838783264
81.8100814819 -10.1389732361 5.9440956116 -4.6592559814
90.7914428711 -12.3236007690 7.0342330933 -5.1257820129
99.8022613525 -14.3491973877 9.0882616043 -5.0843124390
108.2296447754 -15.2979297638 12.7754917145 -3.9404678345
119.4622344971 -15.9286003113 16.9396572113 -4.6212425232
129.7460021973 -18.3122425079 20.7090492249 -3.6674652100
142.0924224854 -20.2596874237 25.6948261261 -3.1041793823
154.5684967041 -19.5027027130 30.0393447876 -2.2126045227
164.7874450684 -19.9179992676 35.0130996704 -0.5123863220
176.1319885254 -17.5679798126 38.0350265503 2.8223915100
185.1722869873 -13.8384819031 41.2393074036 6.0396728516
190.6530303955 -10.4633960724 42.2452812195 9.9446411133
194.1713256836 -6.5139813423 40.8184814453 14.4750995636
