197.264 -1.87072 37.0395 17.1597
193.1 2.88974 32.3546 20.1004
188.928 4.76084 25.5108 23.3789
180.467 6.68244 19.4506 24.1577
170.85 7.48472 12.279 25.4733
158.237 7.77741 4.53825 26.0529
146.791 6.82642 -0.245595 24.403
135.713 7.23133 -5.44802 23.1193
122.846 4.27646 -10.7205 21.1707
112.327 2.63913 -13.2279 18.6283
103.284 -0.466243 -14.76 13.9452
93.604 -3.28457 -18.4695 12.1069
87.061 -5.15191 -17.4798 6.61308
80.2993 -6.69949 -18.6819 3.02522
76.1391 -8.30032 -18.3809 -1.23469
72.6001 -8.75946 -17.752 -5.22437
70.0141 -9.6188 -19.0469 -8.45308
69.0376 -7.76547 -17.9231 -10.8604
69.268 -8.78469 -18.5004 -12.2934
68.8071 -8.83053 -19.9047 -14.0429
68.4008 -6.43765 -19.7315 -15.7461
68.1157 -6.82385 -20.3563 -16.0946
67.9399 -5.49978 -20.6099 -16.2902
67.9946 -2.31396 -21.9172 -15.1559
67.5102 0.453862 -23.9256 -14.9034
66.9165 0.106023 -23.1358 -12.8481
66.7876 2.81308 -23.4699 -11.4969
65.5571 5.40699 -23.8225 -8.87978
63.8657 5.80719 -24.1153 -5.6404
61.8032 7.17429 -24.3668 -3.07664
61.1977 7.77366 -23.8658 0.760141
59.5415 8.91071 -22.7709 4.12753
59.4086 8.83216 -22.6925 7.40603
59.3969 9.94773 -21.7069 10.8339
58.4711 9.50449 -20.647 14.5818
58.0883 8.88361 -17.8819 19.3999
57.2524 8.83686 -16.2426 22.6535
58.1352 8.68628 -14.3352 24.7693
57.7485 8.86771 -14.1229 28.6843
60.2993 8.84806 -12.6588 32.4962
61.8969 8.90699 -11.6154 36.8521
65.311 9.16413 -11.1927 40.0346
68.6587 7.99061 -9.13076 44.995
73.1977 8.96683 -9.1823 48.8211
79.0219 9.25202 -7.30175 53.5859
83.2094 9.49888 -8.11007 58.3508
88.2133 9.91218 -5.54287 63.4819
93.8735 9.8888 -4.73043 67.5391
99.4829 9.6485 -3.36953 72.055
106.135 9.57462 -2.1014 77.4315
111.459 8.84806 -0.546651 80.6104
116.362 9.70179 0.465801 85.3717
121.538 8.48057 3.47425 89.3649
126.444 8.94626 4.1176 91.7154
131.131 8.29545 6.83738 94.4605
135.018 6.47483 7.40647 97.3087
138.491 5.71741 8.42512 98.8982
142.354 5.37519 9.77571 100.221
144.823 4.3017 9.34681 99.9934
147.745 2.52601 11.1263 100.068
149.073 1.28608 11.0562 99.3284
150.401 -0.170772 11.0253 98.0412
149.487 -0.825313 10.2046 97.6572
148.26 -1.96423 8.99009 94.0658
147.491 -1.20404 7.88691 91.2531
144.01 -4.28231 7.25184 87.1816
139.991 -2.6029 6.7982 82.6941
135.647 -3.6614 6.26826 78.0573
128.815 -3.9812 4.15058 73.5627
123.87 -3.36407 3.19587 67.148
116.577 -3.3706 2.95051 61.1955
108.858 -2.8797 2.16282 56.0323
101.065 -3.20791 3.01237 49.7598
92.7758 -1.36673 1.50709 43.8393
84.5376 -1.97921 0.684367 37.8442
76.9946 -0.700008 1.67411 33.4207
68.8462 -0.987086 0.8885 27.8095
61.4399 0.238805 1.07408 24.9719
56.6196 -0.489619 1.903 20.4169
50.0102 -1.36019 1.55247 16.8966
44.5571 -0.469997 0.931804 14.1017
40.1001 -0.47372 1.45143 11.1646
35.1665 -0.547603 0.358562 9.62133
30.7368 -0.557887 0.975108 7.83984
28.2329 -0.0445206 1.14421 5.97659
24.5219 -0.147395 0.438976 4.92405
21.6782 0.592259 -0.0888869 4.47956
19.9008 0.0863693 -0.472401 2.17892
17.9243 0.37531 0.713237 2.79054
17.2094 0.274327 0.17506 1.13706
14.0922 -0.00713653 0.331767 1.63488
12.7954 0.0358933 0.0492661 0.39744
12.5532 -0.186671 -0.781727 0.0774175
10.854 -0.175441 0.581279 -0.132376
9.8774 0.170537 -0.645619 -0.9289
9.34224 -0.706569 -0.451802 0.123636
8.14302 0.973759 0.269908 0.262324
7.10787 0.683904 0.488475 -0.249731
7.35396 -0.815974 -0.0806472 -0.150152
6.3774 0.139684 -0.833272 0.269434
6.43209 0.215428 0.434856 -0.683538
4.79537 0.270604 -0.144551 1.14417
5.66256 0.0396164 -0.0311477 -0.35996
5.28756 0.567021 -0.156941 0.333429
4.70943 0.728795 -0.0930068 -0.171499
4.3149 0.389348 -0.26003 -1.09246
3.07271 -0.177303 -0.200215 0.265879
3.61177 0.172398 -1.02916 -0.292394
1.87349 -0.00713653 0.115245 -0.690649
1.81881 -0.0576126 -0.441487 -0.608862
2.61177 -0.0230362 0.49879 0.429438
1.95162 0.322972 -0.156941 -0.221273
2.16256 0.0695542 0.970989 -0.0434931
1.40474 -0.380214 -0.328084 -0.893331
1.51412 0.17429 -0.0476272 0.205423
2.57662 -0.159541 -0.0187881 -0.000814301
2.36959 0.690434 0.0863755 0.038294
0.490681 0.223851 -0.125996 -0.864889
1.45943 0.227574 0.754466 -0.23905
1.05318 0.107884 -0.363118 -0.58753
0.666462 -1.03665 0.667857 -0.655096
-0.235881 0.579167 0.447246 -0.527075
0.725056 0.303319 0.723552 0.198313
1.09615 0.116307 0.00184183 0.361887
1.55709 -0.610255 -0.0909316 0.002741
1.41646 0.396825 0.333843 -0.868444
0.623494 0.0125168 -0.635304 -1.13157
1.08443 -0.50085 -0.860066 -0.480856
0.15865 -0.339076 -0.00847312 -1.83919
1.03756 0.710088 0.424541 0.00629629
1.66256 0.868108 -0.185811 -0.0754908
0.576619 -1.42285 -0.00639792 -0.903997
1.13912 -0.60464 -0.303334 -0.0292567
1.02584 -0.0912735 -0.165181 -0.278173
-0.0991626 -0.186671 0.420421 -0.530645
0.822712 0.249089 -0.427052 -0.17861
0.951619 -0.030513 -0.290944 -0.47019
0.373494 -0.0641739 0.193614 0.0169622
1.97506 0.432347 -0.132191 -0.807989
1.62349 -0.3157 -0.0497024 -0.317282
-0.52885 -0.122127 -0.396107 -0.285284
0.225056 0.360356 0.0348313 0.0845281
0.307087 -1.32373 -0.154866 -0.0719355
1.73287 -0.35873 0.612193 0.50767
1.16256 0.72318 0.0987657 -0.889776
0.0102124 0.796117 -0.979665 -1.48005
0.119587 -0.600887 -0.870381 -1.22404
0.732869 0.116307 0.11732 -1.13869
0.90865 -0.278285 -0.173421 -0.132376
0.467244 0.812932 0.12144 -1.13514
-0.200725 0.338841 -0.358998 -0.491522
0.5024 1.08316 -0.643574 -0.445288
0.787556 0.172398 -0.146626 -0.391958
0.955525 0.172398 -0.60027 -0.167944
-0.3101 1.06168 -0.398183 -1.21692
0.545369 0.193913 0.127635 0.2232
0.338337 0.635289 -0.107442 -1.06757
-0.134319 0.961613 -0.152791 -0.953787
0.592244 1.0654 -0.068257 -0.701315
0.404744 0.85407 0.385387 -0.0577143
0.326619 -0.0697891 -0.996175 -0.0577143
0.865681 1.32068 -0.410542 -0.455969
1.90474 -0.0248978 -0.117757 0.0347539
-0.0991626 -0.608394 -0.0373427 -0.260382
0.303181 -0.0576126 0.245158 0.130762
1.15084 1.68631 -0.119801 0.383219
0.361775 0.869969 0.690563 -1.2667
0.580525 0.235051 0.0863755 0.198313
1.64693 0.143437 -0.742543 -0.551977
1.77584 0.437962 0.608074 -0.651525
1.03756 0.428624 -0.272389 -0.655096
0.5649 -0.2727 -0.488911 -0.633764
0.0531812 0.482854 -0.406422 0.00629629
0.0102124 0.534276 -0.647694 0.347666
1.27974 0.495 0.080211 0.333429
0.545369 1.02802 -0.365193 -1.36626
0.768025 -0.372737 -1.11574 0.002741
0.732869 0.223851 -0.20641 -1.10312
1.26021 0.688573 0.131755 -0.4204
2.22896 0.551122 0.583324 -0.743994
2.11959 -0.102504 -0.268269 -0.633764
1.54537 0.791417 -0.653859 -0.864889
1.02584 -0.0360977 -0.818837 -0.93955
1.18209 -0.208156 -0.123921 -0.100378
0.889119 0.643681 -0.404378 -0.911108
0.521931 -0.507381 -0.60851 -1.12092
0.975056 0.12003 -0.103322 -0.310171
1.36177 0.789555 -1.18587 -0.800878
0.576619 0.967229 0.599834 -0.4773
0.807087 0.202336 0.0987657 -0.338629
0.0648999 -0.417628 -0.447682 -0.203497
1.10787 0.000340281 -0.136311 -0.18572
0.381306 0.308934 -0.20229 0.411661
1.38131 0.188298 -0.21465 -0.694204
0.982869 0.118169 -0.488911 -0.263952
1.38912 0.245335 0.292583 -0.434637
1.2524 0.805455 -0.532216 -0.484411
0.635212 2.06501 -0.721913 0.141413
1.21724 0.322972 0.358562 0.347666
0.5024 0.0788925 -0.641499 -0.687094
0.982869 0.990605 -0.94875 -1.17425
0.185994 1.09626 -0.55077 -0.089712
1.06099 1.36744 -1.41475 -0.139486
0.678181 -0.104366 -0.847706 -0.76177
0.853962 0.371587 -0.548695 -0.793768
0.568806 0.660527 -0.352803 -1.52628
0.557087 0.338841 -0.750783 0.0134069
0.810994 0.68015 -1.00441 -1.06046
-0.110881 0.61002 -0.305379 0.50767
1.98287 0.0555161 -0.280659 -0.58753
2.55709 0.758702 0.0946458 -0.0506037
1.26021 -0.222194 -1.66423 -1.21335
0.416462 0.79984 -0.132191 -0.519964
0.8774 -0.194148 -0.117757 -0.473745
1.95943 0.176152 -0.385823 -0.157263
0.115681 0.539891 -0.204365 -0.0434931
1.24849 0.836308 -0.191975 -1.19202
0.920369 -0.235286 -0.400258 -0.448858
1.85006 0.868108 -1.02297 0.582346
0.537556 1.19257 -0.884816 -0.381292
1.44771 0.574498 0.241039 0.0134069
0.193806 0.68015 -0.191975 -0.374182
0.580525 0.265904 0.14207 0.568125
1.02584 1.47965 -0.480672 -1.13514
2.55318 0.437962 -1.25185 -0.875555
0.0180249 1.26459 -1.18587 0.941492
0.623494 1.33844 -0.705434 -0.271063
0.545369 0.360356 -0.55077 -0.495077
1.24068 0.538029 -0.105366 -0.626638
1.10787 0.81107 -1.00029 -0.260382
1.24068 -0.127742 -0.295094 0.0525152
1.04146 0.900822 -0.715718 -1.25248
1.33834 -0.147395 -0.480672 -1.01423
0.350056 1.09626 -0.785847 -0.132376
0.65865 0.412724 -0.299214 -0.306616
0.193806 0.93076 -0.305379 -0.530645
1.47115 0.572636 -0.146626 0.368998
0.635212 1.1103 0.364757 -0.0292567
0.896931 1.05887 -1.01677 -0.473745
0.779744 0.225713 -0.078572 0.358332
0.271931 0.551122 -0.472401 -1.34493
0.600056 0.926091 -0.57964 0.287211
0.678181 -0.249324 -0.814717 -0.175054
0.326619 -0.475612 -0.989979 -0.157263
1.74068 1.0514 0.0946458 -0.214163
1.43599 0.559544 -1.02709 -0.210607
0.998494 1.11591 -0.707478 0.717463
0.467244 1.25898 -1.1075 -0.431066
1.89693 -0.354976 -1.37969 -0.623083
1.17427 0.516515 -0.59612 0.45434
0.986775 0.733464 -0.9446 -0.4204
1.20162 0.769933 0.49467 -0.0292567
1.28365 0.353825 -0.431172 -0.135931
0.350056 1.878 -0.348683 -0.0541438
1.18599 0.721288 -0.0476272 -0.98934
0.928181 1.91819 -0.305379 0.120081
0.4399 1.45347 0.249278 -0.551977
0.0102124 -0.460628 -0.117757 0.155649
1.11959 0.0929306 -0.266225 -0.861334
0.807087 1.3422 -0.20229 -0.548406
1.78756 0.393102 -0.346638 0.255213
0.615681 0.643681 -0.721913 0.948603
0.631306 0.78394 -0.979665 0.2801
1.3774 0.0499008 -0.396107 -0.669317
1.67818 -0.2727 -0.577565 -0.889776
0.853962 -0.610255 0.356517 0.400995
1.18599 1.67228 -0.113637 -0.633764
1.19381 1.27768 -0.361073 0.51478
0.545369 1.27768 0.224529 -0.825781
1.24068 0.608159 0.368877 0.166315
0.631306 -0.803798 -1.02916 -0.423956
1.03756 0.737187 -0.204365 0.0418645
1.09224 0.805455 -0.334248 0.287211
0.635212 0.0031479 -0.354878 -1.32358
0.404744 0.428624 0.461681 -0.690649
1.64302 0.292088 -0.389943 0.57168
0.90865 0.660527 0.428691 -0.434637
1.09615 0.52213 -0.130116 -0.196386
0.822712 0.909245 0.356517 0.959269
1.49068 -0.109035 -0.062062 -0.377737
0.90865 1.59467 1.03077 0.692576
0.986775 0.276189 -1.18999 -0.171499
1.52584 0.762456 -0.132191 -1.09601
1.41646 0.543645 0.185375 0.00985159
1.29146 -0.329738 0.214244 -0.0185908
1.49068 -0.102504 0.87202 -0.765325
0.459431 1.22156 -0.882741 -0.118154
1.97115 0.322972 -0.0992019 -0.0185908
0.240681 0.973759 -0.410542 0.144983
0.264119 -0.229671 -0.740468 0.0240728
0.779744 -0.227809 -0.800282 -0.35996
0.537556 0.317357 0.352397 -0.135931
1.22896 1.54136 -0.814717 -0.0399226
1.17427 -0.450343 -0.449727 -0.409735
1.24068 0.33698 1.16481 1.28285
0.932087 0.0732773 1.24729 -0.8151
1.67818 0.453862 0.152385 -0.594641
0.603962 -0.0501358 -0.22292 0.0347539
0.920369 -0.331599 0.0966905 1.00193
0.361775 0.37531 0.717357 0.326319
0.428181 0.290227 0.234844 -0.722647
0.0844312 0.391209 -0.53426 -0.000814301
1.33834 -0.0594742 -0.278584 -0.35996
0.90865 1.09815 0.284343 0.376108
1.58052 0.238805 0.17094 0.290766
0.889119 0.0732773 0.639018 -0.0043696
0.404744 0.797978 0.630748 0.436548
1.13131 0.383733 0.459605 -0.370626
0.600056 -0.387691 0.968913 0.0240728
1.41256 -0.0286209 -0.548695 -0.217718
0.725056 -0.0089981 -0.278584 -0.0470332
0.889119 1.33658 0.577129 -0.292394
0.0531812 0.412724 -0.282704 0.152094
0.670369 0.742802 -0.0971267 0.176981
0.4399 -0.0987503 0.278148 -0.484411
0.963337 0.209813 0.383312 -0.434637
0.521931 0.584782 0.300823 0.155649
0.143025 0.262181 0.603954 -0.978674
1.53756 -0.567226 0.181255 0.354777
0.5649 1.42634 -0.0146377 0.0347539
0.0531812 -0.00713653 -0.876576 -0.711981
-0.231975 -0.297939 0.785411 -0.683538
0.197712 1.03174 -1.4168 -0.374182
1.21724 0.16306 0.263713 0.411661
0.182087 0.748418 0.471996 0.102305
0.764119 0.981267 0.389507 -0.253271
0.393025 -1.04599 0.438976 0.0240728
1.13131 0.326695 -0.585835 -0.167944
0.119587 0.164922 -0.509541 0.0916387
0.338337 0.091069 -0.237355 0.479227
0.393025 0.678288 -0.860066 -0.711981
0.725056 -0.155788 0.17506 0.73881
0.0297437 -0.145503 0.626628 0.0774175
1.10787 0.932622 -0.367238 0.639246
1.95162 0.733464 1.04109 0.457895
-0.517131 1.23465 0.15443 -1.1778
0.998494 -0.0735123 -0.688924 -0.0648249
0.357869 0.285558 0.269908 0.194758
-0.00150633 -0.200679 -0.330128 -0.388403
-0.0132251 0.154637 -0.358998 0.0774175
-0.317913 0.645573 -0.429097 -0.8151
0.646931 -0.681331 0.319408 0.059641
1.63521 -0.369929 0.0265916 0.0845281
-0.317913 0.317357 -0.0352676 0.0809728
0.47115 0.444524 -0.334248 -0.743994
-0.517131 0.346349 -0.290944 -0.377737
0.5649 1.18229 0.727672 0.621454
0.510212 -0.786037 -0.447682 0.383219
1.40474 0.416478 -0.0744521 -0.445288
0.623494 1.29545 0.626628 -0.623083
1.28365 0.482854 -0.620869 -0.0861567
0.631306 0.606297 -0.0497024 0.0276281
0.580525 0.961613 0.356517 -0.75466
-0.146038 0.647435 -0.358998 0.187647
0.8774 0.254704 0.187419 1.43575
0.8774 0.4679 -0.144551 -0.811544
1.19381 0.455724 -0.470357 0.525446
1.07662 0.378117 -0.264149 -0.0648249
0.5649 0.469762 -0.0455825 0.760141
1.02584 0.834447 0.688487 -0.0577143
-0.474163 0.920476 0.552409 0.0703069
0.5024 1.28983 0.816325 0.191202
0.182087 0.893346 0.139995 0.248102
1.81099 0.520268 0.403941 0.891703
1.02584 -0.167018 -0.095082 -0.786657
-0.0991626 0.600682 0.0513413 0.699686
0.623494 0.710088 0.822521 0.130762
0.631306 0.486607 0.181255 0.440119
0.482869 0.538029 -0.503346 1.28996
0.810994 0.719426 0.300823 0.333429
1.38131 0.904576 0.925609 0.710352
1.76412 0.446385 0.344127 -0.157263
1.0649 -0.346553 -0.148671 0.134302
1.52584 0.0826462 1.15245 0.333429
1.48287 1.55164 0.573009 -0.889776
0.764119 1.57691 -0.185811 -0.441748
0.5024 0.412724 0.253398 0.365442
0.4399 0.928899 0.269908 0.0880834
1.26021 1.09064 -0.276509 1.91224
0.0102124 1.01398 0.162669 -0.299505
1.90865 1.21128 1.5937 -0.900442
1.54537 1.6489 1.4535 0.233881
1.99849 1.94251 0.750346 -0.502188
2.02974 1.28608 0.459605 -1.55472
3.36959 0.936375 1.17308 -0.377737
1.95162 1.14957 0.247234 0.699686
1.90474 1.52454 1.91331 -0.29595
1.84224 1.77045 0.822521 0.262324
3.51802 1.58063 0.882304 0.0845281
2.24849 1.94812 1.44938 -0.0861567
2.78756 0.766179 1.60813 0.194758
2.81881 2.61951 2.07829 -0.171499
2.07271 3.26191 1.48649 0.639246
4.40084 2.1847 2.24116 -0.783102
3.26021 2.57837 2.79173 0.785029
4.69381 2.50635 1.90919 1.10861
3.86959 2.69431 2.05146 -0.0719355
3.97115 3.38346 2.59996 0.0347539
4.20943 2.47739 3.09278 0.881037
3.25631 2.65693 3.48457 0.176981
3.01802 1.50489 2.52778 0.450785
1.99849 1.0355 0.989543 -0.111044
2.23677 1.13929 1.31535 0.16276
1.54537 1.31696 0.393626 0.0418645
1.55709 0.437962 0.956554 -0.24262
1.74068 1.58439 0.614269 -0.0968226
2.20552 1.93784 0.17506 -0.601751
1.56881 1.09253 1.46998 0.436548
2.78756 1.47965 2.41438 0.127192
2.66646 2.09681 2.19581 0.646357
3.66256 3.36384 2.24736 0.368998
3.04146 1.60029 2.85359 0.002741
3.35396 1.84247 3.25361 0.884592
2.6899 2.63541 2.83711 0.290766
2.66646 1.17481 2.31333 -0.0399226
3.68599 0.748418 1.59782 0.553904
3.10396 1.27955 2.55665 -0.367071
1.96334 1.58063 0.350322 0.866816
2.17427 2.50077 1.88652 -0.263952
2.24849 1.07663 1.75248 -0.0754908
1.95162 2.01264 1.48649 0.0489751
1.45552 0.608159 0.735912 0.137873
2.22506 0.690434 1.54423 -0.0861567
2.06881 1.7078 0.744151 0.2801
0.963337 1.58439 0.255473 0.653467
2.3149 0.855962 0.649303 0.404551
1.11568 -0.222194 0.713237 0.10586
0.580525 0.66895 0.711162 0.724573
0.47115 0.85407 0.812206 0.699686
1.18599 1.22342 1.18748 -0.562643
0.631306 0.938237 0.702922 -0.349279
0.787556 0.477238 0.214244 -0.0079249
0.0648999 0.383733 0.593639 0.607233
0.482869 0.633397 1.1277 -0.210607
0.459431 0.836308 0.647258 -0.260382
-0.399944 0.538029 1.02665 0.909479
0.47115 -0.151118 0.727672 0.095194
0.900837 -0.0538895 1.55659 -0.594641
0.264119 -0.442867 0.331767 0.621454
0.361775 1.15891 0.0616563 -0.519964
0.381306 0.898961 0.694682 -0.747534
0.00630617 0.592259 -0.128072 0.319208
0.334431 0.0106552 -0.140431 -0.854223
0.0336499 -0.12588 -0.0270278 -0.0470332
0.0844312 0.0732773 1.37925 -0.619528
-0.532756 -0.522365 0.218364 -0.370626
0.482869 0.61002 0.274028 0.589457
0.0766187 -0.854304 1.23698 -0.210607
-0.263225 0.091069 -0.290944 -0.196386
0.0102124 0.620305 0.698802 -1.14936
-0.267131 0.137822 0.655498 0.00629629
-0.0483813 -0.534511 -0.0393874 0.10586
0.4399 -0.346553 -0.00639792 0.44723
0.350056 -0.11465 0.0781358 -0.0079249
0.670369 -0.441005 0.758586 -0.0292567
0.896931 0.247227 0.156505 -0.35639
0.588337 -0.267085 -0.146626 0.0205175
0.885212 0.553929 0.0843308 -0.171499
-0.493694 -0.481197 -0.358998 0.585901
0.412556 -0.0613663 -0.23116 -0.797323
-0.505413 0.407109 0.17506 -0.644415
-0.548381 -0.714046 -0.21465 -1.18491
-0.462444 0.555791 1.88444 -0.18572
0.193806 0.236943 -0.779652 0.198313
-0.0249438 0.582921 -0.624989 -0.4204
0.0766187 0.137822 -0.0208327 -0.089712
0.174275 -0.0912735 -0.503346 0.706797
0.0336499 0.315465 -0.371388 -0.338629
0.0531812 -0.35873 -0.433247 -0.299505
-0.0561938 -0.534511 -0.0826919 0.361887
0.810994 0.225713 0.0410264 -0.427511
0.0609937 0.262181 0.284343 -0.665762
1.52584 0.154637 0.253398 0.201868
-0.0874438 0.182683 -0.348683 0.0134069
0.635212 0.62592 0.362682 -0.199942
0.678181 0.299596 -0.0517776 0.137873
-0.833538 -0.0164749 0.620433 0.443659
-0.0561938 -0.417628 -0.078572 -0.228384
0.295369 -0.280177 0.779216 0.941492
0.107869 -0.321315 -0.460042 0.532557
-0.399944 0.00876313 1.04109 0.159205
0.514119 -1.11611 -0.2188 -0.907553
1.00631 -0.505519 -0.451802 -0.662207
-0.34135 0.383733 -0.422932 -0.089712
-0.642131 0.0125168 -0.134236 -0.4204
-0.696819 0.676427 0.667857 0.425898
0.412556 -0.683192 0.0245164 0.0703069
-0.814006 0.0966538 -0.0249526 -0.199942
-0.274944 -0.172633 0.420421 -0.35639
-0.235881 -0.618678 0.0616563 0.0987493
-0.251506 -0.940334 0.754466 -0.35996
-0.0327563 -0.356837 1.65763 0.159205
-0.583538 0.50623 0.278148 0.294321
0.963337 0.358495 0.46992 -0.210607
0.490681 0.493138 -0.00639792 -0.733312
1.21724 -0.563502 0.48228 0.34054
0.318806 -0.227809 -0.439412 -0.0968226
0.103962 -0.211909 0.803966 -0.544866
-0.376506 -0.710292 0.0245164 0.891703
0.709431 0.133122 0.645183 0.095194
0.15865 0.223851 -0.293019 0.603678
0.842244 0.594121 -0.148671 -0.487966
-0.669475 -0.237148 0.777171 0.358332
-0.345256 -0.421352 -0.233235 0.457895
0.982869 -0.369929 0.816325 0.351221
-0.0796313 0.611882 0.688487 -0.118154
-0.321819 0.579167 0.311137 0.433008
0.459431 0.639012 -0.216725 -0.495077
0.822712 1.01865 -0.664174 0.137873
0.357869 0.252812 0.459605 0.354777
-1.02104 0.459477 0.0905259 -0.850668
0.635212 0.391209 -0.142506 -0.605307
-0.989788 0.383733 0.160625 0.095194
-0.0210376 -0.536372 -0.22292 0.11297
0.357869 0.480992 -0.690999 0.237421
0.361775 0.254704 1.09471 -0.327947
-0.251506 -0.2727 0.434856 -0.818655
-0.196819 0.688573 -0.561085 -0.672872
0.0648999 -0.450343 -0.0393874 0.095194
-0.0444751 0.351933 -0.800282 -1.19913
0.416462 -0.464381 -0.0105178 -1.12092
-0.00150633 -0.579402 -0.57964 -0.235494
1.24068 0.0517929 0.0554612 -0.399069
-0.595256 -0.311946 -0.62914 0.0880834
-1.11479 -0.042659 -0.249715 -0.24262
-0.263225 -0.862727 0.191539 0.461451
0.119587 -0.412959 -0.56313 -0.566198
-0.290569 -0.547603 2.28862 -0.441748
1.13912 0.450139 0.997783 -0.0470332
-0.1226 -0.374599 0.232799 -0.367071
-0.396038 0.102269 1.25349 -0.0826014
-0.396038 -1.59677 0.395702 0.504114
0.447712 0.895238 0.50703 0.230311
-0.954631 0.924199 0.48228 -0.224829
-0.345256 0.0985458 -0.365193 0.0845281
0.53365 -0.958095 -0.0497024 0.216089
-0.669475 0.405248 -0.00435324 0.255213
0.143025 -0.484004 -0.121876 0.859705
0.162556 0.129399 -0.25591 0.945047
0.28365 0.512791 -0.0229079 0.216089
0.592244 -0.489619 -0.128072 0.240992
-0.96635 0.362218 0.391551 0.753031
-0.6851 0.479131 0.115245 0.294321
0.47115 0.290227 -0.241475 0.283655
-0.614788 -1.02636 0.51115 0.194758
-1.04448 -0.35873 -0.167226 0.283655
0.350056 -0.414821 0.102886 -0.231939
0.197712 0.581029 -0.488911 -0.196386
0.549275 -0.0230362 0.0905259 0.411661
0.635212 -0.485896 0.719432 0.00985159
0.248494 0.934483 0.0472215 0.50767
0.810994 -0.241817 -0.268269 1.31841
-0.364788 1.56473 0.987468 -0.281729
0.115681 0.450139 0.14619 0.351221
0.264119 0.574498 0.639018 0.56457
-0.333538 1.15143 0.88026 -0.847113
-0.126506 -0.00152129 -0.136311 -0.391958
0.435994 -0.296077 -0.686848 -0.921789
0.236775 -0.556026 -0.257954 -0.868444
-0.267131 -0.667293 -0.229085 -1.2987
-0.345256 0.924199 -0.344563 0.425898
-0.993694 0.457616 0.0059617 0.831263
0.107869 -1.07965 -0.266225 0.91659
0.0648999 -0.167018 0.639018 0.881037
0.389119 0.172398 0.15443 -1.08535
0.592244 0.351933 0.230724 1.04461
-0.353069 0.281804 -0.311574 -0.544866
-0.302288 -0.0230362 0.461681 -0.751104
-0.376506 0.744664 -0.220845 -0.722647
-0.0327563 0.252812 0.791606 0.226771
-0.462444 -0.220332 -1.32814 0.582346
-0.263225 0.416478 -0.478596 -0.519964
-0.450725 0.0536545 -0.610554 -0.125265
-0.450725 -0.112788 0.131755 -0.445288
-0.302288 -1.17504 -0.290944 -0.12171
0.623494 -0.573787 0.201854 -0.175054
-0.649944 0.420201 0.589519 -0.438177
0.389119 -0.138026 -0.150746 0.500559
-0.0483813 0.215428 -0.400258 -1.09246
0.53365 0.635289 0.164745 -0.0683802
-0.564006 0.281804 0.304973 0.205423
-0.0991626 0.152776 0.13795 0.753031
-1.13432 0.992467 0.824596 0.144983
-0.0679126 0.292088 0.50703 -0.690649
0.646931 0.0499008 -0.503346 0.176981
-0.399944 0.137822 0.193614 -0.534185
0.482869 0.731572 0.290538 0.0489751
-0.825725 0.213567 -0.012593 0.774363
-0.845256 0.574498 -0.317769 -0.93955
0.853962 0.125645 0.585399 -0.523519
0.381306 0.32108 0.069896 0.358332
-0.27885 0.432347 -0.651814 0.354777
-0.231975 0.152776 0.00391702 -0.214163
0.678181 0.342595 0.610149 0.0631963
-0.0249438 0.613774 -0.336323 0.632136
-0.0991626 0.16306 -0.113637 0.0560857
1.52584 -0.723384 0.304973 0.0205175
0.8774 -0.645778 0.599834 0.795694
0.615681 -0.151118 -0.490987 0.0276281
-0.142131 -1.13015 0.704997 -0.164373
-0.220256 -0.426967 -0.509541 0.80636
0.5649 0.256566 -0.672414 0.237421
-0.0679126 0.324834 0.300823 0.891703
-0.618694 0.450139 -0.0517776 0.233881
-0.0561938 -0.581264 0.704997 0.0169622
-0.396038 -0.405482 -1.47661 0.376108
0.764119 1.16828 0.12968 0.219645
-0.673381 -0.202571 -0.511586 -0.864889
0.822712 -0.206294 -0.334248 -0.0506037
0.482869 -0.0398514 0.053386 -0.395513
0.701619 -0.657008 -0.905446 -0.850668
0.197712 0.61002 -0.363118 -0.306616
-0.157756 -1.11801 -0.156941 0.539667
-0.0210376 0.868108 0.389507 -0.775991
0.209431 0.629674 0.614269 -0.882666
0.326619 -0.776698 -0.55077 0.443659
0.361775 -0.127742 -0.332204 -0.0150355
-0.825725 -0.222194 0.102886 -0.171499
-0.860881 -0.82159 -0.0662124 -0.288839
0.459431 -1.42471 -0.330128 -1.33426
-0.177288 -0.985225 0.8885 0.610788
0.350056 0.102269 0.0905259 0.80636
0.318806 0.178014 -0.0332229 0.354777
0.5649 0.0788925 -0.128072 -0.235494
0.732869 -0.153926 -0.321889 0.962824
0.240681 0.389348 0.0286668 0.0774175
0.350056 0.32108 -0.321889 -0.000814301
0.373494 -0.067897 -0.25591 -0.214163
0.713337 -0.253047 -0.24767 0.265879
0.920369 -0.477473 1.14213 -0.793768
-0.235881 -0.454097 0.00391702 -0.192831
0.240681 -0.557887 0.713237 0.00985159
-1.11479 -1.06936 0.232799 0.68191
-0.0796313 0.137822 -0.577565 -0.399069
-0.0249438 0.656773 1.03077 -1.4267
-0.564006 0.157445 -0.565205 -0.811544
-0.1226 0.365971 -0.847706 0.319208
-0.517131 -0.231532 0.0575059 -0.17861
0.248494 0.285558 -0.552846 0.0560857
0.115681 -0.181056 -1.01061 0.415217
0.0727124 -0.954372 0.199809 0.141413
0.428181 -0.633632 -0.26003 0.11297
-0.00541258 -0.466243 -0.831196 0.877482
-1.02494 -0.0968887 0.385387 -0.423956
0.447712 -0.23904 0.381267 0.699686
0.162556 0.567021 -1.5591 0.351221
0.975056 -0.0641739 0.11732 -0.281729
0.228962 -0.692531 -0.280659 0.546793
0.416462 -0.0950271 -0.56728 -0.146612
0.0219312 -0.132411 -1.50753 0.002741
0.373494 -0.428859 0.160625 1.1264
-0.399944 -0.3157 1.58134 0.696131
-0.0679126 0.247227 -0.340443 0.877482
0.197712 0.0237473 -0.0723769 0.248102
-0.165569 0.408971 -0.350758 -0.751104
-0.267131 0.159306 -0.684804 -0.523519
-0.704631 -0.120265 -0.0538222 -0.76177
-0.696819 0.0480393 -0.185811 0.529017
-1.04448 -0.16888 0.294658 -0.35639
-0.114788 0.0845078 -0.0414626 -0.658651
-0.493694 0.0592697 -0.472401 -0.626638
0.0648999 -0.676631 0.352397 0.0418645
0.143025 0.678288 -0.0497024 -0.512854
0.0297437 -0.608394 -0.171376 -0.367071
0.350056 0.0985458 0.164745 -0.736883
0.521931 1.09253 -0.631184 -0.0790461
-0.493694 -0.143642 0.387431 -0.320837
0.334431 -0.163295 -0.992024 -0.487966
-0.649944 0.362218 1.05964 -0.299505
0.389119 0.42487 -0.0868117 -0.0648249
0.389119 0.441716 0.0121568 -0.18572
0.0883374 0.643681 -0.00639792 -0.541296
0.0766187 -0.0146133 0.504985 -0.0790461
-0.0679126 0.233189 0.907054 0.0631963
-0.548381 -0.0164749 -0.309529 0.39033
0.5024 0.801732 -0.208485 0.635676
-1.43119 -0.198817 -0.806447 -0.0790461
-0.15385 -0.0519974 -0.21053 0.0631963
0.357869 0.596013 0.54829 0.0205175
0.162556 -0.758937 -0.0249526 -0.0577143
0.271931 -0.067897 -0.655934 -0.985784
-0.329631 -0.441005 0.795726 -0.722647
0.576619 -0.505519 0.445171 0.838373
0.90865 1.00837 0.337962 -0.566198
-0.0327563 -0.186671 0.8885 -0.12882
1.02584 -0.645778 0.700877 0.127192
-0.618694 -0.877681 -0.5714 0.0418645
-0.771038 0.0106552 -0.808522 0.0774175
0.0492749 0.0499008 0.983348 0.276545
0.225056 0.287419 0.296703 0.269434
0.787556 -0.132411 -0.0229079 -0.598196
0.6899 0.362218 0.892619 0.532557
-0.142131 0.0265244 0.605998 0.621454
0.0414624 -0.573787 -0.2188 0.525446
0.350056 0.367833 0.434856 -0.146612
0.28365 -0.172633 0.684367 -0.783102
-0.114788 0.16306 0.449291 0.169871
0.889119 -0.055751 0.566844 0.251658
0.646931 -0.929103 0.434856 0.557459
-0.71635 0.213567 0.257549 0.208979
0.521931 -0.0987503 0.0162766 0.002741
0.2524 0.479131 0.0245164 0.866816
0.951619 0.950383 -0.853871 -0.427511
0.240681 0.797978 -0.664174 0.664133
0.209431 -0.118404 0.063701 -0.100378
0.217244 -0.263332 -0.381673 0.543238
0.514119 0.215428 0.603954 -0.0399226
0.350056 -0.337215 0.0245164 -0.431066
0.185994 0.328557 0.14207 -0.345739
0.545369 0.66895 0.47816 0.120081
0.0961499 0.737187 -0.418812 0.568125
0.822712 -0.743037 -0.286824 -0.512854
0.932087 -0.612117 1.49681 0.557459
0.557087 -0.399867 0.222484 -0.889776
0.15865 -0.728084 -0.0332229 -1.02491
1.18599 -0.0108597 0.775096 0.724573
-0.0366626 -0.676631 0.54829 0.817042
0.143025 -0.60464 -0.754903 -0.0150355
0.107869 -0.369929 0.249278 0.191202
0.631306 0.88773 0.983348 -1.18136
-0.485881 -0.12588 0.605998 0.361887
0.713337 0.265904 -0.346638 0.059641
-0.298381 -1.56964 -0.297139 0.628565
0.28365 -0.455959 -0.274464 -0.605307
-0.0444751 0.624059 -0.581685 0.038294
-0.825725 -0.454097 -0.187855 0.895258
-0.353069 -0.206294 0.00391702 0.948603
0.986775 0.68015 0.820445 0.852594
-0.509319 -0.0828812 0.449291 0.68902
-0.321819 -0.354976 0.54829 0.166315
0.2524 0.420201 -0.0723769 -0.811544
-0.169475 1.13929 -0.276509 -0.306616
-0.189006 0.555791 0.451366 -0.459524
0.271931 -0.884242 -0.130116 -1.11735
0.143025 -0.0230362 0.0595811 0.00629629
0.537556 0.301457 -0.622945 0.898813
0.217244 0.324834 -0.653859 0.0276281
-0.532756 -0.421352 0.0472215 0.80636
-0.0444751 0.0536545 -0.0868117 -0.292394
1.59224 0.290227 0.484355 0.134302
0.787556 -0.696284 -0.0146377 -0.534185
-0.52885 0.157445 0.255473 0.11297
0.15865 -0.241817 -0.443532 -0.107488
-0.0132251 -0.434444 0.193614 0.667688
-0.399944 0.19019 0.558574 0.2801
0.404744 -0.340938 -0.874501 0.696131
0.6899 0.371587 0.259593 -0.562643
0.303181 0.351933 -0.24767 -0.260382
1.02974 1.0065 0.107005 -0.288839
0.975056 -0.760799 0.183299 0.134302
0.670369 0.114446 1.01222 0.0845281
1.01021 0.954137 0.746227 -0.0043696
0.404744 -0.396114 0.366832 0.0845281
0.131306 0.518376 0.368877 0.0276281
-0.0913501 -0.348415 0.84727 -0.192831
0.0492749 -0.122127 0.360637 -0.683538
0.592244 0.378117 -0.365193 -0.790213
0.217244 0.782079 1.35865 0.109415
0.6899 -0.181056 0.445171 -0.523519
0.455525 -0.649532 -0.249715 -0.804434
0.810994 0.16306 0.278148 0.639246
0.326619 -0.210048 0.624584 0.0845281
0.4399 -0.843074 0.191539 -0.0257014
0.416462 -0.837489 1.2844 -0.107488
0.779744 -0.958095 0.999858 1.28285
0.0336499 -0.651393 0.593639 0.489893
-0.0132251 -0.263332 -0.478596 -0.278173
0.0883374 -0.893581 -0.645619 -0.601751
0.416462 0.553929 -1.07039 -0.139486
0.428181 -0.485896 -0.280659 0.155649
0.228962 -0.977748 0.581279 0.0809728
2.1274 0.283696 -0.0311477 -0.854223
0.373494 -0.118404 0.282268 0.326319
1.26021 -0.940334 -0.21465 0.500559
1.10396 -0.46252 0.0162766 0.347666
1.17037 -1.64352 0.639018 0.0134069
1.46724 -0.401729 0.313213 0.134302
1.42427 -0.78979 -0.0992019 0.760141
1.79927 -0.875819 1.46998 0.603678
0.955525 -1.62857 0.52766 0.86326
0.514119 0.0125168 0.725597 0.0276281
-0.329631 0.0106552 0.0884507 0.315653
0.447712 -0.944087 0.193614 0.607233
1.09224 0.586644 0.702922 0.539667
0.889119 -0.726192 0.418376 -0.374182
0.248494 -2.26721 1.15245 0.272989
-0.15385 -0.663539 -0.200215 1.1584
0.732869 -1.09088 0.311137 0.418772
1.3149 -0.618678 -0.0249526 0.39744
0.338337 -0.999232 0.424541 -0.107488
0.795369 -1.00299 -0.367238 -0.224829
0.119587 -0.948756 -0.365193 0.500559
1.21724 0.529607 0.634868 1.2544
0.615681 -0.942195 0.459605 -0.324392
-0.302288 -0.055751 0.717357 0.845484
0.986775 -0.573787 0.925609 0.304987
1.41646 -0.696284 0.309093 -0.210607
1.88521 -1.64163 0.779216 0.095194
1.45552 -1.20028 0.570964 -0.409735
1.19381 -1.02636 1.64524 0.130762
0.943806 -1.35458 0.276103 -0.0399226
1.38912 -0.270808 0.496715 -0.032812
1.06099 -0.995509 0.896739 0.51478
1.79927 -0.286708 0.731792 0.095194
0.678181 -0.35873 0.550334 0.0774175
1.59224 -1.8081 -0.589955 0.152094
1.01021 -1.41723 -0.280659 0.10586
1.96334 -0.55041 0.746227 0.92016
0.768025 -0.769221 1.01429 -0.0968226
1.36177 -1.86795 1.16276 0.120081
0.615681 -1.3742 0.50291 -0.651525
2.41256 -1.50512 0.952434 0.130762
0.670369 -1.18905 1.21223 -0.0932673
1.38131 -1.14605 0.321452 0.905924
1.40474 -0.663539 1.66795 -0.338629
1.56881 -1.16101 1.38545 1.27929
0.885212 0.018132 0.391551 1.25085
1.38131 -1.17129 0.669933 0.86326
2.43599 -1.07965 0.882304 0.813471
1.32662 -0.672908 0.46992 0.852594
1.52193 -0.807552 0.711162 1.17617
2.3149 -1.83334 0.290538 0.827692
1.84224 -1.51635 0.727672 0.735254
2.47506 -1.92498 2.48655 0.39033
1.68599 -0.448482 0.977184 -0.384847
1.69771 -1.04412 -0.183736 -0.189276
1.51021 -1.04788 0.756542 0.703241
2.05318 -1.36206 1.05552 0.518335
1.52584 -1.01513 1.3607 0.479227
1.75631 -1.82959 0.282268 -0.968008
1.74459 -1.40786 -0.194051 0.51478
1.20162 -1.98574 0.944194 0.934382
1.46724 -1.665 0.465801 1.53532
1.2524 -1.34335 0.261668 0.692576
1.73287 -2.07739 0.189494 0.176981
1.67818 -1.16943 0.267833 0.329889
2.09224 -1.36019 0.750346 0.945047
1.6899 -1.82305 0.649303 0.610788
0.34615 -2.0166 1.08439 1.03039
2.67818 -2.37381 0.280223 -0.35285
1.83052 -1.10302 0.636943 0.457895
2.44381 -1.63229 1.07408 -0.089712
2.69771 -1.8941 0.12556 -0.914663
0.525837 -0.903865 0.12968 1.38597
1.67818 -0.735561 0.717357 0.557459
0.986775 -1.23956 0.370952 -0.0577143
1.00631 -1.10116 1.28852 0.859705
1.49849 -1.42657 1.32566 -0.0114802
1.22896 -1.02075 0.964794 0.617914
2.22506 -0.774837 -0.0909316 1.11572
1.43599 -1.2807 0.525585 0.639246
2.42037 -0.460628 0.52766 2.15048
2.35006 -0.93658 -0.346638 0.45434
1.60006 -1.76693 0.907054 0.39033
1.92037 -2.21579 0.733867 1.1015
2.00631 -0.934718 1.04521 0.0418645
1.16256 -1.65942 -0.455922 0.553904
2.43599 -2.2214 0.919444 0.301432
1.13131 -0.929103 1.21635 1.71667
0.412556 -1.02636 1.46586 -0.509298
1.38131 -2.31958 0.620433 1.17262
1.41646 -2.03811 1.39576 0.728144
1.86568 -1.42095 0.84315 0.50767
1.43599 -1.57339 0.797771 0.877482
1.79537 -1.8193 0.416301 0.287211
0.97115 -1.08715 0.667857 0.482783
1.63521 -1.96237 0.950359 -0.306616
1.47896 -1.18905 0.791606 0.86326
1.14693 -0.60464 1.47825 -0.448858
1.47115 -1.43872 0.608074 -0.292394
1.08443 -1.75665 0.286388 -0.235494
1.35787 -1.43313 0.857585 0.0205175
1.63521 -1.65753 0.861705 0.354777
1.52584 -0.744899 0.618388 0.411661
0.240681 -0.932857 -0.342519 -0.224829
1.2524 -1.12829 0.558574 0.102305
1.36177 -0.758937 0.529704 0.0525152
0.00630617 -0.807552 0.556529 -0.438177
0.982869 -1.58554 0.568889 -0.416845
0.768025 -1.41723 0.513225 0.905924
1.52584 -1.01141 0.296703 -0.292394
1.65474 -0.63177 0.86375 -0.114599
1.00631 -0.870204 0.657573 1.13351
1.38912 -0.608394 0.49055 0.461451
1.22896 -1.19656 1.51329 -0.384847
1.76802 -1.0675 0.383312 -0.299505
1.58052 -0.397975 0.131755 0.57168
1.63521 -0.444728 0.0554612 0.2232
0.6899 -1.30593 0.694682 0.240992
1.48287 -1.39758 -0.130116 0.660578
0.623494 -0.448482 0.698802 -0.224829
1.57662 -0.57751 0.0905259 0.265879
1.04146 -1.38357 1.06996 0.116526
0.709431 -0.495235 0.263713 0.472117
0.713337 -0.569118 0.682292 -0.395513
0.900837 -1.30035 0.935924 0.123636
1.08443 -0.495235 0.399822 0.532557
1.67818 -0.75146 0.15031 -0.153723
0.521931 -1.21432 -0.0270278 -0.260382
0.8774 -0.977748 0.49879 -0.203497
0.400837 -0.434444 0.236919 0.173426
1.41646 0.594121 1.57103 -0.0150355
0.580525 -0.875819 0.321452 0.422327
0.90865 0.197667 0.672008 0.276545
1.36177 -0.728084 -0.140431 -0.160833
0.768025 -1.30035 0.744151 1.45353
1.66256 -0.841212 0.300823 0.479227
1.90865 -1.42285 0.630748 0.941492
0.998494 -0.331599 1.75041 0.895258
0.943806 -0.854304 0.632823 -1.08179
0.521931 -1.41348 0.445171 0.283655
1.43599 -0.638301 0.707042 0.205423
1.45943 -0.844966 0.432811 0.525446
0.740681 -1.22552 0.348247 0.706797
0.928181 -0.920711 0.197734 -0.196386
1.07662 -0.77856 0.430736 -0.473745
1.11568 -0.651393 -0.0208327 -0.576864
1.52584 -0.731807 0.8679 -0.331503
1.81099 -1.11611 1.48237 0.415217
-0.0327563 -1.15539 0.102886 -0.381292
1.65474 -1.89785 -0.00639792 0.379664
1.55318 -1.20776 1.03077 0.486338
2.30318 -1.7258 0.979228 -0.23905
1.03756 -0.780421 0.744151 -0.267507
2.13912 -0.999232 1.43907 0.817042
2.20162 -1.17691 0.700877 0.376108
1.22896 -0.586879 1.15245 0.251658
2.11959 -0.999232 0.315257 -0.623083
1.26021 -1.07498 0.680248 0.16276
1.90865 -0.645778 0.274028 0.127192
2.35006 -2.39999 0.50291 -0.0185908
2.46724 -2.4486 1.0576 0.0880834
1.99849 -2.47946 0.639018 0.16276
2.71724 -1.71365 2.01435 0.642801
3.30318 -1.66314 1.86589 -0.306616
3.03756 -2.53839 0.630748 0.91659
4.17037 -1.51074 1.28852 -0.0612544
2.89693 -2.75531 1.69062 -0.434637
2.23677 -1.95864 1.59577 0.969935
4.19381 -2.59262 1.1277 1.40731
3.67818 -2.4327 1.54011 1.50332
3.17037 -2.88156 1.72569 0.376108
4.61568 -2.58139 1.88444 0.73881
4.23287 -2.66369 1.64732 -0.217718
4.13912 -3.82693 1.64524 0.308542
4.91256 -3.79608 1.62257 1.0375
4.26802 -3.9681 1.97312 0.518335
5.94771 -3.55389 1.14625 1.31841
5.38912 -4.28604 1.54835 0.625025
4.70943 -3.61279 1.65144 0.0276281
6.11177 -3.67263 0.575084 1.1975
5.29927 -3.67916 2.87626 0.589457
4.60006 -3.67263 1.74836 -0.146612
5.42818 -3.53799 1.09678 -0.694204
5.57662 -3.6296 0.731792 0.728144
5.12349 -4.3038 1.70506 1.51043
6.08052 -3.85311 2.2989 -0.338629
5.55318 -3.63992 2.68037 1.00906
6.6274 -2.91336 2.0391 3.03233
7.39693 -3.79794 2.88865 0.927271
7.60787 -4.17663 3.08247 0.845484
6.10396 -3.69226 1.77723 0.404551
6.20943 -3.88958 2.67009 0.770807
7.37349 -4.74142 2.98555 1.72734
7.07662 -4.11587 1.96073 0.625025
7.57271 -5.1968 2.75254 1.18684
7.58443 -4.33935 1.86589 2.00469
7.66256 -3.77267 2.12159 0.479227
8.49068 -5.55215 2.01435 1.03039
8.81099 -4.77041 1.87413 1.68466
8.86959 -5.02102 2.38963 2.17892
9.17427 -4.29632 3.55879 2.30694
9.22896 -4.44219 2.41645 1.04817
9.79927 -4.00457 1.68238 1.89089
10.4829 -4.16354 2.74842 0.230311
10.4165 -4.47024 2.83915 2.22871
10.7133 -5.00326 2.94844 1.77355
9.53756 -4.67129 2.73194 1.80912
12.2172 -4.35806 3.29692 1.9869
11.5258 -3.50152 2.69892 1.30773
11.0376 -4.92095 3.52992 1.25796
12.8852 -3.89331 2.91133 1.62066
13.4126 -4.00457 2.88453 1.09083
14.0805 -4.53665 3.31343 1.79135
13.9829 -5.25851 3.58561 2.55229
14.0805 -5.10049 3.72581 2.0438
14.5102 -5.01446 2.06385 1.78424
16.1586 -4.35617 2.54429 1.62066
16.0376 -5.0874 3.5196 2.85455
16.5922 -4.71432 2.99998 2.18249
17.6626 -5.10235 3.63508 2.03669
18.6704 -4.15701 3.69075 1.59933
19.4165 -3.45849 4.15266 2.46339
20.061 -3.3276 3.97737 2.32827
21.4711 -4.19067 2.58348 0.937937
23.061 -4.1065 3.06391 1.17262
22.9946 -3.86245 2.03086 1.32908
25.686 -2.76467 2.29274 1.78424
27.9008 -3.74929 0.702922 2.57006
30.0024 -3.58941 1.81022 0.127192
31.4399 -3.97 0.966869 0.383219
34.1274 -3.44073 0.744151 -0.032812
36.9672 -4.3543 1.31739 -1.52271
39.3735 -2.7843 1.22462 -0.783102
42.436 -4.37207 0.230724 -1.23826
46.5844 -4.95651 1.61845 -1.85697
50.7602 -5.66714 1.04109 -2.19123
56.5336 -5.28939 1.4803 -2.64992
62.0844 -6.04119 2.19789 -2.68192
66.9282 -8.17971 2.25767 -4.10782
73.9438 -8.49765 4.25163 -4.59498
81.3422 -10.2771 5.84349 -6.01021
90.5844 -12.525 6.96522 -6.49024
99.8579 -14.6093 9.07875 -6.44758
108.53 -15.5855 12.8728 -5.27059
120.088 -16.2345 17.1577 -5.97109
130.67 -18.6872 21.0363 -4.98968
143.377 -20.6911 26.1665 -4.41007
156.209 -19.9121 30.6369 -3.49267
166.725 -20.3395 35.7548 -1.74318
178.401 -17.9214 38.8643 1.68823
187.702 -14.0838 42.1614 4.99871
193.342 -10.6109 43.1966 9.01684
196.963 -6.54705 41.7284 13.6786
