311.2645874023 -161.1521148682 256.0073852539 3.4047622681
308.2756347656 -155.4212036133 254.6206054688 3.6867020130
299.6001281738 -146.6944885254 249.6235656738 2.6693258286
287.1649169922 -136.8737335205 240.7760925293 2.9624032974
273.9213867188 -127.2267913818 232.2152557373 3.5535454750
260.2454833984 -116.8232269287 222.1204528809 2.4994306564
248.5904235840 -106.7570800781 213.3039550781 1.9021375179
238.8997802734 -98.5620422363 206.5017700195 1.7556818724
229.6791381836 -92.7237777710 200.7764739990 2.1398577690
223.2688446045 -86.4560775757 196.4457092285 2.1445124149
216.4073944092 -80.1730422974 190.4337463379 2.1626324654
207.7882843018 -72.9237823486 183.2054748535 1.9829292297
196.5185852051 -66.5333862305 174.2185363770 2.0196678638
185.9256286621 -58.6144104004 165.9675903320 2.4143166542
174.7123413086 -51.9223937988 156.7172546387 1.8102079630
162.9162750244 -46.4880027771 145.9639282227 1.5189590454
149.5223541260 -39.9442367554 134.8851928711 0.5213651657
137.3879241943 -32.8739051819 122.7915725708 0.5609297752
122.4619293213 -28.3137207031 108.7533569336 1.3021848202
109.9045257568 -22.9918022156 98.1472320557 0.6939201355
98.3434600830 -17.8845977783 85.7824401855 0.2784914970
87.2429504395 -15.0881652832 76.4236373901 0.1415114403
78.5016479492 -12.6547012329 67.5296707153 1.1605501175
70.6438827515 -9.6946716309 60.2858886719 0.1391841173
64.2805862427 -7.9922714233 53.9485549927 0.5680779815
58.7444305420 -5.9422302246 49.0599670410 0.1097599268
54.4771728516 -5.1038131714 44.3650741577 0.2109988928
49.3827819824 -3.1355667114 40.1040267944 0.6430513263
46.0366516113 -2.1897888184 36.3697967529 0.1019468307
42.9160995483 -1.8574905396 33.5884933472 0.8478564620
39.5699691772 -0.7634582520 30.7917022705 0.1421763897
37.2577590942 -1.2082290649 27.2046737671 -0.6718909740
34.5413742065 -0.0170593262 25.9186096191 0.8249156475
32.9341049194 -0.2164382935 23.4859390259 0.2695146799
30.1331253052 0.1465377808 21.8280105591 0.1980322599
28.5446472168 0.5299606323 20.0693588257 -0.0348670483
27.2945556641 1.2098999023 18.6206054688 -0.1454153061
25.5180969238 1.1178741455 16.9239273071 -0.2097493410
24.9071502686 1.0565261841 15.8393020630 0.1194018126
21.8805847168 1.9102859497 14.0961456299 -0.0092663765
21.7019958496 0.9133834839 13.4995956421 -0.5109724998
20.2075195312 1.6444473267 13.0347595215 0.6570153236
20.1981201172 0.5248489380 10.8190155029 -0.1070142984
18.6190490723 1.5115280151 10.4161529541 0.8279079199
18.0926971436 1.1587753296 10.8190155029 0.0730214119
17.8859100342 0.5861968994 11.0824203491 -0.7423758507
18.1584930420 0.6833267212 9.4709701538 0.3393346071
16.4854278564 0.3510284424 10.3154373169 0.0517429113
16.9083862305 1.1741104126 9.0448684692 0.4512127638
15.5455017090 0.6526565552 8.2468872070 0.1890554428
14.6055755615 0.6577682495 8.0222167969 -0.5901017189
14.2014007568 0.7293395996 7.9912261963 0.1981985569
14.3611907959 0.4941711426 7.2242355347 0.2379294634
13.8724365234 0.6424331665 7.5573730469 0.0432647467
13.7126464844 -0.0272827148 7.1545104980 0.5325031281
12.6411285400 0.0596237183 7.6038589478 -0.4930188656
12.2933502197 0.0238418579 6.9530792236 -0.1538934708
11.9831848145 0.6782150269 7.5961151123 -0.1276278496
11.8327941895 0.4072647095 6.4030151367 0.0662056208
12.4061431885 0.0596237183 5.9381790161 -0.0084352493
11.6166076660 -0.4055938721 5.5430603027 -0.4331731796
10.8458709717 0.3817062378 5.0937118530 0.2109988928
10.9586639404 -0.5794143677 5.3726196289 0.0836606026
9.8871459961 -0.4720535278 6.2945556641 0.5328356028
10.5169067383 0.0391769409 5.7135009766 -0.0900580883
9.7649536133 -0.1908798218 5.0317382812 -0.0642911196
9.6991577148 -1.2593536377 5.2951431274 -0.0471686125
9.1446075439 -0.6509857178 5.2641601562 0.3730808496
9.6145782471 -0.2419967651 5.2331695557 0.5389863253
8.9660186768 -0.6509857178 4.8767929077 -0.2551323175
9.5675811768 -0.7634582520 5.1866836548 0.4276069403
9.3701934814 -0.5180664062 4.7295913696 -0.3314355612
8.7592468262 -0.3902587891 4.8767929077 -0.4429812431
8.8250427246 -1.0139617920 4.3732070923 0.0495818853
9.0882110596 -0.2880096436 4.4119491577 0.4874526262
9.1352081299 0.0800781250 4.7295913696 -0.6943330765
9.3137969971 -0.8145751953 5.0317382812 0.1642860174
9.1634063721 -0.3902587891 4.7373352051 -0.6125438213
9.0412139893 0.0698547363 4.5126647949 0.8313989043
9.0036163330 0.4839477539 4.7605819702 -0.2639429569
8.5618591309 0.3561401367 3.8463897705 0.0477532148
8.9566192627 -0.9935073853 4.3422241211 -0.2433294058
9.5017852783 -0.9168243408 3.8541412354 0.4216223955
8.1200866699 -0.5078430176 4.5126647949 -0.1803252697
8.6276550293 -0.6203079224 3.8618850708 -0.2685976028
8.1294860840 0.0954132080 3.8851242065 -0.0217342377
7.6313323975 -1.5967636108 3.1258850098 -0.1570519209
7.2835540771 -1.4382781982 3.5674819946 -0.0190744400
6.4658203125 -0.7634582520 3.1723709106 0.5328356028
7.9227142334 -1.7808074951 3.4435272217 -0.5578515530
6.3436279297 -2.2971496582 3.3118209839 -0.1266304255
7.2271575928 -1.3922729492 3.4202880859 0.1317033768
7.3681488037 -2.2204666138 3.5287475586 0.2912918329
6.6538085938 -2.8032684326 3.5752334595 0.0542365313
6.6162109375 -2.4249572754 3.6759490967 0.0387763977
6.5316162109 -2.8134918213 3.8231506348 -0.5177884102
6.8793945312 -1.2542343140 3.4125366211 0.0740188360
6.2590484619 -2.5476531982 3.2963256836 -0.2503114939
5.5070953369 -2.1079940796 3.8463897705 -0.1681898832
6.4282226562 -3.3400650024 3.2343521118 0.2863047123
6.5316162109 -2.9259643555 4.1330413818 0.1972011328
5.7702789307 -1.9137268066 3.4822616577 -0.0745979548
6.2308502197 -2.6396713257 3.7921600342 -0.1144950390
5.9206695557 -1.8932800293 3.4745178223 0.8802728653
5.9394683838 -2.4249572754 3.5984725952 -0.2935333252
5.8642730713 -2.2204666138 3.5752334595 -0.1455814838
5.8266754150 -3.0026473999 3.3350677490 -0.4881980419
5.7232818604 -2.1949005127 3.5829772949 -0.4102323055
5.7326812744 -3.4934310913 3.3892974854 0.3614442348
5.3567199707 -2.4096221924 3.6449584961 0.2242978811
5.0465393066 -2.6345596313 2.6455535889 0.6405577660
5.5258941650 -2.2767028809 3.3815460205 -0.1444178820
5.5728912354 -2.5527648926 3.7844085693 0.4020062685
5.4788970947 -2.0517578125 3.4125366211 0.4487191439
4.8585510254 -1.7552413940 4.4816741943 -0.2180613279
5.9582672119 -2.2460250854 3.2808303833 -0.4378278255
5.5352935791 -2.6447906494 3.6217193604 0.0452595949
6.3060302734 -2.0261993408 3.8618850708 -0.0963751078
4.1724090576 -2.7572555542 3.8618850708 0.6041516066
4.9525451660 -2.2767028809 4.1330413818 -0.0026168823
5.0559387207 -2.9515228271 2.9322052002 0.2249628305
4.9525451660 -2.1488952637 3.6991882324 0.7250066400
5.4788970947 -2.0670928955 4.0168304443 0.6525268555
5.3191223145 -2.6038894653 3.6062240601 -0.3445683718
5.0277404785 -1.6887817383 3.4900131226 -1.1795816422
4.6423645020 -2.7777099609 3.6062240601 -0.3207963705
4.4637908936 -2.6243362427 3.9703445435 0.1963698864
4.9901428223 -2.8032684326 3.1181411743 -0.2152352333
4.8961486816 -2.5118637085 3.5132522583 -0.5492072105
4.9525451660 -2.7879333496 3.9316101074 -0.1008635759
4.0314178467 -0.8350296021 3.1181411743 -0.4845407009
5.3661193848 -2.0364227295 3.9006195068 0.7255053520
4.7081604004 -2.8646163940 3.8618850708 0.5246899128
4.8679504395 -1.5456390381 2.9941787720 -1.0023720264
4.8303527832 -3.0333251953 4.3344726562 0.6974111199
5.0089416504 -3.0077590942 3.2653350830 -0.0857359171
4.7175598145 -2.2255783081 3.9083709717 0.7959902287
5.1593322754 -2.0057449341 4.2337570190 1.1145021915
4.7081604004 -3.1560211182 2.9244537354 -0.2727535963
4.8867492676 -2.5374298096 3.3660507202 0.1245551109
3.9938201904 -2.8799514771 3.1646194458 -0.2330226898
4.5859680176 -2.3022613525 3.2885818481 0.6112998724
3.8998260498 -2.2971496582 3.5287475586 -0.3783146143
4.2476043701 -2.1540069580 4.4429397583 -0.1377683878
4.1818084717 -3.2224807739 3.5907287598 0.7313236594
3.8904266357 -2.1540069580 2.9477005005 0.0306307077
5.6668853760 -3.0128707886 3.7146835327 -0.2941982746
4.6799621582 -2.6959075928 4.1950225830 -0.7889223099
5.2909240723 -2.4300689697 3.5752334595 -0.0067728758
4.3040008545 -2.2358016968 3.2111053467 0.5860316753
4.3603973389 -2.5987777710 3.6836929321 -0.5957539082
4.9431457520 -1.7859191895 4.0478210449 -0.4112297297
3.9844207764 -1.4894027710 3.2111053467 -0.4687480927
4.5483856201 -2.1079940796 4.4196929932 0.0271396637
4.8867492676 -1.8421554565 3.9006195068 0.2487349510
4.4073944092 -2.9873123169 3.6527099609 -0.0514909029
4.8397521973 -2.6345596313 3.3660507202 -0.3482255936
4.4073944092 -2.6959075928 3.3195724487 -0.1991101503
4.8773498535 -2.3124847412 3.6604537964 0.1702705622
4.2476043701 -2.0977706909 3.0561599731 0.1814085245
4.4073944092 -2.4249572754 3.5364990234 0.1021130085
4.1442108154 -1.9546279907 3.3040771484 -0.2523063421
4.3979949951 -2.5118637085 3.6449584961 0.6390616298
5.0183410645 -2.0364227295 4.3809585571 -0.1786628962
4.3603973389 -2.3636093140 4.1252975464 0.9057072997
5.2157287598 -2.3329391479 4.3887023926 -0.7352275848
3.6742553711 -2.8083801270 4.3267288208 0.0138406754
3.5144653320 -2.4045104980 4.1330413818 0.6277574301
3.9468231201 -2.4556350708 3.4745178223 -0.2651065588
4.8209533691 -2.3687210083 3.4280319214 -0.5852808952
4.8491516113 -2.0517578125 4.1098022461 0.6693168879
4.4261932373 -2.2153549194 3.6991882324 1.0687867403
5.7890777588 -2.1846771240 3.6449584961 -0.7031435966
4.8961486816 -2.8083801270 4.1098022461 -0.1249680519
3.9374237061 -2.7163619995 3.4047927856 0.1426750422
4.3697967529 -2.1591186523 4.0865554810 -0.5146298409
4.2664031982 -2.5220947266 4.6056289673 0.1386853456
4.6987609863 -2.7163619995 3.5055084229 -0.3577011824
4.3227996826 -2.1488952637 4.4816741943 0.5926812291
5.1029357910 -1.9955215454 4.0943069458 -0.1439191103
3.9374237061 -1.2849121094 3.0251693726 -0.7885899544
4.7269592285 -2.4454040527 3.7069396973 0.4462255239
4.4261932373 -2.2409133911 3.1258850098 0.2023545504
4.4637908936 -1.9188385010 3.2188568115 0.1574702263
4.8021545410 -2.7725982666 3.5829772949 -0.0042792559
5.3285217285 -3.0077590942 3.9238662720 0.0969595909
4.7175598145 -2.3227081299 3.9316101074 0.4284380674
4.0032196045 -2.1846771240 3.6449584961 0.4613531828
4.2852020264 -1.6734466553 3.9161148071 -0.1504024267
5.1217346191 -1.8370437622 2.6223068237 1.0258972645
3.8904266357 -3.0179901123 3.4047927856 0.0288020372
4.6047668457 -1.8370437622 3.3195724487 0.3007674217
4.9525451660 -1.8217010498 4.3732070923 -0.1484075785
4.6423645020 -2.4096221924 3.9471054077 0.1233915091
4.8209533691 -3.3298339844 3.5055084229 -0.2413345575
4.1912078857 -2.7777099609 3.0484161377 0.3518024683
4.9807434082 -2.3227081299 3.6836929321 0.2422516346
5.2721252441 -2.4147338867 4.0090866089 0.3755744696
4.7175598145 -2.1284408569 4.0788116455 -0.0115936995
3.9374237061 -1.7756958008 3.4745178223 0.2759978771
4.5107879639 -2.6038894653 3.9393615723 0.1844007969
4.1442108154 -1.8779373169 3.0174255371 0.0578937531
4.8397521973 -2.5220947266 3.1646194458 -0.3374201059
4.7363586426 -2.5118637085 3.2188568115 -0.0403529406
4.5201873779 -2.9464111328 3.0716552734 0.5599323511
4.9525451660 -2.9873123169 3.8308944702 -0.9450197220
4.6987609863 -2.2664794922 3.4512786865 0.4774782658
4.5483856201 -2.4402923584 3.6681976318 0.3017648458
4.5483856201 -1.6938934326 2.9709396362 0.1159107685
4.4637908936 -2.3124847412 3.5752334595 0.1071001291
4.2100067139 -1.8983917236 3.8696289062 -0.0071053505
4.5671691895 -2.7214736938 3.1491317749 -0.4291834831
4.5013885498 -2.2869262695 3.4590225220 0.1162432432
4.6329650879 -1.7808074951 3.3273162842 0.5310069323
4.2476043701 -1.8217010498 3.7689132690 0.5910188556
3.8434295654 -1.8830490112 3.5519943237 0.1405140162
3.7964324951 -2.3942871094 3.7069396973 0.2808188200
3.8998260498 -2.2971496582 3.8696289062 -0.2764108181
4.8867492676 -1.9546279907 3.4977569580 0.4187963009
5.1217346191 -2.8288345337 3.6914443970 -0.5871095657
4.3979949951 -1.8165893555 3.9703445435 0.0184953213
4.6047668457 -1.8421554565 3.5442428589 0.1985310316
4.4637908936 -2.0517578125 3.6062240601 0.5125545263
4.4825897217 -2.6447906494 3.1103897095 0.2603715658
4.1912078857 -2.1233291626 3.6449584961 0.3293602467
4.2006072998 -2.2562484741 3.7844085693 -0.1341111660
4.0408172607 -2.4760818481 3.4512786865 -0.2774082422
4.0878143311 -2.6345596313 3.4900131226 -0.6966602802
4.3885955811 -2.5680999756 3.3660507202 0.0688654184
4.4825897217 -2.1693420410 4.0323257446 0.2138248682
3.8904266357 -1.5609741211 4.1252975464 -0.1893020868
4.0596160889 -1.5200805664 4.2027664185 0.1383528709
3.8434295654 -1.8932800293 3.3660507202 -0.2912060022
4.0878143311 -2.0415344238 3.3040771484 0.0662056208
4.7175598145 -2.5732116699 3.3428115845 0.7660673857
4.3134002686 -2.1386718750 3.7844085693 0.4048323631
4.1066131592 -2.0824356079 3.6217193604 0.0050300360
3.6178588867 -1.9801864624 2.8934631348 -0.1555558443
3.8716278076 -2.4147338867 2.6300582886 -0.0727692842
3.8340301514 -2.0108566284 2.9709396362 0.6664908528
4.1348114014 -3.1815795898 3.4047927856 0.5358278751
4.5953674316 -2.6243362427 3.7921600342 0.0652081966
4.1912078857 -2.7214736938 3.4900131226 -0.4486333132
4.2476043701 -2.8288345337 4.2570037842 0.4974268675
4.5671691895 -3.0742187500 3.5132522583 -0.1424230337
4.2100067139 -2.2051315308 3.3118209839 0.2420853376
3.9374237061 -2.7930450439 2.9089584351 0.3576207161
4.3885955811 -1.9955215454 3.7844085693 -0.1646988392
3.8716278076 -2.8697280884 3.7766647339 -0.0737667084
4.2852020264 -2.9412994385 3.3660507202 0.1659483910
4.5953674316 -1.9904098511 3.8928756714 -0.6125438213
4.7739562988 -1.3871612549 2.6842880249 0.4942682981
3.8904266357 -1.6785583496 3.2033615112 -0.1555558443
4.3040008545 -2.4045104980 3.9471054077 0.1002844572
3.9750213623 -2.4351806641 3.8231506348 -0.0812474489
4.3415985107 -1.7705841064 3.3505630493 0.1727641821
5.0465393066 -1.9290618896 3.3273162842 0.6726416945
4.5201873779 -2.3942871094 3.8231506348 0.5582699776
5.0653381348 -2.7674865723 3.2808303833 0.7924992442
4.3415985107 -2.5783309937 4.2724914551 0.3797303438
3.8810272217 -2.1591186523 3.4745178223 0.1518181562
3.9468231201 -2.0824356079 3.6062240601 0.2628650665
4.5107879639 -2.4351806641 3.8541412354 0.3827227354
4.8585510254 -2.5680999756 4.0400772095 0.3030947447
4.2476043701 -2.2306900024 3.6372146606 0.6221053004
5.2251281738 -2.5834426880 3.7999038696 0.1351944208
4.2194061279 -2.4147338867 3.9858398438 -0.0353658199
4.2852020264 -3.1100082397 3.7301788330 -0.3917798996
3.8998260498 -2.6703491211 3.9626007080 0.0396075249
4.4731903076 -1.8728256226 3.1878662109 0.2713432312
4.0596160889 -2.3891754150 3.7611694336 0.0068587065
4.9149475098 -2.0619812012 3.6372146606 -0.2233809233
4.1254119873 -2.3891754150 3.9935913086 -0.6145386696
4.8867492676 -2.6141128540 4.4429397583 -0.4172143936
3.9844207764 -2.8134918213 4.1407928467 -0.0849046707
4.2100067139 -2.0415344238 3.3350677490 -0.2597869635
4.4073944092 -2.4454040527 3.2266006470 -0.1637014151
4.0126190186 -2.0261993408 3.8463897705 0.3102428913
4.1254119873 -2.7368087769 3.6294631958 0.2144898176
4.9149475098 -2.2562484741 4.2647476196 -0.7056372166
4.8209533691 -2.2204666138 3.3738021851 0.3479789495
4.1630096436 -2.2255783081 3.6527099609 -0.3221262693
4.5389862061 -2.3073730469 2.8082427979 -0.1357735395
5.1875305176 -2.6907958984 3.6604537964 -0.3276120424
4.6423645020 -2.2102432251 3.9858398438 0.2670210600
3.8810272217 -2.7061386108 3.5907287598 -0.1518986225
4.2100067139 -2.2102432251 3.5597381592 -0.2009388208
5.0183410645 -2.3431625366 3.2343521118 -0.4699118137
3.8434295654 -1.7705841064 3.4977569580 0.3692574501
4.4919891357 -2.6090011597 3.2575912476 -0.1218094826
4.5953674316 -2.4045104980 3.0484161377 0.1307059526
3.7118377686 -3.6928100586 4.0555725098 -0.2371786833
5.1593322754 -2.3993988037 3.7301788330 -0.2150689363
4.0690155029 -1.8574905396 4.0090866089 0.3790653944
4.3885955811 -1.7808074951 3.6217193604 -0.9726152420
4.0220184326 -1.8421554565 3.7534255981 -0.0406854153
5.2345275879 -2.3482742310 3.4977569580 -0.1736757755
5.1687316895 -1.8779373169 3.6604537964 -0.6403057575
4.5859680176 -2.0875473022 3.7766647339 0.3006011248
4.2758026123 -2.1131057739 3.6836929321 -0.5886056423
4.3697967529 -1.5967636108 3.9006195068 0.0821644068
3.5614624023 -2.7930450439 4.3112335205 -0.4118946791
4.0126190186 -2.6243362427 3.5597381592 0.2445789576
4.4731903076 -1.9955215454 3.2653350830 -0.0712732077
3.4392700195 -2.0722045898 4.0478210449 0.4635143280
5.0371398926 -2.2562484741 3.4590225220 -0.0544831753
4.6611633301 -2.4096221924 3.1646194458 -0.4364979267
4.4825897217 -2.7930450439 3.5829772949 -0.0212355852
4.4637908936 -1.6887817383 3.3273162842 -0.1987776756
5.2721252441 -1.8217010498 4.7140960693 -0.3344278336
4.3509979248 -2.3533859253 3.0871505737 -0.2009388208
4.8021545410 -2.0006332397 3.2575912476 0.5446384549
4.9807434082 -2.1233291626 3.6681976318 0.4049985409
5.4600982666 -1.8574905396 3.4125366211 0.2055130005
4.2664031982 -2.5476531982 3.8386459351 0.4219548702
4.8115539551 -2.2306900024 4.2879867554 -0.3881226778
4.5389862061 -2.3891754150 3.9780960083 -1.1210658550
4.0314178467 -1.9086151123 2.9167098999 -0.0942139626
4.7363586426 -2.0210876465 3.3583068848 -0.0172458887
5.5728912354 -2.7368087769 3.9316101074 -0.6974914074
4.0502166748 -2.6192245483 4.0013351440 -0.1610416174
4.6047668457 -2.2358016968 3.6217193604 0.5180404186
4.3885955811 -2.3840560913 3.2963256836 -0.8961458206
4.0596160889 -2.2767028809 3.3118209839 0.0417686701
4.9337463379 -3.3196105957 3.5132522583 -0.2173963785
4.7175598145 -2.1744537354 3.8231506348 0.5413136482
5.0841369629 -2.3431625366 3.6991882324 0.1290435791
4.8209533691 -2.1488952637 3.2963256836 0.0778422356
4.4073944092 -2.2102432251 3.6759490967 -0.3502204418
4.3791961670 -2.5118637085 3.2266006470 0.2493999004
4.5013885498 -2.0926589966 3.3892974854 0.6207754016
5.0935363770 -2.5527648926 3.8153991699 0.6076426506
4.7175598145 -1.4740676880 3.9780960083 -0.3191339970
4.1724090576 -2.7981567383 4.2647476196 0.5649194717
4.6047668457 -2.7470321655 3.8696289062 -0.0732680559
4.5671691895 -2.3636093140 3.0948944092 -0.2990190983
4.9337463379 -1.8472671509 3.6991882324 -0.2538024187
4.2476043701 -1.9955215454 3.6527099609 0.3769043684
5.2345275879 -2.4198455811 3.3738021851 -0.2459892035
4.6987609863 -1.9392852783 3.9393615723 -0.0298799276
4.6893615723 -1.6836700439 3.6062240601 -0.2695950270
5.6198883057 -1.8881683350 4.5978851318 -0.9674620628
4.7081604004 -2.3124847412 4.3344726562 -0.1098403931
4.7551574707 -2.4760818481 3.7146835327 -0.2461555004
4.4073944092 -1.8165893555 4.1330413818 0.2547194958
4.4073944092 -1.9955215454 4.0788116455 -0.1138300896
5.5446929932 -1.9904098511 4.2337570190 0.3491426706
4.9619445801 -2.6550140381 3.3195724487 0.3158950806
5.0747375488 -2.0057449341 3.6991882324 0.0078561306
4.4355926514 -1.7041244507 3.6139678955 0.3082480431
5.1123352051 -2.9310760498 3.9316101074 -0.9121046066
5.2251281738 -1.6785583496 3.0561599731 0.0653743744
5.2909240723 -2.2869262695 3.4047927856 0.4608545303
4.6047668457 -2.1846771240 3.1568756104 0.0992870331
5.4882965088 -1.5251922607 3.3970413208 -0.4712417126
4.5765686035 -2.2000122070 3.9471054077 0.1481609344
4.0596160889 -1.4894027710 3.1336364746 -0.4049127102
5.0371398926 -1.7399063110 3.7611694336 -0.0792526007
4.7645568848 -1.9495162964 3.7456741333 0.5812107921
5.1123352051 -2.6192245483 3.5984725952 0.1184043884
4.2100067139 -2.3942871094 4.0478210449 -0.8645606041
3.8152313232 -2.0466461182 3.0251693726 0.4460593462
4.9995422363 -2.3227081299 3.7611694336 -0.4996683598
3.4110717773 -2.5169830322 2.9012145996 -0.1228069067
4.6235656738 -2.5272064209 3.2730865479 0.1042741537
4.2382049561 -2.1386718750 3.0484161377 0.7218481302
4.8585510254 -2.7163619995 3.5674819946 0.3624416590
4.5483856201 -1.9955215454 3.0716552734 -0.0375268459
4.2194061279 -1.0906448364 4.2492523193 -0.2552986145
4.4825897217 -2.1079940796 3.4280319214 -0.4138895273
3.6554565430 -1.3820419312 4.2260131836 0.5948423147
3.9750213623 -1.3360366821 3.8928756714 -0.1279603243
4.8397521973 -3.1457977295 2.7772521973 0.3006011248
5.1123352051 -2.2664794922 4.2027664185 0.0173317194
4.6517639160 -2.1591186523 3.2653350830 -0.4070738554
4.0126190186 -2.4300689697 3.1568756104 1.0212426186
4.0972137451 -1.9750747681 3.8773803711 -0.0337033272
4.6987609863 -2.0466461182 3.1878662109 -0.3478931189
4.7833557129 -2.2051315308 3.3892974854 -0.2652728558
4.3791961670 -1.9443969727 3.0174255371 0.2124949694
4.2476043701 -1.5865402222 3.8696289062 -0.1482412815
4.9807434082 -2.1540069580 3.4590225220 0.3395007849
5.0183410645 -1.6938934326 3.2885818481 0.6620024443
4.7739562988 -3.3196105957 3.9238662720 -0.2641091347
4.3697967529 -2.1591186523 3.9238662720 0.9349651337
5.1311340332 -2.6856842041 3.4047927856 -0.1098403931
5.1875305176 -1.7450180054 2.8392333984 0.2000272274
4.2288055420 -1.5865402222 3.5674819946 -0.6527736187
4.7927551270 -1.7705841064 3.6217193604 0.7871795893
4.2476043701 -1.9495162964 3.2653350830 -0.1670262814
4.3227996826 -2.1591186523 4.1330413818 0.7025644779
4.1160125732 -2.6141128540 3.5055084229 0.2020220757
4.0972137451 -2.6038894653 3.4435272217 0.2066767216
4.6799621582 -1.9750747681 3.7689132690 0.4409059286
4.6987609863 -2.4607467651 3.6759490967 0.3742445707
4.0972137451 -1.9035034180 3.1336364746 0.5029127598
4.1536102295 -3.3247222900 3.2808303833 -0.2378436327
4.0314178467 -2.3380508423 3.4357833862 0.4503815174
3.6930541992 -2.7828216553 3.7146835327 -0.0882294178
3.6836547852 -2.0313110352 4.1562881470 0.6373991966
5.1217346191 -2.6499023438 3.9006195068 0.1720992327
4.6611633301 -2.4351806641 3.2575912476 0.8722934723
4.7645568848 -2.4300689697 3.8696289062 0.2904605865
3.6272583008 -1.7552413940 3.0484161377 0.2605377436
5.2345275879 -2.6447906494 3.2575912476 -0.4419838190
4.0690155029 -1.8677139282 3.3505630493 0.1471635103
4.6235656738 -2.4760818481 4.1485366821 0.3857150078
4.4825897217 -2.1488952637 3.5132522583 0.8498513103
4.8679504395 -1.7450180054 3.7379302979 -0.2345188856
4.5107879639 -1.2184524536 3.3428115845 -0.0982036591
4.8867492676 -2.1693420410 3.4590225220 0.4528751373
4.0408172607 -2.1028823853 3.3195724487 -0.0752629042
4.6423645020 -2.1335525513 3.0871505737 -0.5071489811
4.1536102295 -2.4096221924 3.5752334595 -0.4657559395
4.1536102295 -1.8472671509 3.1026458740 0.6378979087
4.4449920654 -1.7347946167 4.0555725098 0.1749252081
4.9149475098 -2.2664794922 3.5364990234 0.2625325918
5.3379211426 -2.2767028809 3.4435272217 0.2339397669
4.1724090576 -2.3738327026 3.4745178223 -0.3134818077
5.3191223145 -2.3789443970 3.9626007080 0.5002529621
4.2006072998 -2.5067520142 3.0716552734 -0.4379941225
4.1254119873 -1.1008682251 4.0323257446 0.1952062845
4.2758026123 -2.4147338867 3.7921600342 -0.3287757635
3.5708618164 -1.3104705811 2.8934631348 0.3366748095
4.5389862061 -2.6652374268 2.7462692261 0.4325940609
5.0277404785 -2.8595046997 3.6294631958 0.6907616258
4.6517639160 -2.2767028809 3.6294631958 -0.2145702839
4.8585510254 -1.9904098511 3.4512786865 -0.1193159819
4.7739562988 -2.6294479370 4.7373352051 0.2462413311
4.2852020264 -2.6038894653 3.8386459351 0.9811792970
4.6047668457 -1.6120986938 3.7456741333 0.9793506861
4.5201873779 -2.8646163940 3.3428115845 -0.5638360977
4.2758026123 -2.5732116699 3.5597381592 -0.0443426371
4.5201873779 -3.0895614624 3.7999038696 0.1967023611
3.9186248779 -1.6325454712 2.9631881714 0.3183885813
4.4731903076 -2.3738327026 4.1640319824 -0.2682651281
4.7457580566 -1.8830490112 3.6759490967 0.8973953724
4.6611633301 -1.6785583496 3.5674819946 0.5228612423
4.2852020264 -2.4147338867 4.0168304443 0.2311136723
5.0089416504 -2.1949005127 3.0019302368 0.1346956491
3.8152313232 -2.9822006226 4.2724914551 -0.3098245859
4.1254119873 -2.8543930054 3.3583068848 -0.1394307613
5.5634918213 -2.2562484741 3.3815460205 -0.0174120665
5.1311340332 -2.2051315308 3.7844085693 0.3020973206
4.4355926514 -2.0108566284 3.7456741333 -0.3613584042
4.4073944092 -1.5047378540 3.8463897705 -0.2149027586
4.6799621582 -2.1795654297 4.0478210449 0.7509397268
4.3227996826 -2.1591186523 3.7689132690 0.3695899248
4.4261932373 -1.4996261597 3.6294631958 0.2816499472
4.0502166748 -1.7347946167 3.9858398438 -0.2700937986
4.9337463379 -1.7961425781 3.3350677490 0.7146998644
3.9280242920 -2.6396713257 4.1020507812 -0.4045802355
4.8397521973 -1.8165893555 3.2963256836 0.4242821932
4.0502166748 -2.5425415039 3.7999038696 0.6457111239
5.2063293457 -1.9801864624 3.4125366211 0.0723564625
4.1818084717 -3.1100082397 3.8386459351 0.3843851089
4.7927551270 -1.9852981567 4.2105178833 0.4334253073
4.1818084717 -1.9443969727 3.8308944702 -0.0559792519
4.6893615723 -2.2715911865 4.2647476196 0.1742602587
4.3885955811 -2.5272064209 2.6765365601 -0.3502204418
4.6705627441 -2.1744537354 4.1020507812 -0.1753381491
4.7833557129 -1.9443969727 3.3118209839 0.2264590263
5.2063293457 -2.4402923584 3.3738021851 -0.7182712555
4.4355926514 -2.3840560913 2.8004989624 -0.5829536915
4.8115539551 -2.5783309937 3.3660507202 1.0642982721
5.0653381348 -1.9801864624 2.9477005005 -0.3442358971
3.9750213623 -2.7265853882 4.0478210449 -0.2725872993
4.5765686035 -3.3247222900 3.3892974854 -0.0529869795
4.1724090576 -2.0926589966 3.4202880859 0.9131879807
4.6705627441 -2.0773239136 3.6527099609 -0.3467293978
5.5352935791 -1.7296829224 3.1723709106 0.5469657779
4.8115539551 -2.4658584595 3.4512786865 0.2823150158
5.1029357910 -1.7808074951 3.8231506348 0.8358873129
4.4261932373 -2.4351806641 4.3964538574 0.2050143480
4.3791961670 -1.7194595337 3.5442428589 -0.4305133820
4.9431457520 -2.8390579224 3.6217193604 0.4498828650
4.7833557129 -2.1897888184 3.6139678955 0.8874210715
4.7833557129 -1.9597396851 3.8928756714 0.4414047003
4.6987609863 -1.9546279907 3.5752334595 0.3478126526
4.6611633301 -2.2715911865 3.6372146606 0.3001024723
5.0559387207 -2.3942871094 3.9626007080 0.3094117641
4.0126190186 -1.8217010498 3.0871505737 0.0876502991
4.2006072998 -1.8881683350 3.1413803101 1.0039539337
4.0408172607 -1.5865402222 4.0943069458 0.2583767176
5.2063293457 -2.6856842041 2.7772521973 0.0070248842
4.6517639160 -2.4454040527 3.5907287598 0.7238429785
4.3885955811 -2.0977706909 3.3195724487 0.3710860014
5.2909240723 -1.8574905396 3.3428115845 -0.1449165344
4.6987609863 -2.3278274536 3.3815460205 -0.2340201139
4.3227996826 -1.8830490112 3.7224349976 0.2593741417
4.8961486816 -2.0926589966 3.4977569580 1.0787609816
4.7175598145 -2.4045104980 3.0871505737 0.0404387712
4.4825897217 -1.6785583496 3.8463897705 -0.1046869755
4.3415985107 -2.8441696167 3.5907287598 0.0100171566
4.5201873779 -2.1744537354 3.9626007080 0.3852162361
4.7457580566 -1.7603530884 3.2885818481 -0.1357735395
3.7024536133 -1.9904098511 2.9786834717 0.2588753700
4.9337463379 -1.3820419312 3.6527099609 -0.0199056864
5.0277404785 -2.5374298096 3.8386459351 0.7634075880
4.7833557129 -2.3482742310 3.2575912476 0.0806683302
5.0277404785 -2.6038894653 3.2111053467 -0.2647740841
4.7833557129 -1.9443969727 3.8696289062 -0.3995931149
3.6648559570 -1.7296829224 3.3815460205 -0.5302560329
4.8679504395 -2.2051315308 3.9935913086 -0.1329474449
4.3697967529 -2.1744537354 2.7617568970 0.4789744616
4.8491516113 -3.2429275513 3.3660507202 0.3709198236
4.2476043701 -2.4709701538 3.4125366211 0.1875593662
4.6235656738 -2.2102432251 3.3118209839 0.0967934132
4.5389862061 -2.0568695068 3.0639038086 0.1428413391
4.8867492676 -2.2562484741 2.5525817871 0.3052557707
4.3134002686 -2.5885543823 3.5752334595 0.3353449106
4.4261932373 -1.8983917236 4.0245819092 0.4857902527
4.1536102295 -1.8779373169 3.7301788330 0.6410564780
4.0408172607 -2.2613601685 2.9786834717 0.0411037207
5.0559387207 -3.4014129639 2.8857192993 -0.7802779675
4.0502166748 -2.4147338867 4.4119491577 0.5497918129
4.2570037842 -2.5425415039 3.8076553345 0.1285448074
3.9938201904 -2.5220947266 3.5907287598 0.0316281319
4.4449920654 -2.9975357056 3.0406646729 -0.0819123983
4.9337463379 -2.2562484741 3.8851242065 -0.1600441933
4.6047668457 -3.2480392456 4.0555725098 0.1832371950
5.2345275879 -2.7214736938 2.8934631348 0.4515452385
3.9562225342 -1.9801864624 3.2653350830 0.5594336390
4.2476043701 -2.5169830322 3.3350677490 0.1473296881
4.7645568848 -2.7879333496 3.4745178223 0.5966709256
3.4768676758 -2.6907958984 3.4667663574 0.1858969927
4.4543914795 -2.4300689697 3.7301788330 0.2731719017
4.6987609863 -2.0415344238 3.1956100464 0.9296455383
4.2852020264 -2.2715911865 4.0400772095 0.1509870291
4.8209533691 -2.9873123169 3.7301788330 -0.0682809353
4.5201873779 -3.1918029785 3.4667663574 -0.2007725239
4.7927551270 -2.5272064209 3.3273162842 0.3064194918
4.5953674316 -2.6856842041 3.6759490967 0.4699976444
4.0878143311 -1.7756958008 3.3195724487 0.8280741572
4.0690155029 -2.3891754150 4.0633163452 -0.1543921232
5.0747375488 -2.7777099609 3.3970413208 0.3278641701
5.2439270020 -2.4914169312 3.9703445435 0.7439577579
4.8021545410 -2.4709701538 4.3189773560 0.4610207081
5.0089416504 -2.3073730469 3.3505630493 0.6864393950
4.7739562988 -1.8523788452 3.1956100464 0.0080223083
3.6648559570 -2.4760818481 3.5364990234 0.3250380754
4.6611633301 -2.5272064209 4.0788116455 0.2718420029
4.2664031982 -2.2613601685 3.5674819946 0.4410722256
4.8209533691 -1.9801864624 3.9238662720 -0.8492667675
4.7833557129 -1.7194595337 3.6139678955 -0.1547245979
4.4261932373 -1.7603530884 3.6527099609 -0.2085857391
4.1066131592 -3.0384368896 2.8857192993 -0.3181365728
5.6668853760 -2.0773239136 3.9083709717 0.8400433064
5.3191223145 -2.8850631714 2.7617568970 0.8481889367
5.1969299316 -2.4147338867 3.6139678955 0.7986500263
4.2382049561 -2.4198455811 3.8463897705 0.3318538666
4.8397521973 -2.1284408569 3.9393615723 0.0956296921
4.4919891357 -2.6499023438 3.4202880859 -0.5748078823
4.4355926514 -2.7368087769 3.9858398438 0.4690002203
4.5483856201 -2.5118637085 3.2808303833 0.9712050557
4.9525451660 -2.8288345337 3.5752334595 0.0475869179
5.2909240723 -2.7828216553 4.8303070068 -0.4725716114
5.9112701416 -2.8799514771 3.6836929321 -0.3163079023
5.0371398926 -2.0722045898 3.3660507202 0.1519844532
5.0183410645 -2.5936660767 3.4280319214 0.4226198196
4.6329650879 -1.6120986938 2.5138473511 0.2967776060
4.9995422363 -2.9515228271 3.6372146606 0.2018557787
4.6611633301 -2.8748397827 3.4977569580 0.3363423347
5.2157287598 -2.4607467651 3.5597381592 0.2874683142
5.3473205566 -2.0875473022 3.5055084229 0.2794889212
5.2721252441 -2.4096221924 3.3350677490 0.5303419828
5.4506988525 -2.6805725098 3.3195724487 0.6211078763
6.4188232422 -2.7470321655 2.7850036621 -0.0393555164
5.2627258301 -2.0159759521 3.2188568115 0.4051648378
5.7890777588 -2.8288345337 3.2498474121 0.7517709136
7.0767822266 -1.2184524536 3.5210037231 -0.4286847115
6.5128173828 -2.9719772339 3.0174255371 0.1631222963
6.0522613525 -1.9955215454 2.9631881714 0.3833876848
6.4470214844 -1.7194595337 2.1574630737 0.1071001291
6.5504150391 -2.5732116699 2.6532974243 0.6382303834
6.2966308594 -2.2306900024 2.5835723877 0.1519844532
5.6292877197 -2.8952941895 3.5210037231 -0.5123023987
6.6820068359 -2.6447906494 3.1413803101 0.7459526062
7.3117523193 -2.7316970825 2.9167098999 0.6161207557
6.5222167969 -2.7470321655 3.3505630493 0.2424178123
6.9357910156 -2.9719772339 3.4977569580 0.8749532700
6.4658203125 -2.0313110352 2.6300582886 -0.1557220221
6.0804595947 -2.1182174683 3.3892974854 0.4049985409
6.5410156250 -2.8288345337 2.5060958862 0.3010998964
6.5222167969 -3.1918029785 3.1723709106 0.2173159122
6.4094238281 -2.6345596313 2.7695083618 0.9725349545
6.4188232422 -1.9801864624 2.9399490356 0.2284538746
6.7572021484 -2.4863052368 3.4977569580 0.1406801939
6.6162109375 -2.3584976196 3.7146835327 -0.2024348974
6.1462554932 -1.3207015991 3.0096740723 0.5278483629
6.3248291016 -2.9208526611 2.9786834717 0.3459841013
6.2308502197 -2.3891754150 2.8779678345 0.1400152445
6.7196044922 -2.9208526611 3.9006195068 0.2030194998
7.1989593506 -2.3840560913 2.9244537354 0.2008583546
6.4094238281 -2.4045104980 2.9864349365 0.2550519705
6.5222167969 -2.1284408569 3.9238662720 -0.1685223579
6.5128173828 -2.7419204712 3.4745178223 -0.1133313179
6.5034179688 -2.9310760498 3.5364990234 0.5000866652
6.2778320312 -2.7623672485 3.7379302979 -0.4112297297
6.6256103516 -1.7808074951 3.6139678955 -0.0094326735
6.6444091797 -1.8217010498 3.2575912476 -0.2649403811
5.8266754150 -2.7163619995 4.5823898315 0.1398490667
6.5034179688 -2.4300689697 3.1878662109 -0.1286252737
6.0428619385 -2.0977706909 3.2885818481 0.0918062925
6.1838531494 -2.4249572754 3.6139678955 -0.0322072506
6.3060302734 -1.8932800293 3.0871505737 0.1165757179
6.0992584229 -2.3584976196 4.4894180298 0.0284695625
5.6762847900 -2.7163619995 3.0329208374 -0.1487400532
5.7890777588 -2.0108566284 3.3738021851 0.0525741577
6.1932525635 -2.8543930054 3.0251693726 -0.5413939953
6.0616607666 -2.2664794922 3.7999038696 0.4377474785
6.4846191406 -2.5118637085 3.5674819946 0.3657664061
5.8736724854 -2.7777099609 3.1103897095 0.6985747814
5.4037170410 -3.1815795898 2.8237380981 0.1441712379
6.5410156250 -2.6345596313 2.5680770874 0.3484777212
5.6856842041 -2.9208526611 2.6145629883 -0.2378436327
6.4470214844 -2.7265853882 3.9238662720 -0.0849046707
5.9488677979 -3.1406784058 3.4125366211 -0.4300146103
6.0240631104 -2.2767028809 3.1413803101 0.0838268995
6.2308502197 -2.6345596313 3.7069396973 0.1474959850
6.8887939453 -2.8595046997 2.8934631348 1.4153928757
6.4658203125 -2.5578765869 3.0329208374 0.2103339434
5.7232818604 -2.4147338867 4.0245819092 -0.1286252737
6.0616607666 -2.2715911865 3.2653350830 0.2495660782
6.6820068359 -2.6192245483 3.1258850098 0.5988320112
6.0710601807 -3.1048965454 3.7069396973 0.2086715698
6.3154296875 -3.3758468628 3.2653350830 0.1338645220
6.6162109375 -2.6243362427 4.2105178833 0.7615789771
6.5786132812 -2.8441696167 4.1562881470 0.7447889447
7.4527435303 -2.2767028809 3.9393615723 0.3232095242
6.6162109375 -2.5169830322 3.3970413208 0.4595246315
6.7947998047 -2.9924240112 3.9393615723 0.4786419868
6.3906250000 -2.5220947266 3.3815460205 -0.2592883110
7.1707611084 -2.6141128540 2.9167098999 -0.3623558283
6.7666015625 -2.2153549194 2.9167098999 -0.2451580763
6.7102050781 -2.7470321655 3.6139678955 -0.0824110508
6.9827880859 -2.2306900024 4.1252975464 0.6827821732
6.6632080078 -2.2051315308 3.6139678955 -1.1017823219
7.6877288818 -2.8748397827 3.6372146606 0.1425088644
7.4621429443 -2.3789443970 3.8153991699 0.0949647427
7.0767822266 -2.9515228271 3.1026458740 -0.1952866316
8.0542907715 -2.9770889282 3.4667663574 0.3963541985
7.9884948730 -2.7623672485 3.6991882324 0.4058297873
7.9978942871 -2.3329391479 2.5680770874 1.0662931204
8.5900573730 -2.3124847412 3.3428115845 0.7476149797
9.0318145752 -2.6601257324 4.1020507812 0.5842030644
9.4641876221 -3.2889404297 3.6217193604 0.4315966368
9.9059448242 -3.3963012695 3.6914443970 0.3754081726
10.9868621826 -2.8697280884 3.2498474121 0.5722339153
10.0939331055 -2.2869262695 3.7689132690 0.0266410112
11.5414123535 -4.0404510498 3.9935913086 0.3222121000
12.1241760254 -2.2409133911 3.2730865479 0.4176326990
12.1617736816 -2.6447906494 4.2182617188 -0.4102323055
11.9831848145 -3.5241088867 3.4280319214 0.2681847811
12.0959777832 -3.5292205811 3.7379302979 0.0331243277
12.9983062744 -3.9893264771 4.1795272827 0.5202014446
12.4061431885 -3.1355667114 3.1956100464 -0.5152947903
12.2839508057 -3.6007919312 3.3505630493 0.6036528945
12.9607086182 -4.0302276611 3.8618850708 0.1820734739
12.6411285400 -2.9617538452 4.1872711182 0.3222121000
12.4437408447 -3.8410720825 3.7921600342 0.6704805493
13.2238769531 -3.5598907471 4.3964538574 0.5571063161
13.0359039307 -3.0639953613 3.7301788330 0.9253233671
13.7690429688 -3.3963012695 4.1175460815 -0.1671924591
12.7821197510 -3.9944381714 3.8463897705 0.2793226242
13.1956787109 -4.0251159668 3.9780960083 0.1794136763
13.8442382812 -4.3574142456 3.8153991699 0.5763899088
13.2332763672 -4.7766265869 3.6062240601 0.5037438869
13.4400634766 -4.6692657471 3.8773803711 0.9298117757
12.7163238525 -4.8277435303 4.0788116455 0.8711297512
12.2087707520 -4.5363464355 4.3189773560 0.4392435551
11.6824035645 -4.4698867798 3.3195724487 0.9253233671
10.0563354492 -3.7950592041 3.7146835327 0.8274092078
10.3477172852 -5.4770126343 4.0323257446 0.2228018045
10.1785278320 -4.9146575928 3.9548568726 0.6696493626
9.5017852783 -5.2367324829 3.4512786865 -0.0159158707
10.0845336914 -5.0731353760 4.2182617188 -0.1688548326
9.9059448242 -4.2756195068 4.4816741943 1.2464950085
8.6840515137 -4.8788681030 3.7224349976 0.0002092123
9.2855987549 -3.7592697144 3.6681976318 0.2166509628
9.7837524414 -3.8103942871 4.6598663330 0.0550676584
8.5430603027 -3.2327041626 4.6211242676 0.4084895849
9.2761993408 -4.0557861328 3.5752334595 0.6244326830
9.5299835205 -4.4903335571 3.6681976318 0.7231780291
9.0788116455 -3.6007919312 3.9316101074 0.9339677095
8.3456726074 -3.6928100586 4.1485366821 1.3896259069
9.5393829346 -4.2244949341 3.7844085693 0.7649037242
9.0600128174 -3.5292205811 3.9238662720 0.4020062685
8.9754180908 -4.8021850586 3.6217193604 0.3040921688
8.5618591309 -3.7081451416 3.2343521118 0.2984400988
9.0976104736 -4.6436996460 3.2963256836 0.6970786452
9.1822052002 -4.0302276611 3.0871505737 1.3186423779
9.5769805908 -3.4934310913 3.9083709717 0.3722497225
9.8495483398 -3.9382019043 4.4816741943 0.1494908333
9.6333770752 -4.0097732544 3.4512786865 1.0839143991
9.8871459961 -3.4116363525 2.6532974243 0.3710860014
11.3440399170 -4.6488113403 3.8696289062 -0.2044297457
10.0563354492 -3.3707351685 2.9399490356 0.1230590343
10.3759155273 -4.2244949341 3.4512786865 -0.1716809273
9.8213500977 -3.0486602783 3.8231506348 0.2763303518
10.1221313477 -3.9586486816 3.7146835327 0.3617767096
9.8777465820 -3.7234878540 3.4822616577 0.1283786297
11.4944152832 -3.7285995483 3.2653350830 0.8536747694
10.6860809326 -3.3451766968 2.8624725342 -0.2799017429
11.6448059082 -2.8186035156 3.5752334595 0.0017052889
11.4192199707 -3.2736053467 3.2111053467 -0.0529869795
11.2782440186 -2.7214736938 3.1723709106 0.4465579987
10.8646697998 -2.5834426880 4.0323257446 0.1149133444
11.4756164551 -3.4627609253 2.1884536743 0.0540702343
11.5226135254 -2.9004058838 3.1336364746 0.3187210560
11.0244598389 -3.0077590942 2.7695083618 0.1617923975
10.2443237305 -3.3554000854 3.0716552734 0.9389548898
9.8965454102 -3.6672515869 2.8082427979 0.2033519745
10.3853149414 -4.1631469727 3.3273162842 0.0695303679
10.4699096680 -3.9177551270 3.2343521118 0.2956140041
10.0563354492 -3.9024200439 2.7462692261 -0.9164268970
9.8589477539 -3.2173690796 3.8076553345 0.7053905725
9.8871459961 -2.7674865723 4.2570037842 0.7988162637
9.8965454102 -2.9412994385 3.6372146606 -0.1444178820
8.9096221924 -2.9822006226 3.5442428589 0.3243731260
8.7404479980 -3.5138778687 3.5055084229 0.2269576788
7.5843353271 -3.3400650024 3.3428115845 0.2382619381
7.9697113037 -2.7368087769 3.6527099609 0.2931203842
8.0730895996 -3.5189895630 4.5901336670 0.6332432628
7.4621429443 -3.4065246582 4.9542617798 0.2693483829
7.7441253662 -3.5650024414 4.5746459961 0.3290277719
8.0166931152 -2.6141128540 4.0168304443 0.7489448786
7.4809417725 -2.9770889282 3.5984725952 0.4482204914
7.7347259521 -3.3093872070 3.9238662720 0.5807120800
7.6407318115 -2.5783309937 4.0013351440 0.2480698824
7.2459564209 -3.2889404297 4.6753616333 0.5876940489
7.9039154053 -2.9924240112 3.6372146606 0.2513947487
7.2741546631 -2.1233291626 3.7069396973 0.7625764012
7.0861816406 -2.4454040527 4.4274444580 0.1779174805
6.7854003906 -1.5200805664 4.5978851318 0.1868944168
6.2402496338 -1.9546279907 4.5359039307 0.4578622580
6.3530273438 -1.7245712280 3.5132522583 0.2277889252
6.0052642822 -1.4740676880 3.2498474121 -0.1736757755
6.1650543213 -1.7756958008 4.5436553955 -0.0541507006
6.5034179688 -1.9188385010 3.3970413208 0.1589664221
4.8397521973 -1.6581115723 3.6062240601 -0.0955438614
5.0559387207 -2.6294479370 3.5829772949 0.0467557907
5.0747375488 -2.6243362427 3.4977569580 -0.0747641325
5.4788970947 -2.7265853882 3.1258850098 -0.6717245579
5.3285217285 -2.3022613525 2.9786834717 0.8461940885
4.4073944092 -2.1744537354 3.5442428589 0.6854419708
4.7081604004 -1.8881683350 3.8463897705 0.1922140121
4.6611633301 -1.8983917236 3.3040771484 0.1265499592
5.3379211426 -2.2255783081 3.2498474121 -0.4762287140
5.4319000244 -2.4045104980 2.5448379517 0.4724911451
4.4355926514 -2.9412994385 3.5752334595 -0.0207368135
5.2533264160 -1.5814285278 4.1872711182 -0.3864603043
6.0616607666 -2.0773239136 3.5674819946 -0.2182275057
4.7363586426 -2.3840560913 4.6056289673 -0.0534857512
5.2157287598 -2.8492813110 3.4357833862 -0.0179108381
3.7306365967 -2.3789443970 3.2808303833 -0.1492387056
4.2100067139 -2.3124847412 3.9316101074 -0.2797355652
5.2345275879 -2.0006332397 3.4512786865 0.6028217077
4.3415985107 -2.5374298096 3.3118209839 -0.3126506805
4.9713439941 -2.3278274536 3.9083709717 -0.1178197861
5.0089416504 -2.0466461182 3.4512786865 -0.0812474489
3.9280242920 -2.2460250854 3.7534255981 0.5697403550
4.5483856201 -2.4147338867 3.2963256836 0.5459683537
4.0596160889 -3.2582626343 2.6223068237 0.5419785976
5.0653381348 -1.2644653320 3.7611694336 0.3903696537
4.4919891357 -2.5476531982 3.6372146606 -0.4162169695
5.1875305176 -2.7572555542 3.0329208374 0.3468152285
4.4355926514 -2.7521438599 2.8159942627 0.9517551661
4.5201873779 -2.2767028809 3.9626007080 -0.2208873034
3.9562225342 -2.7470321655 3.7069396973 0.0598886013
4.5577850342 -2.6294479370 3.3815460205 -0.0564780235
3.5896606445 -2.2767028809 4.1098022461 0.9163464904
4.4825897217 -2.0466461182 3.0484161377 -0.4697456360
4.7363586426 -2.0364227295 4.2647476196 -0.6873509884
4.4073944092 -2.3891754150 3.4822616577 -0.0099313259
3.9186248779 -2.2102432251 3.1801147461 0.7554281950
3.8998260498 -2.5118637085 3.2343521118 -0.1001985073
5.0465393066 -2.5578765869 3.0716552734 -0.0335371494
5.6292877197 -1.8881683350 3.6604537964 -0.3181365728
4.2382049561 -2.6038894653 3.9161148071 0.3065856695
4.8867492676 -2.6141128540 3.7146835327 -0.5101413727
4.4731903076 -2.4863052368 3.9238662720 0.7050580382
4.6705627441 -2.1897888184 3.1181411743 -0.3482255936
4.7175598145 -2.3175964355 3.7069396973 0.7570905685
3.8716278076 -2.0568695068 3.6372146606 0.6132947206
4.7457580566 -2.7061386108 3.1026458740 -0.5867769718
5.0559387207 -2.4760818481 3.6681976318 0.7521033883
4.2476043701 -1.8268203735 3.1258850098 0.2588753700
4.6047668457 -2.3073730469 3.1801147461 0.3626078367
5.3003234863 -2.2920379639 3.6836929321 -0.6725559235
4.0690155029 -2.5783309937 4.3189773560 0.6957487464
4.2476043701 -1.8217010498 3.7921600342 0.5218638182
4.7645568848 -2.4300689697 2.9244537354 -1.0678696632
4.8209533691 -2.3738327026 3.6914443970 0.3275316954
4.1912078857 -2.3431625366 3.0561599731 0.5842030644
4.2100067139 -2.1949005127 3.7766647339 0.1401815414
3.2888793945 -1.9086151123 3.8696289062 0.9507577419
4.8867492676 -3.0231018066 3.9238662720 0.7722182274
4.6423645020 -1.8983917236 4.0710601807 0.3817253113
5.5258941650 -2.9310760498 3.6914443970 0.7446227074
4.8961486816 -2.0926589966 3.6294631958 0.8483551741
4.1724090576 -1.7092361450 3.3738021851 -0.4506281614
3.5614624023 -2.5220947266 3.2575912476 -0.1259654760
4.6893615723 -2.9464111328 2.8547286987 -0.0002895594
4.2006072998 -2.3329391479 2.8934631348 0.3572882414
4.5201873779 -2.0670928955 3.3118209839 -0.2572934628
3.6084594727 -2.7470321655 4.0400772095 1.0500018597
4.6987609863 -2.8748397827 3.6139678955 -0.4285185337
4.4261932373 -1.8319320679 4.4506835938 0.3195523024
4.9619445801 -2.5220947266 3.5752334595 -0.4414850473
4.1912078857 -2.1079940796 3.3970413208 0.4513789415
4.0878143311 -1.6274337769 4.3577194214 0.6201104522
4.8679504395 -2.0210876465 3.5597381592 0.0186616182
4.9149475098 -3.2020263672 3.0716552734 -0.1896345615
4.4261932373 -2.2306900024 3.0484161377 -0.1319500208
4.7175598145 -3.0231018066 3.3040771484 0.1006169319
4.9525451660 -1.9392852783 3.8541412354 0.1770863533
4.8961486816 -2.9310760498 4.1407928467 0.6821172237
4.6611633301 -1.9597396851 4.1252975464 0.4163028002
3.8716278076 -2.3124847412 3.5597381592 -0.2205548286
4.9713439941 -2.3175964355 3.7224349976 -0.4522905350
3.8152313232 -3.0793304443 3.7224349976 0.0354516506
5.0183410645 -2.3022613525 4.0168304443 -0.1557220221
4.8585510254 -1.6274337769 3.6372146606 -0.4775586128
4.4449920654 -2.6601257324 3.8928756714 -0.3575348854
4.2664031982 -1.9852981567 3.8308944702 0.2385944128
4.8397521973 -2.2715911865 3.5984725952 0.2495660782
4.4825897217 -2.5169830322 3.7069396973 -0.0704419613
4.7457580566 -2.8288345337 3.3195724487 -0.3957695961
4.6423645020 -1.8779373169 3.5829772949 0.2954477072
4.6517639160 -2.4096221924 3.7689132690 -0.4561140537
4.5295867920 -1.7961425781 3.4202880859 -0.1342773438
4.4825897217 -2.4607467651 3.0174255371 0.5391526222
4.1254119873 -2.4556350708 4.5668945312 -1.1320376396
4.9901428223 -3.4371948242 2.6300582886 0.3916995525
4.9713439941 -2.4505157471 3.5752334595 0.0037001371
4.6423645020 -2.4045104980 3.3118209839 0.7195207477
4.6987609863 -2.5987777710 3.9703445435 0.2021882534
5.3191223145 -2.8697280884 2.6223068237 0.1832371950
4.3040008545 -2.5987777710 3.4900131226 0.3930294514
4.4261932373 -1.7705841064 3.0251693726 0.1004506350
4.9149475098 -0.7123336792 3.1568756104 -0.0440101624
3.9656219482 -2.4402923584 3.7999038696 -0.6519422531
5.1405334473 -2.4402923584 3.4822616577 0.2929542065
4.8773498535 -2.1488952637 2.9322052002 0.2038506269
4.6799621582 -2.6907958984 3.2963256836 0.5198689699
4.6235656738 -2.4965286255 3.2498474121 0.6224378347
5.1593322754 -1.7041244507 2.6532974243 -0.0667847395
4.5389862061 -2.5067520142 3.8231506348 -0.4685819149
4.5201873779 -1.5711975098 3.9548568726 0.3542959690
4.3134002686 -2.2204666138 2.9322052002 0.5627583861
4.8491516113 -2.8646163940 3.1568756104 0.3798966408
5.4976959229 -1.7501296997 3.6372146606 0.4566985369
4.5953674316 -1.7756958008 3.8696289062 0.7717195153
5.0653381348 -3.3196105957 3.6449584961 0.4744859934
5.6292877197 -2.7265853882 4.0168304443 0.4405734539
4.8961486816 -2.0875473022 3.5597381592 0.8089568019
4.8209533691 -2.8799514771 3.3350677490 0.1544779539
4.4073944092 -1.7705841064 2.9941787720 0.1318695545
4.9807434082 -3.2224807739 3.3892974854 0.0138406754
4.9149475098 -3.0742187500 4.1098022461 0.1242226362
4.7457580566 -1.9699630737 3.4047927856 -0.0661197901
5.0089416504 -1.4894027710 3.6217193604 -0.4045802355
4.2852020264 -2.0722045898 3.0251693726 -0.2277030945
5.1123352051 -1.7961425781 3.8076553345 0.2070091963
5.2345275879 -2.3942871094 3.3970413208 -0.0330383778
4.8961486816 -2.7316970825 3.4125366211 0.7276664376
4.9431457520 -2.2306900024 3.5674819946 -0.1371034384
4.0972137451 -2.1693420410 3.3505630493 0.6182818413
5.2251281738 -2.3840560913 3.6449584961 -0.3591972589
5.1781311035 -2.1386718750 3.1801147461 -0.1583818197
4.6423645020 -2.3380508423 3.3273162842 0.2279551029
4.7457580566 -2.2153549194 3.2420959473 0.6274249554
5.4131164551 -2.4658584595 4.3344726562 0.1621248722
5.1499328613 -2.5732116699 3.7689132690 0.1689406633
4.6329650879 -2.4811935425 3.5132522583 -0.6004085541
4.9337463379 -1.8370437622 3.0096740723 0.5245236158
4.9713439941 -2.3891754150 3.5287475586 -0.1035233736
3.7400360107 -2.3022613525 3.8773803711 0.3418281078
5.4225006104 -2.6447906494 3.9780960083 0.2761641741
4.4919891357 -2.3431625366 3.9238662720 0.0535715818
5.0183410645 -2.1744537354 3.5752334595 0.0628808737
4.9901428223 -2.4914169312 3.9238662720 -0.5630049706
4.6611633301 -1.7552413940 3.3815460205 -0.3412436247
4.4919891357 -1.7194595337 3.8308944702 0.1947075129
4.8209533691 -2.2664794922 4.0090866089 0.1483271122
5.2909240723 -1.9955215454 2.8314895630 0.2590416670
5.6010894775 -2.6907958984 3.8773803711 0.1714342833
5.2721252441 -2.7163619995 3.1026458740 -0.2709249258
4.2100067139 -2.4454040527 3.5519943237 -0.0687795877
4.3979949951 -2.2869262695 3.1646194458 0.0183291435
4.8397521973 -1.6734466553 3.2808303833 0.1682757139
5.2533264160 -2.2818145752 3.4822616577 -0.8308143616
4.3321990967 -1.7552413940 3.4512786865 0.4946007729
4.6705627441 -2.4454040527 3.5210037231 0.2337734699
5.1969299316 -2.4351806641 4.6133804321 -0.2818965912
5.0371398926 -1.2184524536 3.3815460205 -0.0275526047
5.3191223145 -2.2971496582 4.2260131836 0.3632727861
4.8209533691 -2.0415344238 3.0793991089 0.2887982130
4.7927551270 -2.0210876465 4.0400772095 -0.3713326454
4.9431457520 -1.7143478394 3.3970413208 -0.4273548126
5.0277404785 -2.5936660767 3.7456741333 -0.0415165424
4.6611633301 -1.9597396851 4.3267288208 -0.2263731956
4.8585510254 -2.2409133911 2.4983520508 0.3870449066
4.7457580566 -1.9443969727 3.8618850708 -0.6346535683
5.1593322754 -2.7419204712 3.1336364746 -0.1189835072
5.0935363770 -2.1693420410 4.3964538574 0.3830552101
4.8961486816 -2.3482742310 3.5442428589 0.2332748175
4.5201873779 -2.2102432251 2.8392333984 0.2013571262
4.6705627441 -1.7859191895 4.2647476196 -0.2571271658
5.1593322754 -2.0261993408 3.2963256836 0.0914738178
4.8021545410 -3.2531509399 3.4357833862 0.3321863413
5.2439270020 -2.8646163940 3.5752334595 -0.5244379044
4.4073944092 -2.2715911865 3.2575912476 -0.0817461014
5.8830718994 -2.8492813110 3.7689132690 -0.0087677240
5.1029357910 -1.5967636108 3.0251693726 0.7243416905
5.3097229004 -1.6376647949 3.4357833862 0.4626830816
4.6047668457 -2.3227081299 2.9786834717 0.1145808697
4.3603973389 -2.1744537354 3.6294631958 0.6889330149
5.0935363770 -1.7092361450 3.8773803711 -0.0574754477
4.9901428223 -2.1437835693 3.7456741333 0.2508959770
4.8961486816 -2.6907958984 3.2420959473 0.0537377596
5.4694976807 -2.7521438599 4.0943069458 -0.1331136227
4.4449920654 -2.1284408569 4.1020507812 -0.6541035175
4.8961486816 -2.8492813110 3.5287475586 0.4342564344
4.6141662598 -1.9137268066 3.4590225220 -0.6996526718
5.6386871338 -2.5220947266 2.9167098999 0.1917152405
4.9995422363 -1.6325454712 4.0323257446 -0.2792367935
4.9619445801 -1.8779373169 3.3350677490 0.1250538826
5.6668853760 -2.1028823853 3.9471054077 -0.1304538250
5.4788970947 -1.7501296997 3.1568756104 -0.1251342297
4.4449920654 -1.9546279907 3.5132522583 -0.3188015223
5.0089416504 -2.3840560913 3.1568756104 0.4734885693
5.0465393066 -2.0517578125 4.0400772095 0.4793069363
4.6047668457 -3.0282135010 3.5519943237 0.9991329908
5.2251281738 -2.2204666138 3.1026458740 0.3674287796
4.9807434082 -1.9546279907 3.7766647339 -0.2395060062
4.6987609863 -2.5169830322 3.1801147461 -0.0579741001
6.3436279297 -2.2051315308 3.6681976318 0.0439296961
5.6668853760 -1.7194595337 3.4357833862 0.0946322680
5.4506988525 -2.4914169312 4.1950225830 -0.0298799276
4.5671691895 -1.3002471924 4.2027664185 -0.2040972710
5.1217346191 -1.9699630737 3.5597381592 0.2437477112
4.3227996826 -2.2767028809 3.0406646729 0.2046818733
4.4825897217 -2.0619812012 3.5907287598 -0.6431317329
5.9864654541 -1.8830490112 3.3195724487 0.0402724743
5.2815246582 -2.3227081299 4.0710601807 0.2000272274
5.4037170410 -1.5660858154 3.5752334595 -0.0621300936
4.7645568848 -2.3687210083 3.3583068848 0.2367657423
4.6141662598 -2.9924240112 3.4822616577 -0.4843745232
5.3097229004 -2.2051315308 4.2260131836 0.1413451433
4.8773498535 -1.8728256226 4.1175460815 0.6915928125
5.4976959229 -2.1079940796 4.2415084839 0.4608545303
4.8021545410 -2.2971496582 3.6139678955 0.1257188320
4.9431457520 -1.7756958008 3.7534255981 0.1401815414
5.2345275879 -2.4965286255 4.0013351440 0.2394255400
5.2533264160 -2.3942871094 2.8392333984 -0.3801432848
4.6141662598 -1.9801864624 4.0633163452 -0.5073153973
5.5728912354 -1.9597396851 4.5901336670 -0.0878969431
5.9018707275 -2.0926589966 3.8773803711 -0.4454747438
5.6480865479 -3.0997848511 3.4202880859 0.3754081726
5.5446929932 -1.9086151123 3.1801147461 -0.0750966072
5.5352935791 -1.3973846436 3.0251693726 -0.1008635759
6.4282226562 -1.6069869995 3.4977569580 -0.3442358971
5.6574859619 -3.0639953613 3.9006195068 -0.3241211176
5.7232818604 -2.2409133911 3.2885818481 -0.1430879831
4.9431457520 -1.8165893555 3.2808303833 -0.5172896385
6.6914062500 -1.7194595337 3.8928756714 0.0110145807
6.2590484619 -1.7501296997 3.3583068848 0.6322458386
5.4319000244 -2.5323181152 4.4971694946 0.4344227314
5.7138824463 -1.8370437622 3.8386459351 -0.3400799036
6.7384033203 -1.1622161865 3.5287475586 -0.0202381611
6.6538085938 -1.6172103882 3.8928756714 -0.2498127222
6.2590484619 -1.8574905396 3.6836929321 -0.3332642317
6.5128173828 -2.4965286255 3.1413803101 1.0978783369
7.1613616943 -2.6550140381 4.1175460815 0.5597661138
6.0146636963 -3.2991638184 4.1640319824 0.3212146759
6.6538085938 -2.6805725098 3.2575912476 0.5193703175
6.5316162109 -3.5138778687 3.8308944702 -0.1472438574
7.2271575928 -2.5374298096 4.0478210449 -0.2182275057
7.6407318115 -3.3144989014 4.2570037842 1.2523133755
7.4527435303 -4.5261230469 4.1640319824 -0.2192249298
8.4960632324 -3.5956802368 4.4816741943 0.1385191679
8.5242614746 -4.6743774414 5.5585556030 0.7697246075
9.4735870361 -4.0660095215 4.8845367432 0.0394413471
9.7649536133 -4.7817382812 5.0937118530 -0.0646235943
11.5226135254 -5.9115600586 5.5585556030 0.2969439030
13.0359039307 -7.1538467407 6.7593994141 0.6277574301
14.5773773193 -7.9309234619 7.9137496948 0.9338014722
16.5606079102 -10.5586547852 8.9209060669 0.8134452105
18.8916320801 -12.1588058472 9.6724014282 0.0765123367
22.0309753418 -14.7967605591 11.9268875122 0.2048480511
25.1139221191 -17.4398269653 13.2826690674 0.2871358395
29.5315780640 -20.5839004517 16.8232116699 -0.0674496889
34.4567794800 -24.4232482910 19.5657806396 0.9698750973
40.5568923950 -28.4722023010 23.4704513550 0.5150481462
48.1608810425 -33.9474906921 28.2350692749 1.3483989239
56.3946228027 -40.4810295105 33.4258041382 0.1159107685
66.5270080566 -48.8396644592 40.7702941895 1.2877221107
79.0656051636 -56.7535324097 47.5879745483 1.7319098711
93.6438369751 -66.4720382690 57.9539337158 1.1989510059
106.5395965576 -77.0443115234 66.9951019287 1.9407048225
122.9130859375 -88.5470199585 78.3527297974 1.5999169350
137.6511077881 -98.5109176636 89.0053482056 1.8978153467
151.1766204834 -106.0720367432 98.6663055420 1.5242786407
163.9877929688 -114.0114593506 108.6371536255 1.7972414494
172.0241546631 -118.8886108398 116.2450561523 2.3330264091
179.3555603027 -123.9702453613 122.3344802856 2.3529748917
186.4237976074 -125.8106842041 127.9513168335 1.6511182785
191.6215820312 -128.7451477051 133.6921081543 1.6566040516
197.7968902588 -130.4117736816 139.3554229736 1.8888385296
204.1413726807 -133.8983612061 145.0807189941 1.4433207512
209.5553436279 -135.5700988770 151.3096008301 1.6296736002
218.0240631104 -137.3542938232 159.2196502686 2.1140909195
225.4588623047 -141.8326721191 167.1452026367 1.7116289139
235.0554962158 -144.4910888672 175.8067474365 2.1553180218
244.9623107910 -148.9490203857 184.8091735840 2.5878691673
254.8879089355 -152.2055664062 195.0279388428 2.1732716560
266.5711669922 -155.3138427734 206.4475402832 2.8621616364
278.9593811035 -160.3750457764 216.7437744141 4.2673711777
288.4714355469 -163.6418151855 227.2569427490 2.9150252342
298.4346313477 -165.5998229980 237.7003784180 3.1012120247
305.6062622070 -165.4566955566 246.7028198242 2.9439506531
310.4656372070 -164.4444580078 252.3661346436 3.6193754673
