315.726 -163.45 259.684 3.45869
312.648 -157.553 258.257 3.7488
303.722 -148.574 253.115 2.70194
290.929 -138.468 244.011 3.00352
277.3 -128.542 235.203 3.61178
263.23 -117.837 224.815 2.52712
251.234 -107.479 215.744 1.91252
241.265 -99.0465 208.744 1.76182
231.777 -93.0391 202.853 2.15713
225.179 -86.5898 198.397 2.16192
218.128 -80.1194 192.211 2.18057
209.253 -72.6653 184.773 1.99565
197.656 -66.0897 175.526 2.03346
186.757 -57.9412 167.036 2.43954
175.218 -51.0553 157.518 1.81793
163.081 -45.4634 146.453 1.51823
149.296 -38.73 135.061 0.491724
136.804 -31.4548 122.609 0.532435
121.452 -26.7624 108.165 1.29518
108.531 -21.2863 97.2511 0.669291
96.636 -16.0311 84.5282 0.241816
85.2141 -13.1536 74.8983 0.10087
76.218 -10.6496 65.7467 1.14944
68.136 -7.60382 58.2931 0.0984747
61.5852 -5.85208 51.7722 0.539805
55.8899 -3.74264 46.742 0.0682013
51.4993 -2.87992 41.9111 0.172373
46.2571 -0.854635 37.5267 0.616938
42.8157 0.118548 33.6843 0.0601599
39.6048 0.460482 30.8224 0.827677
36.1594 1.58622 27.9446 0.101557
33.7805 1.12856 24.2537 -0.736105
30.9876 2.35425 22.9303 0.804072
29.3313 2.14909 20.4272 0.232584
26.4485 2.52259 18.7213 0.159022
24.8157 2.91712 16.9117 -0.0806177
23.5305 3.61676 15.4209 -0.194372
21.7024 3.52207 13.6751 -0.260565
21.0735 3.45895 12.5591 0.0781195
17.9602 4.33744 10.7654 -0.054281
17.7766 3.31166 10.1516 -0.570532
16.2376 4.0639 9.6733 0.631312
16.2258 2.91186 7.39339 -0.154867
14.6008 3.92713 6.97884 0.807154
14.0618 3.56416 7.39339 0.03039
13.8469 2.97499 7.66442 -0.80863
14.1282 3.07493 6.00627 0.304423
12.4055 2.733 6.8752 0.00849366
12.843 3.57994 5.56783 0.41955
11.4407 3.04337 4.74675 0.14979
10.4719 3.04863 4.51558 -0.651953
10.0579 3.12228 4.48366 0.159205
10.2219 2.8803 3.69448 0.200083
9.71803 3.03285 4.03725 -0.000219108
9.55397 2.34373 3.62273 0.503199
8.45241 2.43315 4.0851 -0.552053
8.09303 2.39633 3.41545 -0.2031
7.77272 3.06967 4.07711 -0.176077
7.62038 2.79087 2.84948 0.0233862
8.21022 2.43315 2.37117 -0.0534265
7.39772 1.95445 1.96462 -0.490469
6.60475 2.76457 1.50225 0.172373
6.72194 1.7756 1.7892 0.0413458
5.61647 1.88606 2.73787 0.503535
6.26491 2.41211 2.13997 -0.137411
5.49147 2.17539 1.43846 -0.110891
5.42507 1.07595 1.70949 -0.0932825
4.85475 1.70195 1.67763 0.339152
5.33913 2.12279 1.64571 0.509867
4.67116 1.70195 1.27901 -0.307272
5.28835 1.58622 1.59789 0.395258
5.08522 1.83872 1.12758 -0.385778
4.45632 1.97023 1.27901 -0.50057
4.52663 1.32846 0.760883 0.00628114
4.79616 2.07544 0.800739 0.456843
4.84304 2.4542 1.12758 -0.759207
5.02663 1.53362 1.43846 0.124308
4.87429 1.97023 1.13552 -0.675039
4.74538 2.44367 0.904376 0.810755
4.71022 2.86978 1.15944 -0.316335
4.25319 2.73826 0.218769 0.00438905
4.65944 1.3495 0.728961 -0.295126
5.22194 1.42841 0.226764 0.389094
3.80007 1.84925 0.904376 -0.230291
4.3235 1.73352 0.234729 -0.321127
3.80788 2.46998 0.258624 -0.0671136
3.29616 0.728762 -0.522595 -0.20635
2.93679 0.89184 -0.0682188 -0.0643671
2.09694 1.58622 -0.474774 0.503535
3.59694 0.539385 -0.195752 -0.618765
1.97194 0.00808172 -0.33128 -0.175039
2.8821 0.939181 -0.219647 0.0907691
3.02663 0.0869849 -0.108075 0.254984
2.29225 -0.512708 -0.0602232 0.0110571
2.25319 -0.123434 0.0434145 -0.00484252
2.16335 -0.523229 0.194873 -0.577535
2.52272 1.08122 -0.227643 0.0314124
1.886 -0.249685 -0.34721 -0.302313
1.11257 0.202715 0.218769 -0.217809
2.05788 -1.06505 -0.410992 0.249857
2.16335 -0.63896 0.513751 0.158167
1.3821 0.402613 -0.155896 -0.121511
1.85475 -0.344373 0.162982 -0.162557
1.53444 0.423655 -0.163861 0.861033
1.55397 -0.123434 -0.0362974 -0.346777
1.47975 0.0869849 -0.0602232 -0.19454
1.44069 -0.717863 -0.307355 -0.547094
1.33132 0.113291 -0.0522581 -0.466863
1.34304 -1.22287 -0.251568 0.327173
0.956316 -0.107649 0.0114932 0.18606
0.636004 -0.339109 -1.01683 0.614374
1.1321 0.0291236 -0.259503 -0.19335
1.17897 -0.254942 0.154987 0.368906
1.08132 0.260584 -0.227643 0.416987
0.444598 0.565691 0.872455 -0.269125
1.5735 0.0606864 -0.363141 -0.49526
1.13991 -0.34963 -0.0124021 0.00182557
1.93288 0.286883 0.234729 -0.143911
-0.262434 -0.46536 0.234729 0.576914
0.538348 0.0291236 0.513751 -0.0474298
0.647723 -0.665258 -0.721905 0.186732
0.538348 0.160631 0.0673403 0.701273
1.08132 0.244799 0.394184 0.626688
0.917254 -0.307546 -0.0283628 -0.399297
0.616473 0.634074 -0.147931 -1.2585
0.221941 -0.486402 -0.0283628 -0.374838
0.0383476 -0.328588 0.346332 0.157313
0.57741 -0.512708 -0.53056 -0.26621
0.48366 -0.212858 -0.124005 -0.609869
0.538348 -0.496923 0.306476 -0.148535
-0.406965 1.51258 -0.53056 -0.543325
0.964129 0.276362 0.274585 0.701792
0.288348 -0.575834 0.234729 0.495157
0.45241 0.781367 -0.658124 -1.07616
0.413348 -0.749426 0.720996 0.672877
0.596941 -0.723127 -0.379101 -0.132971
0.300066 0.0817283 0.28255 0.774317
0.753191 0.307925 0.617389 1.10206
0.288348 -0.875677 -0.72984 -0.325399
0.471941 -0.239164 -0.275464 0.0834143
-0.446027 -0.591612 -0.482739 -0.284521
0.163348 0.00281744 -0.355206 0.584269
-0.543684 0.00808172 -0.108075 -0.434026
-0.184309 0.155375 0.832599 -0.186498
-0.254621 -0.944067 -0.044293 0.707773
-0.551496 0.155375 -0.705945 -0.0132196
1.27663 -0.728384 0.0832705 -0.347463
0.261004 -0.402235 0.577533 -0.856527
0.88991 -0.12869 -0.0602232 -0.0517175
-0.125715 0.0712073 -0.434918 0.558268
-0.0710274 -0.30229 0.0513796 -0.657766
0.530535 0.534128 0.426044 -0.467886
-0.457746 0.839236 -0.434918 -0.527075
0.124285 0.202715 0.808673 -0.0168207
0.471941 0.47626 0.274585 0.211207
-0.0202461 -0.702085 0.0194888 -0.0977228
0.425066 -0.339109 -0.275464 -0.403066
-0.0202461 -0.402235 -0.323285 -0.249624
0.464129 -0.00770349 0.0274539 0.130457
-0.184309 0.213236 -0.594342 0.141917
-0.0202461 -0.123434 -0.100079 0.0603278
-0.289777 0.360529 -0.339245 -0.304357
-0.0319649 -0.212858 0.0114932 0.612833
0.60866 0.276362 0.768817 -0.228582
-0.0710274 -0.0603082 0.505756 0.887217
0.811785 -0.0287454 0.776813 -0.801275
-0.774152 -0.517965 0.713031 -0.0305078
-0.938215 -0.102392 0.513751 0.601206
-0.492902 -0.154997 -0.163861 -0.317541
0.405535 -0.0655648 -0.211712 -0.646993
0.432879 0.260584 0.489826 0.643976
-0.000714869 0.0922492 0.0673403 1.05502
1.40163 0.123812 0.0114932 -0.76827
0.48366 -0.517965 0.489826 -0.17333
-0.504621 -0.423277 -0.235608 0.102061
-0.0593086 0.150111 0.4659 -0.574285
-0.164777 -0.223379 1.00002 0.0979559
0.280535 -0.423277 -0.13197 -0.412817
-0.106184 0.160631 0.872455 0.565119
0.694598 0.318446 0.473895 -0.192831
-0.504621 1.04965 -0.626233 -0.856191
0.307879 -0.144476 0.0752749 0.414408
-0.000714869 0.065943 -0.522595 0.163477
0.0383476 0.397356 -0.426922 0.117289
0.386004 -0.481146 -0.0522581 -0.049154
0.928973 -0.723127 0.29848 0.055033
0.300066 -0.0182244 0.306476 0.396113
-0.438215 0.123812 0.0114932 0.429987
-0.145246 0.649859 0.290546 -0.199499
0.714129 0.481524 -1.04075 1.01089
-0.551496 -0.733648 -0.235608 -0.0151117
0.182879 0.481524 -0.323285 0.264735
0.538348 0.497301 0.760883 -0.197454
0.221941 -0.107649 0.322406 0.0822241
0.405535 -1.05453 -0.13197 -0.293066
-0.242902 -0.486402 -0.602307 0.317255
0.569598 -0.0182244 0.0513796 0.204523
0.870379 -0.112913 0.386188 0.341715
0.300066 0.181673 0.457935 -0.0566766
-0.504621 0.544649 -0.163861 0.239252
0.0852226 -0.307546 0.314441 0.144999
-0.289777 0.43944 -0.634198 0.0148261
0.425066 -0.223379 -0.482739 -0.391943
0.319598 -0.212858 -0.426922 -0.0862634
0.0969414 -0.660001 -0.578412 0.531412
0.538348 -0.702085 0.202838 -1.01716
0.280535 0.0396445 -0.187787 0.446573
0.124285 -0.139211 0.0354189 0.265772
0.124285 0.628817 -0.682049 0.0745184
0.0383476 -0.00770349 -0.0602232 0.0654547
-0.223371 0.418398 0.242694 -0.0520532
0.143816 -0.428541 -0.4987 -0.486364
0.0774101 0.0186027 -0.179791 0.0748694
0.210223 0.539385 -0.31532 0.501658
-0.184309 0.497301 0.139057 0.56341
-0.602277 0.434176 -0.0841489 0.099848
-0.649152 -0.091871 0.0752749 0.244211
-0.543684 0.00808172 0.242694 -0.329168
0.471941 0.360529 -0.139935 0.386194
0.714129 -0.539007 0.0593447 -0.64887
-0.0319649 0.502566 0.346332 -0.0257165
0.182879 0.47626 -0.092114 0.15954
0.0383476 0.260584 -0.0283628 0.482661
0.0578789 -0.34963 -0.538556 0.22317
-0.242902 0.186938 0.0114932 0.294169
-0.23509 0.0501655 0.154987 -0.182745
-0.399152 -0.176038 -0.187787 -0.33019
-0.348371 -0.339109 -0.147931 -0.761587
-0.0397774 -0.270727 -0.275464 0.0261176
0.0578789 0.13959 0.410114 0.175272
-0.551496 0.765589 0.505756 -0.239538
-0.379621 0.807673 0.585468 0.0976202
-0.602277 0.423655 -0.275464 -0.344396
-0.348371 0.271105 -0.339245 0.0233862
0.300066 -0.275984 -0.299389 0.743525
-0.117902 0.171152 0.154987 0.371821
-0.32884 0.229021 -0.0124021 -0.0395715
-0.832746 0.334231 -0.761761 -0.204809
-0.571027 -0.112913 -1.03279 -0.119619
-0.61009 0.302668 -0.682049 0.641062
-0.301496 -0.901983 -0.235608 0.506617
0.17116 -0.328588 0.162982 0.0223486
-0.242902 -0.428541 -0.147931 -0.506384
-0.184309 -0.539007 0.641284 0.467097
0.143816 -0.791509 -0.124005 -0.19129
-0.223371 0.10277 -0.33128 0.204355
-0.504621 -0.502187 -0.745801 0.323237
-0.0397774 0.318446 0.154987 -0.214224
-0.571027 -0.581091 0.147052 -0.120641
-0.145246 -0.654737 -0.275464 0.126017
0.17116 0.32371 0.26662 -0.675039
0.354754 0.944445 -0.976971 0.463846
-0.551496 0.644594 -0.442853 -0.204809
-0.125715 -0.102392 0.322406 0.0584509
-0.465559 -0.133955 0.194873 -0.128347
-0.0866524 0.549906 -0.291424 0.133021
0.636004 0.386835 -0.31532 0.647394
0.0969414 -0.091871 0.194873 0.529703
0.655535 -0.475881 -0.363141 0.770716
-0.0866524 -0.281248 0.657245 0.345988
-0.563215 0.150111 -0.163861 0.111475
-0.492902 0.229021 -0.0283628 0.225733
0.0852226 -0.133955 0.226764 0.34907
0.444598 -0.270727 0.418079 0.26713
-0.184309 0.076464 0.00355859 0.595392
0.819598 -0.286504 0.170948 0.0943701
-0.215559 -0.112913 0.362262 -0.0811365
-0.145246 -0.828336 0.0992007 -0.447881
-0.543684 -0.375936 0.338336 -0.00398803
0.0461601 0.444697 -0.458813 0.234461
-0.379621 -0.0866067 0.131092 -0.0376794
0.503191 0.250063 0.00355859 -0.274603
-0.309309 -0.0866067 0.370258 -0.677099
0.471941 -0.318067 0.832599 -0.47405
-0.457746 -0.523229 0.521717 -0.132116
-0.223371 0.271105 -0.307355 -0.312063
-0.0202461 -0.144476 -0.418957 -0.213186
-0.426496 0.286883 0.218769 0.274485
-0.309309 -0.444318 -0.00443702 0.175959
0.503191 0.0501655 0.649249 -0.770834
0.405535 0.0869849 -0.267499 0.313318
-0.274152 0.0817283 0.0194888 -0.376211
0.116473 -0.00243921 -0.849438 -0.184454
0.780535 -0.396978 0.0274539 -0.381857
0.221941 0.0975059 0.362262 0.230021
-0.563215 -0.412756 -0.044293 -0.20104
-0.223371 0.0975059 -0.0761533 -0.251501
0.60866 -0.0392663 -0.410992 -0.52828
-0.602277 0.549906 -0.139935 0.335215
0.0656914 -0.312811 -0.387066 -0.17008
0.17116 -0.102392 -0.602307 0.0897467
-0.73509 -1.42803 0.43404 -0.288793
0.753191 -0.0971276 0.0992007 -0.266042
-0.367902 0.460482 0.386188 0.345301
-0.0397774 0.539385 -0.0124021 -1.04555
-0.418684 0.47626 0.123126 -0.0866144
0.831316 -0.044523 -0.139935 -0.223455
0.761004 0.43944 0.0274539 -0.703604
0.163348 0.223757 0.147052 0.264567
-0.156965 0.197459 0.0513796 -0.650411
-0.0593086 0.728762 0.274585 0.0398047
-0.89134 -0.502187 0.697101 -0.468572
-0.426496 -0.328588 -0.0761533 0.206919
0.0461601 0.318446 -0.379101 -0.118078
-1.01634 0.239542 0.426044 0.4322
0.628191 0.0501655 -0.179791 -0.100805
0.241473 -0.107649 -0.482739 -0.493887
0.0578789 -0.502187 -0.0522581 -0.0665948
0.0383476 0.634074 -0.31532 -0.249288
0.870379 0.497301 1.11162 -0.38886
-0.0788399 -0.0497872 -0.562451 -0.251501
0.386004 0.313189 -0.387066 0.515681
0.569598 0.186938 0.0354189 0.371989
1.06179 0.460482 -0.227643 0.166727
-0.164777 -0.249685 0.210803 0.389445
0.393816 0.076464 0.673175 -0.444113
0.116473 -0.0866067 0.354297 -1.19829
-0.406965 0.407877 -0.737835 -0.141683
0.319598 0.292147 -0.283429 -0.0624902
1.17897 -0.444318 0.306476 -0.762457
-0.387434 -0.323332 0.378223 -0.210455
0.182879 0.0712073 -0.0124021 0.488306
-0.0397774 -0.08135 -0.34721 -0.966863
-0.379621 0.0291236 -0.33128 -0.00176025
0.522723 -1.04401 -0.124005 -0.268438
0.300066 0.134333 0.194873 0.512263
0.675066 -0.0392663 0.0673403 0.0880377
0.405535 0.160631 -0.34721 0.0353491
-0.0202461 0.0975059 0.0434145 -0.405111
-0.0514961 -0.212858 -0.418957 0.211878
0.0774101 0.2185 -0.251568 0.594019
0.686785 -0.254942 0.186908 0.580515
0.300066 0.855013 0.354297 -0.373129
-0.262434 -0.507444 0.649249 0.536555
0.182879 -0.454839 0.242694 -0.120138
0.143816 -0.0603082 -0.554486 -0.352422
0.522723 0.471003 0.0673403 -0.305898
-0.184309 0.318446 0.0194888 0.343088
0.831316 -0.11817 -0.267499 -0.297857
0.280535 0.376314 0.314441 -0.0754907
0.268816 0.639338 -0.0283628 -0.322149
1.22585 0.428919 0.992023 -1.04024
0.288348 -0.00770349 0.720996 -0.157766
0.335223 -0.176038 0.0832705 -0.29804
-0.0202461 0.502566 0.513751 0.217356
-0.0202461 0.318446 0.457935 -0.161871
1.14772 0.32371 0.617389 0.314524
0.550066 -0.360151 -0.323285 0.280298
0.667254 0.307925 0.0673403 -0.0366571
0.00709763 0.618296 -0.0203672 0.27244
0.706316 -0.644216 0.306476 -0.983282
0.819598 0.644594 -0.594342 0.0225317
0.88991 0.0186027 -0.235608 0.429468
0.182879 0.123812 -0.490704 0.0574133
1.09304 0.802409 -0.243573 -0.529638
0.151629 0.108027 0.322406 0.107706
-0.379621 0.839236 -0.51463 -0.461385
0.628191 0.581469 0.131092 -0.126287
0.346941 0.365794 0.115131 0.553309
0.706316 -0.323332 -0.0362974 0.0770972
-0.223371 -0.091871 0.426044 -0.934362
-0.629621 0.265841 -0.626233 0.41424
0.589129 -0.0182244 0.131092 -0.558889
-1.04759 -0.218122 -0.753766 -0.171102
0.20241 -0.228643 -0.371136 0.0625556
-0.196027 0.171152 -0.602307 0.698023
0.444598 -0.423277 -0.0682188 0.328196
0.124285 0.318446 -0.578412 -0.0833642
-0.215559 1.24955 0.633319 -0.30744
0.0578789 0.202715 -0.211712 -0.470632
-0.793684 0.949702 0.609394 0.567332
-0.465559 0.99705 0.26662 -0.176412
0.425066 -0.865156 -0.881329 0.264567
0.706316 0.0396445 0.585468 -0.0269067
0.229754 0.150111 -0.379101 -0.463613
-0.426496 -0.12869 -0.490704 1.0061
-0.340559 0.339487 0.25069 -0.0794275
0.280535 0.265841 -0.458813 -0.402715
0.366473 0.10277 -0.251568 -0.317709
-0.0514961 0.37105 -0.634198 0.173914
-0.184309 0.739283 0.242694 -0.197286
0.569598 0.155375 -0.179791 0.30459
0.60866 0.628817 -0.355206 0.636439
0.354754 -1.04401 0.29848 -0.316503
-0.0593086 0.150111 0.29848 0.917322
0.725848 -0.391714 -0.235608 -0.157766
0.780535 0.576212 -0.817547 0.161082
-0.20384 0.739283 -0.0682188 -0.716436
0.374285 0.549906 -0.0124021 0.765253
-0.184309 0.365794 -0.379101 -0.216604
-0.106184 0.150111 0.513751 0.678187
-0.321027 -0.318067 -0.13197 0.163126
-0.340559 -0.307546 -0.195752 0.167917
0.261004 0.339487 0.139057 0.408945
0.280535 -0.160253 0.0434145 0.340342
-0.340559 0.413134 -0.51463 0.472742
-0.281965 -1.04928 -0.363141 -0.28948
-0.406965 -0.034002 -0.203717 0.418696
-0.754621 -0.491666 0.0832705 -0.135534
-0.76634 0.281626 0.537647 0.611124
0.714129 -0.354894 0.274585 0.132349
0.241473 -0.133955 -0.387066 0.852823
0.346941 -0.12869 0.242694 0.25413
-0.824934 0.565691 -0.602307 0.223337
0.831316 -0.34963 -0.387066 -0.499532
-0.367902 0.449961 -0.291424 0.106684
0.20241 -0.176038 0.529682 0.352152
0.0578789 0.160631 -0.124005 0.829737
0.45241 0.576212 0.107196 -0.286062
0.0852226 1.11804 -0.299389 -0.145788
0.471941 0.13959 -0.179791 0.421259
-0.399152 0.207979 -0.323285 -0.122183
0.221941 0.176417 -0.562451 -0.566595
-0.281965 -0.107649 -0.0602232 -0.523992
-0.281965 0.471003 -0.54649 0.611643
0.0188164 0.586733 0.43404 0.135248
0.503191 0.0396445 -0.100079 0.225397
0.936785 0.0291236 -0.195752 0.195978
-0.262434 -0.0708291 -0.163861 -0.367315
0.917254 -0.0760858 0.338336 0.470011
-0.23509 -0.207601 -0.578412 -0.495428
-0.309309 1.23903 0.410114 0.156122
-0.156965 -0.112913 0.162982 -0.383047
-0.879621 1.02335 -0.761761 0.301691
0.116473 -0.370672 -0.913189 0.400385
0.616473 -0.57057 -0.00443702 0.666041
0.229754 0.0291236 -0.00443702 -0.265539
0.444598 0.32371 -0.187787 -0.167516
0.354754 -0.333852 1.13552 0.208628
-0.145246 -0.307546 0.210803 0.964869
0.182879 0.712984 0.115131 0.962992
0.0969414 -0.575834 -0.299389 -0.624914
-0.156965 -0.275984 -0.0761533 -0.090368
0.0969414 -0.807295 0.170948 0.157664
-0.524152 0.691943 -0.689984 0.282877
0.0461601 -0.0708291 0.545612 -0.320791
0.32741 0.434176 0.0434145 0.878657
0.241473 0.644594 -0.0682188 0.493265
-0.145246 -0.112913 0.394184 0.193064
0.596941 0.113291 -0.650128 0.0938513
-0.629621 -0.696821 0.657245 -0.363546
-0.309309 -0.565313 -0.283429 -0.188223
1.16725 0.0501655 -0.259503 -0.0626581
0.725848 0.10277 0.154987 0.266108
0.00709763 0.302668 0.115131 -0.41657
-0.0202461 0.82345 0.218769 -0.265875
0.261004 0.129069 0.426044 0.727961
-0.106184 0.150111 0.139057 0.335551
-0.000714869 0.828715 -0.00443702 0.245066
-0.387434 0.586733 0.362262 -0.322668
0.522723 0.523608 -0.307355 0.690668
-0.512434 -0.344373 0.48183 -0.46105
0.425066 0.502566 -0.34721 0.39184
-0.387434 -0.244421 0.170948 0.619684
0.800066 0.334231 -0.227643 0.0297034
-0.254621 -0.828336 0.210803 0.350779
0.374285 0.328966 0.593463 0.40124
-0.254621 0.37105 0.202838 -0.102346
0.268816 0.0343802 0.649249 0.134562
-0.0397774 -0.228643 -0.984967 -0.405111
0.249285 0.134333 0.48183 -0.225164
0.366473 0.37105 -0.33128 0.188273
0.800066 -0.139211 -0.267499 -0.783834
0.00709763 -0.08135 -0.857403 -0.644598
0.393816 -0.281248 -0.275464 1.05039
0.655535 0.334231 -0.705945 -0.398962
-0.465559 -0.433798 0.426044 -0.325231
0.151629 -1.04928 -0.251568 -0.0992639
-0.262434 0.2185 -0.219647 0.894907
0.249285 0.234278 0.0194888 -0.401525
1.13991 0.59199 -0.474774 0.518076
0.393816 -0.165518 -0.187787 0.245753
0.694598 0.539385 0.194873 0.815363
-0.000714869 -0.133955 0.784778 0.166209
-0.0514961 0.602511 -0.092114 -0.487737
0.530535 -0.549528 -0.0124021 0.418177
0.366473 0.118548 -0.0203672 0.868403
0.366473 0.355273 0.26662 0.409449
0.280535 0.360529 -0.0602232 0.313151
0.241473 0.0343802 0.00355859 0.264063
0.647723 -0.091871 0.338336 0.27363
-0.426496 0.497301 -0.562451 0.0454504
-0.23509 0.428919 -0.506634 0.988306
-0.399152 0.739283 0.473895 0.221125
0.800066 -0.391714 -0.881329 -0.0375116
0.229754 -0.144476 -0.044293 0.700083
-0.0397774 0.213236 -0.323285 0.337092
0.88991 0.460482 -0.299389 -0.193853
0.280535 -0.0234811 -0.259503 -0.285543
-0.106184 0.434176 0.0912356 0.222147
0.48366 0.2185 -0.139935 1.06529
0.300066 -0.102392 -0.562451 -0.00313354
0.0578789 0.644594 0.218769 -0.152471
-0.0866524 -0.554792 -0.044293 -0.0344293
0.0969414 0.134333 0.338336 0.351633
0.32741 0.560427 -0.355206 -0.184454
-0.746809 0.32371 -0.674054 0.221628
0.522723 0.949702 0.0194888 -0.0652215
0.616473 -0.239164 0.210803 0.740793
0.366473 -0.044523 -0.387066 0.0382636
0.616473 -0.307546 -0.434918 -0.31719
0.366473 0.37105 0.242694 -0.455923
-0.785871 0.59199 -0.259503 -0.590368
0.45241 0.10277 0.370258 -0.181539
-0.0593086 0.134333 -0.897259 0.448115
0.432879 -0.965109 -0.275464 0.336924
-0.184309 -0.170774 -0.227643 0.148249
0.20241 0.0975059 -0.33128 0.0548499
0.116473 0.25532 -0.586346 0.102244
0.471941 0.0501655 -1.1125 0.269358
-0.117902 -0.291769 -0.0602232 0.300318
-0.000714869 0.418398 0.402118 0.455118
-0.281965 0.43944 0.0992007 0.614893
-0.399152 0.0449012 -0.674054 -0.00244689
0.647723 -1.12818 -0.769696 -0.847631
-0.387434 -0.112913 0.800739 0.520975
-0.176496 -0.244421 0.178913 0.0875189
-0.446027 -0.223379 -0.044293 -0.0121973
0.0188164 -0.712606 -0.610272 -0.129034
0.522723 0.0501655 0.258624 -0.209432
0.182879 -0.970365 0.43404 0.143809
0.831316 -0.428541 -0.761761 0.419886
-0.48509 0.334231 -0.379101 0.530909
-0.184309 -0.218122 -0.307355 0.106852
0.346941 -0.496923 -0.163861 0.569224
-0.977277 -0.396978 -0.171856 0.14654
0.0266289 -0.12869 0.0992007 0.236338
0.280535 0.271105 -0.450848 0.911844
-0.145246 0.0343802 0.418079 0.110621
0.405535 -0.702085 0.0992007 -0.115011
0.0969414 -0.912504 -0.171856 -0.251333
0.374285 -0.228643 -0.31532 0.270548
0.17116 -0.391714 0.0434145 0.438868
-0.348371 0.544649 -0.323285 0.807322
-0.367902 -0.0866067 0.441974 -0.203604
0.667254 -0.486402 -0.243573 0.292628
0.839129 -0.191816 0.346332 0.720774
0.386004 -0.170774 0.705066 0.429636
0.596941 -0.00243921 -0.291424 0.661585
0.354754 0.465739 -0.450848 -0.0364892
-0.785871 -0.176038 -0.100079 0.289713
0.241473 -0.228643 0.457935 0.23498
-0.164777 0.0449012 -0.0682188 0.409113
0.405535 0.334231 0.29848 -0.91863
0.366473 0.602511 -0.0203672 -0.203954
-0.000714869 0.560427 0.0194888 -0.259374
-0.32884 -0.75469 -0.769696 -0.372106
1.27663 0.234278 0.28255 0.819651
0.917254 -0.596876 -0.897259 0.828028
0.792254 -0.112913 -0.0203672 0.777048
-0.196027 -0.11817 0.218769 0.296732
0.425066 0.181673 0.314441 0.0536597
0.0656914 -0.354894 -0.219647 -0.636205
0.00709763 -0.444318 0.362262 0.437845
0.124285 -0.212858 -0.363141 0.954615
0.538348 -0.539007 -0.0602232 0.0042212
0.88991 -0.491666 1.23119 -0.531011
1.52663 -0.591612 0.0513796 -0.370214
0.628191 0.239542 -0.275464 0.111643
0.60866 -0.297025 -0.211712 0.390131
0.210223 0.712984 -1.15236 0.26063
0.589129 -0.665258 0.00355859 0.162958
0.241473 -0.586355 -0.139935 0.30134
0.811785 -0.160253 -0.0761533 0.251063
0.944598 0.223757 -0.13197 0.242838
0.870379 -0.107649 -0.307355 0.500971
1.05397 -0.386457 -0.323285 0.59437
2.05007 -0.454839 -0.873334 -0.0852411
0.85866 0.297404 -0.426922 0.372156
1.40163 -0.539007 -0.395062 0.728815
2.72585 1.11804 -0.11604 -0.485845
2.14382 -0.6863 -0.634198 0.123102
1.67116 0.318446 -0.689984 0.349756
2.07741 0.602511 -1.51909 0.0654547
2.18288 -0.275984 -1.00889 0.611979
1.92507 0.076464 -1.08061 0.111643
1.23757 -0.607397 -0.11604 -0.57189
2.3196 -0.34963 -0.506634 0.722834
2.96804 -0.439062 -0.737835 0.589228
2.15554 -0.454839 -0.291424 0.204706
2.58132 -0.6863 -0.139935 0.85557
2.09694 0.281626 -1.03279 -0.204977
1.70241 0.192194 -0.251568 0.371989
2.17507 -0.539007 -1.16032 0.265085
2.15554 -0.912504 -0.474774 0.178873
2.03835 -0.339109 -0.889294 0.955973
2.05007 0.334231 -0.71391 0.190333
2.39772 -0.186559 -0.139935 0.100016
2.25319 -0.0550439 0.0832705 -0.253042
1.76882 1.01283 -0.642163 0.498408
1.95241 -0.633695 -0.674054 0.311274
1.85475 -0.0866067 -0.777691 0.0993292
2.35866 -0.633695 0.274585 0.164164
2.85085 -0.08135 -0.72984 0.161936
2.03835 -0.102392 -0.666089 0.217707
2.15554 0.181673 0.29848 -0.218145
2.14382 -0.449583 -0.163861 -0.161367
2.136 -0.644216 -0.100079 0.469843
1.90554 -0.470625 0.107196 -0.467886
2.261 0.539385 -0.0203672 -0.0544488
2.28054 0.497301 -0.387066 -0.317358
1.44069 -0.423277 0.976093 0.0991614
2.136 -0.12869 -0.458813 -0.177099
1.66335 0.213236 -0.355206 0.0497229
1.80788 -0.123434 -0.0203672 -0.0778863
1.93288 0.423655 -0.562451 0.0752051
1.72194 -0.0550439 0.880451 -0.0154474
1.28444 -0.423277 -0.618268 -0.19779
1.40163 0.302668 -0.267499 0.00934815
1.81569 -0.565313 -0.626233 -0.601827
1.68288 0.0396445 0.170948 0.405695
2.11647 -0.212858 -0.0682188 0.331629
1.48757 -0.486402 -0.538556 0.674082
1.00319 -0.901983 -0.833478 0.103602
2.17507 -0.339109 -1.09654 0.313837
1.29616 -0.633695 -1.04875 -0.28948
2.07741 -0.433798 0.29848 -0.132116
1.56569 -0.859899 -0.227643 -0.487219
1.64382 0.0291236 -0.506634 0.0415137
1.85475 -0.339109 0.0752749 0.10702
2.53444 -0.57057 -0.761761 1.41166
2.09694 -0.260206 -0.618268 0.171686
1.33132 -0.112913 0.402118 -0.177099
1.68288 0.0343802 -0.379101 0.212061
2.3196 -0.323332 -0.522595 0.571436
1.69069 -0.823072 0.0752749 0.169977
1.94069 -1.10188 -0.379101 0.0929968
2.25319 -0.328588 0.593463 0.738901
2.21413 -0.554792 0.537647 0.721628
3.11257 0.0291236 0.314441 0.287836
2.25319 -0.218122 -0.243573 0.428095
2.43679 -0.707342 0.314441 0.447764
2.01882 -0.223379 -0.259503 -0.311544
2.8235 -0.318067 -0.737835 -0.417608
2.40554 0.0922492 -0.737835 -0.297003
2.34694 -0.454839 -0.0203672 -0.129537
2.62819 0.076464 0.505756 0.657831
2.30007 0.10277 -0.0203672 -1.17846
3.35475 -0.586355 0.00355859 0.101893
3.12429 -0.0760858 0.186908 0.052973
2.72585 -0.665258 -0.54649 -0.245687
3.73366 -0.691564 -0.171856 0.363093
3.66335 -0.470625 0.0673403 0.372843
3.67507 -0.0287454 -1.09654 1.05245
4.28444 -0.00770349 -0.299389 0.724543
4.73757 -0.365415 0.48183 0.556391
5.18288 -1.01245 -0.0124021 0.399363
5.636 -1.12292 0.0593447 0.341547
6.74929 -0.581091 -0.395062 0.544077
5.83132 0.0186027 0.139057 -0.0173242
7.3196 -1.78574 0.370258 0.286799
7.92116 0.065943 -0.371136 0.384989
7.95632 -0.34963 0.601428 -0.466863
7.77272 -1.25443 -0.211712 0.231211
7.88991 -1.25969 0.107196 -0.0106561
8.8196 -1.73314 0.561572 0.490534
8.21022 -0.854635 -0.450848 -0.574972
8.08522 -1.33334 -0.291424 0.576411
8.78053 -1.77522 0.234729 0.142603
8.45241 -0.675779 0.569538 0.286799
8.24928 -1.58058 0.162982 0.645167
9.05007 -1.29126 0.784778 0.528513
8.85866 -0.780988 0.0992007 0.907389
9.61257 -1.12292 0.497791 -0.216787
8.59694 -1.73839 0.218769 0.24267
9.02272 -1.76996 0.354297 0.139872
9.69069 -2.11189 0.186908 0.54835
9.06178 -2.54325 -0.0283628 0.473597
9.27272 -2.43278 0.25069 0.912012
8.53053 -2.59585 0.457935 0.851633
8.0071 -2.296 0.705066 0.407236
7.46413 -2.22762 -0.323285 0.907389
5.79225 -1.53324 0.0832705 0.80665
6.09304 -3.26393 0.410114 0.184519
5.91725 -2.68528 0.330402 0.644312
5.22194 -3.01669 -0.187787 -0.0611169
5.8196 -2.84836 0.601428 -0.218496
5.636 -2.02772 0.872455 1.23788
4.37819 -2.64846 0.0912356 -0.0445306
4.99929 -1.49641 0.0354189 0.178187
5.511 -1.54902 1.0558 0.0119269
4.23366 -0.954588 1.01595 0.37559
4.98757 -1.80152 -0.0602232 0.597788
5.24929 -2.24866 0.0354189 0.699396
4.78444 -1.33334 0.306476 0.916285
4.03054 -1.42803 0.529682 1.38516
5.261 -1.97512 0.154987 0.742335
4.76491 -1.25969 0.29848 0.368906
4.67897 -2.56955 -0.0124021 0.268168
4.25319 -1.44381 -0.410992 0.262339
4.80397 -2.40648 -0.34721 0.672541
4.89382 -1.77522 -0.562451 1.31211
5.30007 -1.22287 0.28255 0.338297
5.57741 -1.68053 0.872455 0.10908
5.35475 -1.75418 -0.187787 1.07058
5.61647 -1.1387 -1.00889 0.337092
7.11647 -2.41173 0.242694 -0.255102
5.79225 -1.09662 -0.71391 0.0818884
6.12038 -1.97512 -0.187787 -0.221395
5.55007 -0.765211 0.194873 0.239588
5.85866 -1.70157 0.0832705 0.327524
5.60866 -1.45959 -0.155896 0.0873511
7.27272 -1.46485 -0.379101 0.833674
6.44069 -1.07032 -0.793622 -0.332754
7.42507 -0.528486 -0.0602232 -0.0429895
7.1946 -0.996671 -0.434918 -0.0992639
7.05007 -0.428541 -0.474774 0.414759
6.62429 -0.286504 0.410114 0.0734961
7.25319 -1.1913 -1.48716 0.0108893
7.30007 -0.612653 -0.51463 0.283213
6.78835 -0.723127 -0.889294 0.121744
5.98366 -1.08084 -0.578412 0.921427
5.62819 -1.40172 -0.849438 0.1645
6.1321 -1.91199 -0.31532 0.0268042
6.21804 -1.65949 -0.410992 0.25944
5.79225 -1.64371 -0.913189 -0.987722
5.58913 -0.938802 0.178913 0.681086
5.61647 -0.475881 0.641284 0.777216
5.62819 -0.654737 0.00355859 -0.19335
4.61257 -0.696821 -0.092114 0.289026
4.43679 -1.24391 -0.13197 0.188792
3.24929 -1.06505 -0.299389 0.200419
3.64382 -0.444318 0.0194888 0.256876
3.74929 -1.24917 0.984088 0.606852
3.12429 -1.13344 1.35875 0.232416
3.41335 -1.29651 0.968128 0.293818
3.6946 -0.318067 0.394184 0.725901
3.13991 -0.691564 -0.0362974 0.416468
3.40163 -1.03349 0.29848 0.552805
3.30788 -0.281248 0.378223 0.21052
2.90163 -1.01245 1.07177 0.559977
3.57741 -0.707342 0.00355859 0.213938
2.92897 0.186938 0.0752749 0.739939
2.73757 -0.144476 0.816669 0.138331
2.42507 0.807673 0.992023 0.147562
1.86647 0.360529 0.928272 0.426386
1.97975 0.597254 -0.124005 0.189646
1.62429 0.855013 -0.395062 -0.223455
1.78835 0.544649 0.936237 -0.100469
2.136 0.397356 -0.243573 0.11883
0.425066 0.665636 -0.0283628 -0.143057
0.647723 -0.333852 -0.0522581 0.00336671
0.667254 -0.328588 -0.139935 -0.121679
1.08132 -0.433798 -0.522595 -0.735937
0.928973 0.00281744 -0.674054 0.825968
-0.0202461 0.134333 -0.092114 0.660563
0.288348 0.428919 0.218769 0.15304
0.241473 0.418398 -0.339245 0.0854743
0.936785 0.0817283 -0.395062 -0.53478
1.03444 -0.102392 -1.12046 0.441447
0.00709763 -0.654737 -0.0602232 -0.066076
0.850848 0.744547 0.569538 -0.442404
1.68288 0.234278 -0.0682188 -0.269293
0.319598 -0.08135 1.00002 -0.0997827
0.811785 -0.560049 -0.203717 -0.0631769
-0.715559 -0.0760858 -0.363141 -0.198309
-0.223371 -0.00770349 0.306476 -0.332586
0.831316 0.313189 -0.187787 0.575541
-0.0866524 -0.239164 -0.33128 -0.366461
0.557879 -0.0234811 0.28255 -0.165975
0.596941 0.265841 -0.187787 -0.128347
-0.512434 0.0606864 0.123126 0.541514
0.124285 -0.112913 -0.34721 0.517054
-0.379621 -0.980886 -1.04075 0.512949
0.655535 1.0707 0.131092 0.356943
0.0656914 -0.249685 0.00355859 -0.473028
0.780535 -0.46536 -0.618268 0.312128
0.00709763 -0.460104 -0.841473 0.934595
0.0969414 0.0291236 0.338336 -0.272039
-0.48509 -0.454839 0.0752749 0.016886
0.132098 -0.333852 -0.259503 -0.102865
-0.863996 0.0291236 0.489826 0.898157
0.0578789 0.265841 -0.602307 -0.528097
0.319598 0.276362 0.649249 -0.75202
-0.0202461 -0.0866067 -0.155896 -0.0549676
-0.524152 0.0975059 -0.466778 0.732584
-0.543684 -0.212858 -0.410992 -0.147848
0.636004 -0.260206 -0.578412 -0.0792596
1.23757 0.428919 0.0274539 -0.372106
-0.196027 -0.307546 0.290546 0.270731
0.471941 -0.318067 0.0832705 -0.569662
0.0461601 -0.186559 0.29848 0.68075
0.249285 0.118548 -0.53056 -0.403066
0.300066 -0.0129601 0.0752749 0.734293
-0.571027 0.25532 0.00355859 0.586329
0.32741 -0.412756 -0.54649 -0.648519
0.647723 -0.176038 0.0354189 0.729151
-0.184309 0.492045 -0.522595 0.221628
0.182879 -0.00243921 -0.466778 0.328379
0.897723 0.0133384 0.0513796 -0.736791
-0.367902 -0.281248 0.705066 0.671168
-0.184309 0.497301 0.162982 0.492243
0.346941 -0.12869 -0.72984 -1.14356
0.405535 -0.0708291 0.0593447 0.292277
-0.242902 -0.0392663 -0.594342 0.556391
-0.223371 0.113291 0.147052 0.0994971
-1.17259 0.407877 0.242694 0.933573
0.471941 -0.738905 0.29848 0.749857
0.221941 0.418398 0.44997 0.348047
1.1321 -0.644216 0.0593447 0.721461
0.48366 0.2185 -0.00443702 0.828196
-0.262434 0.613032 -0.267499 -0.508428
-0.89134 -0.223379 -0.387066 -0.174368
0.268816 -0.660001 -0.801617 -0.0450494
-0.23509 -0.0287454 -0.761761 0.322901
0.0969414 0.244799 -0.33128 -0.3095
-0.844465 -0.454839 0.418079 1.03568
0.280535 -0.586355 -0.0203672 -0.485677
-0.000714869 0.48678 0.840595 0.284067
0.550066 -0.223379 -0.0602232 -0.499029
-0.242902 0.202715 -0.243573 0.419718
-0.348371 0.697199 0.744922 0.593333
0.45241 0.292147 -0.0761533 -0.0255487
0.503191 -0.923025 -0.578412 -0.239874
-0.000714869 0.076464 -0.602307 -0.180517
0.300066 -0.738905 -0.339245 0.0587866
0.538348 0.376314 0.226764 0.137476
0.48366 -0.644216 0.521717 0.657145
0.241473 0.355273 0.505756 0.383631
-0.571027 -0.00770349 -0.0761533 -0.271688
0.557879 -0.0129601 0.0912356 -0.510137
-0.629621 -0.796774 0.0912356 -0.00826049
0.60866 0.00281744 0.394184 -0.204977
0.444598 0.697199 0.00355859 -0.536138
0.0188164 -0.365415 0.26662 -0.412634
-0.164777 0.328966 0.202838 0.20077
0.425066 0.0343802 -0.0362974 0.212061
0.0578789 -0.218122 0.0752749 -0.117224
0.32741 -0.539007 -0.323285 -0.451986
0.221941 0.43944 -0.0522581 0.259272
0.229754 -0.107649 0.139057 -0.514074
0.104754 0.523608 -0.219647 -0.182913
0.0578789 -0.160253 -0.634198 0.510035
-0.309309 -0.154997 0.960163 -1.20958
0.57741 -1.16501 -1.03279 0.358301
0.557879 -0.149732 -0.0602232 -0.0409296
0.221941 -0.102392 -0.33128 0.695627
0.280535 -0.30229 0.346332 0.163309
0.917254 -0.581091 -1.04075 0.143809
-0.125715 -0.30229 -0.147931 0.359675
-0.000714869 0.549906 -0.626233 0.0586188
0.503191 1.63883 -0.490704 -0.0900323
-0.473371 -0.139211 0.170948 -0.715582
0.73366 -0.139211 -0.155896 0.256693
0.464129 0.160631 -0.721905 0.165018
0.261004 -0.396978 -0.34721 0.490198
0.20241 -0.19708 -0.395062 0.595728
0.753191 0.618296 -1.00889 -0.11347
0.116473 -0.207601 0.194873 -0.526907
0.0969414 0.755068 0.330402 0.319819
-0.117902 0.0869849 -0.721905 0.534327
0.432879 -0.575834 -0.490704 0.346155
1.10085 0.570948 0.00355859 0.425196
0.17116 0.544649 0.242694 0.749338
0.655535 -1.04401 0.0114932 0.443491
1.23757 -0.433798 0.394184 0.408594
0.48366 0.223757 -0.0761533 0.787653
0.405535 -0.591612 -0.307355 0.114207
-0.0202461 0.549906 -0.658124 0.0909522
0.569598 -0.944067 -0.251568 -0.0305078
0.503191 -0.791509 0.489826 0.0830786
0.32741 0.344752 -0.235608 -0.112783
0.596941 0.839236 -0.0124021 -0.46105
-0.145246 0.239542 -0.626233 -0.279043
0.706316 0.523608 0.178913 0.168268
0.831316 -0.091871 -0.243573 -0.0787408
0.48366 -0.439062 -0.227643 0.704005
0.530535 0.076464 -0.0682188 -0.185827
-0.340559 0.13959 -0.291424 0.591456
0.819598 -0.08135 0.0114932 -0.414358
0.772723 0.171152 -0.466778 -0.207723
0.221941 -0.034002 -0.31532 0.189814
0.32741 0.0922492 -0.402997 0.60087
1.01491 -0.165518 0.720996 0.12208
0.741473 -0.275984 0.139057 0.129099
0.210223 -0.181295 -0.124005 -0.662557
0.522723 0.481524 -0.642163 0.494974
0.557879 -0.0866067 -0.108075 -0.151266
-0.707746 0.00281744 0.25069 0.306986
1.02272 -0.34963 0.354297 0.23942
0.0656914 -0.0392663 0.29848 0.0103857
0.60866 0.134333 -0.0602232 0.019953
0.57741 -0.191816 0.29848 -0.624059
0.241473 0.565691 -0.259503 -0.39588
0.0656914 0.602511 0.202838 0.155604
0.405535 0.0396445 0.386188 0.107889
0.88991 0.318446 -0.825512 0.221812
1.20632 -0.396978 0.25069 0.131663
0.870379 -0.423277 -0.54649 -0.323522
-0.223371 -0.144476 -0.0841489 -0.115515
-0.0319649 0.0186027 -0.482739 -0.0258844
0.425066 0.649859 -0.363141 0.128412
0.850848 0.0238593 -0.155896 -0.899633
-0.0983711 0.565691 -0.187787 0.464197
0.249285 -0.144476 -0.11604 0.195811
0.792254 -0.133955 1.00798 -0.334814
0.628191 1.11804 -0.259503 -0.0730951
0.917254 0.00808172 0.609394 0.32905
0.405535 0.271105 -0.570416 0.252421
0.374285 0.292147 0.418079 -0.42684
0.530535 0.607775 -0.243573 -0.484487
0.616473 -0.297025 0.115131 -0.0874689
0.241473 0.355273 0.713031 -0.277685
0.444598 0.065943 -1.16832 0.353525
0.32741 0.37105 0.234729 -0.69779
0.753191 -0.449583 -0.51463 -0.167181
0.686785 0.13959 0.784778 0.349406
0.48366 -0.044523 -0.092114 0.195292
0.0969414 0.0975059 -0.817547 0.162455
0.249285 0.534128 0.649249 -0.309316
0.753191 0.286883 -0.34721 0.0493872
0.386004 -0.97563 -0.203717 0.297068
0.839129 -0.575834 -0.0602232 -0.584387
-0.0202461 0.0343802 -0.387066 -0.128866
1.49929 -0.560049 0.139057 -0.0537622
0.694598 0.728762 -0.626233 0.700587
0.909441 0.686678 -0.203717 0.431345
0.182879 -0.0182244 -0.674054 0.0731604
-0.0710274 0.134333 -0.00443702 0.664149
0.686785 0.613032 0.25069 -0.103887
0.57741 0.165896 0.115131 0.213419
0.48366 -0.396978 -0.402997 0.0105536
1.0735 -0.460104 0.473895 -0.181722
0.0188164 0.181673 0.48183 -0.717809
0.48366 -0.560049 -0.108075 0.402094
0.190691 0.402613 -0.179791 -0.764669
1.24538 -0.223379 -0.737835 0.152521
0.589129 0.691943 0.410114 -0.332067
0.550066 0.43944 -0.307355 0.0839331
1.27663 0.207979 0.322406 -0.178976
1.08132 0.570948 -0.490704 -0.173498
0.0188164 0.360529 -0.124005 -0.372778
0.596941 -0.08135 -0.490704 0.442469
0.636004 0.260584 0.418079 0.44845
0.182879 -0.744169 -0.0841489 0.983347
0.819598 0.0869849 -0.54649 0.333338
0.569598 0.360529 0.147052 -0.291189
0.280535 -0.218122 -0.466778 -0.104391
1.97194 0.10277 0.0354189 0.000452278
1.27663 0.602511 -0.203717 0.0526373
1.05397 -0.191816 0.577533 -0.0754907
0.143816 1.03387 0.585468 -0.254751
0.714129 0.344752 -0.0761533 0.206064
-0.106184 0.0291236 -0.610272 0.165873
0.0578789 0.250063 -0.044293 -0.706518
1.60475 0.434176 -0.323285 -0.00330138
0.878191 -0.0182244 0.44997 0.161082
1.00319 0.760325 -0.0602232 -0.108679
0.346941 -0.0655648 -0.283429 0.198878
0.190691 -0.707342 -0.155896 -0.543157
0.909441 0.10277 0.609394 0.100703
0.464129 0.444697 0.497791 0.666895
1.10085 0.202715 0.625324 0.429468
0.386004 0.00808172 -0.0203672 0.0846198
0.530535 0.544649 0.123126 0.0994971
0.831316 -0.19708 0.378223 0.201624
0.850848 -0.091871 -0.817547 -0.435903
0.190691 0.334231 0.441974 -0.566763
1.17897 0.355273 0.984088 -0.135183
1.51882 0.2185 0.25069 -0.503134
1.2571 -0.817815 -0.219647 0.341547
1.14772 0.407877 -0.466778 -0.122015
1.13991 0.933924 -0.626233 -0.148535
2.05788 0.718241 -0.139935 -0.398962
1.26491 -0.780988 0.274585 -0.378256
1.33132 0.065943 -0.355206 -0.191976
0.530535 0.502566 -0.363141 -0.577032
2.33132 0.602511 0.26662 -0.033407
1.886 0.570948 -0.283429 0.605829
1.03444 -0.2339 0.888416 0.402262
1.3235 0.481524 0.210803 -0.394674
2.37819 1.17591 -0.108075 -0.0655725
2.29225 0.70772 0.26662 -0.301794
1.886 0.460482 0.0513796 -0.38767
2.14382 -0.19708 -0.506634 1.08496
2.81179 -0.360151 0.497791 0.531245
1.6321 -1.02297 0.545612 0.285776
2.29225 -0.386457 -0.387066 0.48968
2.16335 -1.24391 0.202838 -0.196249
2.8821 -0.239164 0.426044 -0.269293
3.30788 -1.03876 0.641284 1.24386
3.11257 -2.28548 0.545612 -0.270315
4.18679 -1.32808 0.872455 0.0977881
4.21413 -2.43804 1.98055 0.747294
5.19069 -1.81204 1.28701 -0.00415588
5.49147 -2.54851 1.50225 -0.111242
7.30007 -3.71107 1.98055 0.260813
8.85866 -4.98936 3.21617 0.601206
10.4446 -5.78895 4.40395 0.916117
12.4837 -8.49283 5.4403 0.792277
14.8821 -10.1394 6.21355 0.0339911
18.1126 -12.8538 8.53334 0.166041
21.2844 -15.5734 9.92839 0.250712
25.8313 -18.8086 13.5715 -0.114141
30.8977 -22.7592 16.3935 0.953242
37.1751 -26.9255 20.4113 0.485224
44.9993 -32.5595 25.3139 1.34274
53.4719 -39.2824 30.655 0.0745184
63.8977 -47.8832 38.2122 1.2803
76.8001 -56.0264 45.2274 1.73736
91.8001 -66.0266 55.8936 1.18896
105.07 -76.9052 65.1967 1.9522
121.917 -88.7413 76.8833 1.60154
137.081 -98.9939 87.8445 1.90808
150.999 -106.774 97.7853 1.52371
164.183 -114.944 108.045 1.80459
172.452 -119.962 115.873 2.35589
180.003 -125.191 122.139 2.37643
187.277 -127.085 127.911 1.65423
192.624 -130.104 133.826 1.65988
198.972 -131.819 139.653 1.89883
205.499 -135.407 145.544 1.44024
211.077 -137.127 151.953 1.63217
219.784 -138.963 160.093 2.13061
227.433 -143.571 168.248 1.71649
237.308 -146.307 177.16 2.17303
247.503 -150.894 186.423 2.61813
257.714 -154.245 196.938 2.19151
269.738 -157.443 208.688 2.90037
282.484 -162.651 219.283 4.34629
292.273 -166.012 230.101 2.95477
302.523 -168.027 240.847 3.14634
309.902 -167.88 250.11 2.98452
314.902 -166.838 255.937 3.67953
