44.0344238281 0.3512039185 -0.0352661610 -1.3109030724
44.1130065918 0.5429778099 0.1684973240 -1.2700158358
44.1368637085 0.7660379410 0.4142119884 -1.2277368307
44.1003799438 1.0105352402 0.6958847046 -1.1835439205
43.9993400574 1.2683582306 1.0047566891 -1.1370891333
43.8309440613 1.5284984112 1.3320689201 -1.0887204409
43.5937881470 1.7811069489 1.6681400537 -1.0387859344
43.2864685059 2.0174927711 2.0032892227 -0.9886773825
42.9131889343 2.2289655209 2.3269133568 -0.9390908480
42.4753608704 2.4103105068 2.6297924519 -0.8917661905
41.9799957275 2.5557341576 2.9036281109 -0.8477472067
41.4313087463 2.6640777588 3.1405837536 -0.8087739348
40.8391189575 2.7336030006 3.3355879784 -0.7755422592
40.2118453979 2.7666275501 3.4835700989 -0.7489221096
39.5579109192 2.7654688358 3.5822246075 -0.7290874720
38.8871345520 2.7347617149 3.6301689148 -0.7158643603
38.2079391479 2.6785621643 3.6283249855 -0.7083829045
37.5287437439 2.6020843983 3.5789976120 -0.7057731152
36.8593750000 2.5099635124 3.4854140282 -0.7062950134
36.2054367065 2.4079930782 3.3526451588 -0.7082089186
35.5725517273 2.2984907627 3.1853010654 -0.7097747922
34.9677314758 2.1855123043 2.9898357391 -0.7087308764
34.3937835693 2.0713748932 2.7717812061 -0.7038592100
33.8549194336 1.9566581249 2.5375916958 -0.6935939193
33.3553466797 1.8419415951 2.2923381329 -0.6772390604
32.8950653076 1.7278041840 2.0415525436 -0.6542726755
32.4768829346 1.6130874157 1.7893838882 -0.6252166629
32.1007995605 1.4972121716 1.5404422283 -0.5907670856
31.7710227966 1.3801779747 1.2970325947 -0.5524897575
31.4847526550 1.2619848251 1.0623821020 -0.5119505525
31.2419815063 1.1420536041 0.8378736973 -0.4712373614
31.0427131653 1.0215435028 0.6244292259 -0.4322640896
30.8841400146 0.9021916389 0.4234318733 -0.3972925246
30.7648620605 0.7857370377 0.2348816395 -0.3678885698
30.6792602539 0.6733374596 0.0583176613 -0.3452701271
30.6231269836 0.5684704781 -0.1053385735 -0.3299592137
30.5894489288 0.4722938538 -0.2570085526 -0.3223037124
30.5726089478 0.3877048492 -0.3971533775 -0.3212597966
30.5627861023 0.3152823448 -0.5253121853 -0.3256095052
30.5501556396 0.2567653656 -0.6424069405 -0.3332649469
30.5277042389 0.2115740776 -0.7479767799 -0.3419643641
30.4842033386 0.1802878380 -0.8420212269 -0.3490978479
30.4098281860 0.1605887413 -0.9254629612 -0.3518816829
30.2961616516 0.1507391930 -0.9973793030 -0.3478799462
30.1375885010 0.1495804787 -1.0586926937 -0.3350048661
29.9256896973 0.1536364555 -1.1094031334 -0.3115164936
29.6562576294 0.1605887413 -1.1495103836 -0.2770668864
29.3292903900 0.1681208611 -1.1799366474 -0.2313080430
28.9433841705 0.1733350754 -1.2002205849 -0.1752839386
28.4985389709 0.1756525040 -1.2117457390 -0.1109084189
28.0003700256 0.1733350754 -1.2145118713 -0.0404433012
27.4530830383 0.1658029556 -1.2094407082 0.0331535935
26.8637008667 0.1536364555 -1.1974546909 0.1064024568
26.2406368256 0.1379928589 -1.1785535812 0.1759976149
25.5909099579 0.1206116676 -1.1545813084 0.2384592891
24.9229431152 0.1026511192 -1.1250772476 0.2910036445
24.2465534210 0.0858492851 -1.0914239883 0.3315428495
23.5687618256 0.0731029510 -1.0545437336 0.3585109711
22.8965835571 0.0661501884 -1.0148975849 0.3712120652
22.2370338440 0.0655708313 -0.9729461670 0.3705161214
21.5957279205 0.0736823082 -0.9296119213 0.3572930098
20.9754714966 0.0893254280 -0.8858165741 0.3341526389
20.3804740906 0.1136593819 -0.8420212269 0.3038787246
19.8135433197 0.1455249786 -0.7991480827 0.2696031332
19.2760810852 0.1837639809 -0.7581188679 0.2351535559
18.7694911957 0.2266378403 -0.7193944454 0.2038357258
18.2951774597 0.2724084854 -0.6838972569 0.1789554358
17.8517360687 0.3193383217 -0.6520881653 0.1629485488
17.4405708313 0.3651089668 -0.6253499985 0.1580768824
17.0616817474 0.4085621834 -0.6032218933 0.1650363803
16.7150669098 0.4473805428 -0.5861647129 0.1838271022
16.3979225159 0.4815635681 -0.5751006603 0.2139270306
16.1116504669 0.5099534988 -0.5695686340 0.2535962462
15.8534431458 0.5325489044 -0.5691075325 0.3003990054
15.6204967499 0.5493507385 -0.5741786957 0.3513774276
15.4100017548 0.5615177155 -0.5838596821 0.4035738111
15.2191543579 0.5690498352 -0.5972287655 0.4536823034
15.0423393250 0.5736846924 -0.6142859459 0.4987452030
14.8753471375 0.5760021210 -0.6336479187 0.5361526012
14.7111606598 0.5771608353 -0.6548540592 0.5639907122
14.5455722809 0.5777401924 -0.6765213013 0.5808675289
14.3701610565 0.5788993835 -0.6991105080 0.5866091251
14.1821193695 0.5806374550 -0.7207775116 0.5812155008
13.9730281830 0.5829548836 -0.7415227890 0.5657305717
13.7400808334 0.5858516693 -0.7608847618 0.5418941975
13.4818744659 0.5887484550 -0.7784028053 0.5119682550
13.1941986084 0.5922245979 -0.7931549549 0.4780406952
12.8770542145 0.5945425034 -0.8051412106 0.4425470829
12.5332469940 0.5957012177 -0.8139002323 0.4079235196
12.1655836105 0.5951218605 -0.8198931217 0.3762577176
11.7768707275 0.5916452408 -0.8221981525 0.3492895961
11.3741245270 0.5858516693 -0.8203542233 0.3280630708
10.9615554810 0.5771608353 -0.8148221970 0.3131000996
10.5475835800 0.5649943352 -0.8051412106 0.3044007421
10.1378211975 0.5499300957 -0.7903890610 0.3017908931
9.7378826141 0.5319695473 -0.7714879513 0.3042267561
9.3533792496 0.5116915703 -0.7479767799 0.3108382821
8.9885225296 0.4879369736 -0.7198555470 0.3200595975
8.6461181641 0.4624443054 -0.6871242523 0.3308469057
8.3261671066 0.4346342087 -0.6507050991 0.3418081403
8.0314750671 0.4050860405 -0.6105978489 0.3522474170
7.7578325272 0.3743791580 -0.5681855679 0.3614687324
7.5038356781 0.3419337273 -0.5243902206 0.3689502478
7.2666788101 0.3083300591 -0.4805948734 0.3745178580
7.0421514511 0.2741465569 -0.4377217293 0.3788675666
6.8260440826 0.2399635315 -0.3971533775 0.3819993138
6.6141462326 0.2063593864 -0.3598122597 0.3844351768
6.4050559998 0.1739144325 -0.3280029297 0.3870449662
6.1945610046 0.1432075500 -0.3017258644 0.3901767731
5.9812602997 0.1153974533 -0.2819027901 0.3941784501
5.7651519775 0.0916428566 -0.2685337067 0.3990501165
5.5476417542 0.0725235939 -0.2625405788 0.4046177268
5.3301315308 0.0591979027 -0.2630014420 0.4107073545
5.1140232086 0.0516657829 -0.2685337067 0.4164489508
4.9035301208 0.0516657829 -0.2782146931 0.4209725857
4.7028579712 0.0586185455 -0.2906618118 0.4235824347
4.5134124756 0.0731029510 -0.3040308952 0.4228864908
4.3394050598 0.0933809280 -0.3160169125 0.4181888103
4.1850414276 0.1194529533 -0.3247759342 0.4087934494
4.0489215851 0.1501598358 -0.3284640312 0.3940044641
3.9352550507 0.1837639809 -0.3256978989 0.3736479282
3.8412342072 0.2179470062 -0.3150949478 0.3480716944
3.7682628632 0.2515511513 -0.2957327366 0.3172758222
3.7121315002 0.2822580338 -0.2671506405 0.2821302414
3.6714363098 0.3089094162 -0.2293484211 0.2436789274
3.6419677734 0.3291873932 -0.1827869415 0.2029657364
3.6223201752 0.3419337273 -0.1293106079 0.1608607173
3.6082878113 0.3465690613 -0.0693802834 0.1187556386
3.5942554474 0.3425130844 -0.0057618618 0.0775204897
3.5802211761 0.3303461075 0.0606224537 0.0380252004
3.5619792938 0.3094887733 0.1265459061 0.0011398196
3.5395259857 0.2816786766 0.1906254292 -0.0329618454
3.5100574493 0.2480745316 0.2510168552 -0.0641056895
3.4735717773 0.2098360062 0.3058762550 -0.0919437408
3.4300689697 0.1687002182 0.3542814255 -0.1166500151
3.3823566437 0.1258263588 0.3948497772 -0.1383984983
3.3290328979 0.0829520226 0.4271199703 -0.1573632061
3.2728996277 0.0418162346 0.4515531063 -0.1735440791
3.2167682648 0.0024189949 0.4686102867 -0.1867671609
3.1592330933 -0.0335025787 0.4787523746 -0.1972064376
3.1031017303 -0.0659475327 0.4833624363 -0.2039919496
3.0497760773 -0.0943369865 0.4833624363 -0.2069497406
3.0006599426 -0.1186709404 0.4801352024 -0.2055578530
2.9557552338 -0.1389493942 0.4755253792 -0.1991202831
2.9136562347 -0.1551718712 0.4709153175 -0.1874631047
2.8785743713 -0.1673388481 0.4672272205 -0.1704122722
2.8462982178 -0.1754498482 0.4653832912 -0.1479678452
2.8210391998 -0.1789264679 0.4667661190 -0.1204777658
2.7999897003 -0.1783471107 0.4709153175 -0.0891599357
2.7831497192 -0.1719737053 0.4787523746 -0.0550583005
2.7733268738 -0.1603860855 0.4893553257 -0.0199127197
2.7677135468 -0.1424255371 0.5027244091 0.0141888857
2.7691173553 -0.1180915833 0.5183985233 0.0449847579
2.7761344910 -0.0862259865 0.5354557037 0.0703870058
2.7901668549 -0.0485663414 0.5520517826 0.0879597664
2.8098125458 -0.0039544106 0.5681869984 0.0963111520
2.8350715637 0.0458722115 0.5824780464 0.0937013626
2.8659439087 0.0991749763 0.5935420990 0.0794343352
2.9010276794 0.1547951698 0.6013791561 0.0535101295
2.9389152527 0.2098360062 0.6046061516 0.0166246891
2.9768047333 0.2614002228 0.6032230854 -0.0296560526
3.0132904053 0.3071713448 0.5972299576 -0.0835923254
3.0469703674 0.3448309898 0.5866270065 -0.1422262490
3.0736312866 0.3709025383 0.5718748569 -0.2022520602
3.0918750763 0.3836488724 0.5534348488 -0.2607119977
3.0974884033 0.3824901581 0.5331506729 -0.3139522970
3.0918750763 0.3656883240 0.5119445324 -0.3593631387
3.0708255768 0.3338227272 0.4907383919 -0.3941607475
3.0357437134 0.2892103195 0.4713761806 -0.4166051745
2.9852237701 0.2324314117 0.4557020664 -0.4258265495
2.9192695618 0.1681208611 0.4450991154 -0.4216508269
2.8406848907 0.0991749763 0.4409501553 -0.4049479961
2.7508735657 0.0302290916 0.4437160492 -0.3776319027
2.6512393951 -0.0346612930 0.4547801018 -0.3419643641
2.5459938049 -0.0908608437 0.4746031761 -0.3010772169
2.4379386902 -0.1348934174 0.5022635460 -0.2582761943
2.3298854828 -0.1632828712 0.5382215977 -0.2165190876
2.2246379852 -0.1731324196 0.5801730156 -0.1794596612
2.1250038147 -0.1644420624 0.6271953583 -0.1491857469
2.0337905884 -0.1366314888 0.6769835949 -0.1279592514
1.9509963989 -0.0908608437 0.7267719507 -0.1168240011
1.8780250549 -0.0300264359 0.7742552757 -0.1161280572
1.8162803650 0.0423960686 0.8162064552 -0.1248274446
1.7643566132 0.1223497391 0.8503206968 -0.1417042911
1.7222595215 0.2052006721 0.8733708858 -0.1644966900
1.6885795593 0.2857341766 0.8839739561 -0.1905948818
1.6619167328 0.3587360382 0.8802859783 -0.2170410454
1.6408672333 0.4207291603 0.8618458509 -0.2407034039
1.6240272522 0.4676585197 0.8281925917 -0.2593201101
1.6085910797 0.4972071648 0.7802482843 -0.2704553306
1.5959625244 0.5087943077 0.7198568583 -0.2730651498
1.5819282532 0.5018420219 0.6497843266 -0.2661056221
1.5692996979 0.4775080681 0.5727968216 -0.2500987351
1.5552673340 0.4398484230 0.4925823212 -0.2259144187
1.5412330627 0.3906016350 0.4132897854 -0.1958145201
1.5286045074 0.3349814415 0.3395292759 -0.1618868709
1.5159740448 0.2770438194 0.2740669250 -0.1270892918
1.5061511993 0.2220029831 0.2210516930 -0.0943795741
1.4991340637 0.1739144325 0.1827883720 -0.0663675070
1.4935207367 0.1362547874 0.1620433331 -0.0458369255
1.4935207367 0.1119213104 0.1597383022 -0.0345277190
1.4963283539 0.1020717621 0.1749513149 -0.0333098173
1.5047473907 0.1084446907 0.2076826096 -0.0427051783
1.5159740448 0.1287231445 0.2556269169 -0.0618438125
1.5300064087 0.1623268127 0.3155572414 -0.0893339217
1.5468463898 0.2063593864 0.3847076893 -0.1230875850
1.5650901794 0.2567653656 0.4584681988 -0.1603209972
1.5833320618 0.3100681305 0.5331506729 -0.1979023814
1.6001720428 0.3616328239 0.6050670147 -0.2328739464
1.6142044067 0.4085621834 0.6696076393 -0.2621039152
1.6254310608 0.4462218285 0.7244669199 -0.2831564546
1.6324481964 0.4722938538 0.7678011656 -0.2939437032
1.6324481964 0.4844608307 0.7973053455 -0.2934217453
1.6282386780 0.4827227592 0.8129794598 -0.2810685933
1.6170120239 0.4659204483 0.8152844906 -0.2574062347
1.6001720428 0.4363722801 0.8060644865 -0.2236525714
1.5777187347 0.3958158493 0.7862412930 -0.1815475225
1.5482501984 0.3465690613 0.7590421438 -0.1335268617
1.5145702362 0.2915282249 0.7267719507 -0.0823743939
1.4766826630 0.2347493172 0.6926577091 -0.0306999683
1.4359855652 0.1791286469 0.6585435867 0.0188865662
1.3910808563 0.1281437874 0.6262731552 0.0637754202
1.3447723389 0.0846905708 0.5972299576 0.1024007797
1.2956562042 0.0499277115 0.5723359585 0.1331965923
1.2465419769 0.0261731148 0.5515906811 0.1552931070
1.1960220337 0.0140061378 0.5336117744 0.1690381169
1.1441001892 0.0128474236 0.5170154572 0.1742577553
1.0907764435 0.0215382576 0.4999585152 0.1723439097
1.0374507904 0.0389194489 0.4805963039 0.1639924645
0.9813194275 0.0638327599 0.4566242695 0.1507694125
0.9237842560 0.0928015709 0.4257369041 0.1338925362
0.8648452759 0.1246676445 0.3870127201 0.1147539020
0.8045043945 0.1565332413 0.3395292759 0.0942233205
0.7427577972 0.1866607666 0.2832870483 0.0733447671
0.6782073975 0.2133121490 0.2187466621 0.0522922277
0.6136550903 0.2353286743 0.1477520466 0.0314136744
0.5477008820 0.2515511513 0.0726087093 0.0105351210
0.4817447662 0.2614002228 -0.0039179325 -0.0106914043
0.4171943665 0.2648768425 -0.0790612698 -0.0324398875
0.3540458679 0.2625594139 -0.1486728191 -0.0548843145
0.2937030792 0.2538685799 -0.2099862099 -0.0783726871
0.2375717163 0.2405428886 -0.2597744465 -0.1025570035
0.1856498718 0.2220029831 -0.2961938381 -0.1272632778
0.1393413544 0.1988277435 -0.3183219433 -0.1516215801
0.1000499725 0.1727557182 -0.3243150711 -0.1749359667
0.0677738190 0.1437869072 -0.3160169125 -0.1959885061
0.0411109924 0.1125006676 -0.2943496704 -0.2137352824
0.0214653015 0.0788965225 -0.2611575127 -0.2266103923
0.0074310303 0.0447134972 -0.2201282978 -0.2339178622
-0.0023918152 0.0087919235 -0.1744890213 -0.2346138358
-0.0080051422 -0.0265498161 -0.1279277802 -0.2285242379
-0.0094070435 -0.0618920326 -0.0841324329 -0.2154751420
-0.0108108521 -0.0960755348 -0.0463302135 -0.1963364780
-0.0122146606 -0.1279411316 -0.0172870159 -0.1721521616
-0.0150203705 -0.1563305855 0.0011532307 -0.1441401243
-0.0192317963 -0.1806645393 0.0080683231 -0.1145621538
-0.0248432159 -0.2003631592 0.0029971600 -0.0851581991
-0.0346679688 -0.2136888504 -0.0135989189 -0.0581901073
-0.0472965240 -0.2200622559 -0.0389540195 -0.0355716348
-0.0613288879 -0.2200622559 -0.0721464157 -0.0188688040
-0.0753631592 -0.2125301361 -0.1090264320 -0.0094734430
-0.0907993317 -0.1986250877 -0.1472897530 -0.0077335835
-0.1048316956 -0.1789264679 -0.1841700077 -0.0136491656
-0.1146545410 -0.1545925140 -0.2164402008 -0.0263503194
-0.1202678680 -0.1273617744 -0.2422564030 -0.0444450378
-0.1202678680 -0.0983929634 -0.2593135834 -0.0658455491
-0.1132526398 -0.0700035095 -0.2676115036 -0.0882900059
-0.1006221771 -0.0433521271 -0.2671506405 -0.1089945436
-0.0795726776 -0.0213356018 -0.2583916187 -0.1253494322
-0.0543136597 -0.0039544106 -0.2422564030 -0.1350927353
-0.0234413147 0.0064744949 -0.2219722271 -0.1359626949
0.0102386475 0.0105299950 -0.1989221573 -0.1265673339
0.0425148010 0.0070538521 -0.1763329506 -0.1062107384
0.0733871460 -0.0027956963 -0.1565098763 -0.0748929381
0.0986461639 -0.0178594589 -0.1412968636 -0.0334838033
0.1154861450 -0.0369787216 -0.1334598064 0.0164507031
0.1225013733 -0.0578365326 -0.1329987049 0.0726488233
0.1168880463 -0.0781145096 -0.1412968636 0.1325006485
0.0986461639 -0.0966548920 -0.1574318409 0.1932224631
0.0663700104 -0.1105599403 -0.1814041138 0.2516824007
0.0228672028 -0.1186709404 -0.2113692760 0.3054446578
-0.0304565430 -0.1192502975 -0.2450225353 0.3517253995
-0.0936050415 -0.1111392975 -0.2809805870 0.3891327977
-0.1609630585 -0.0954957008 -0.3160169125 0.4162749648
-0.2283210754 -0.0717415810 -0.3482871056 0.4331517816
-0.2928733826 -0.0410346985 -0.3754863739 0.4397633076
-0.3504085541 -0.0051131248 -0.3962314129 0.4375014305
-0.3981208801 0.0337052345 -0.4091393948 0.4279321432
-0.4317989349 0.0736823082 -0.4128274918 0.4131431580
-0.4500427246 0.1119213104 -0.4072954655 0.3952224255
-0.4528484344 0.1466836929 -0.3930044174 0.3764317036
-0.4374122620 0.1756525040 -0.3708763123 0.3586849570
-0.4079437256 0.1976690292 -0.3418331146 0.3437219858
-0.3658447266 0.2121534348 -0.3077187538 0.3325867653
-0.3139228821 0.2173676491 -0.2694556713 0.3256272674
-0.2563877106 0.2150502205 -0.2288873196 0.3224954605
-0.1960468292 0.2052006721 -0.1883189678 0.3226694465
-0.1385116577 0.1901369095 -0.1491339207 0.3244093060
-0.0865898132 0.1704382896 -0.1127145290 0.3261492252
-0.0416831970 0.1495804787 -0.0804443359 0.3258012533
-0.0080051422 0.1293025017 -0.0537061691 0.3212775588
0.0130443573 0.1119213104 -0.0329611301 0.3106642962
0.0242710114 0.0991749763 -0.0191309452 0.2922215462
0.0270786285 0.0922222137 -0.0126769543 0.2650794387
0.0214653015 0.0933809280 -0.0135989189 0.2287159562
0.0144481659 0.1026511192 -0.0228190422 0.1834791303
0.0074310303 0.1194529533 -0.0394151211 0.1300648451
0.0060291290 0.1437869072 -0.0633871555 0.0703870058
0.0130443573 0.1744937897 -0.0942745209 0.0061854124
0.0326900482 0.2098360062 -0.1306936741 -0.0597559810
0.0677738190 0.2480745316 -0.1721839905 -0.1244794726
0.1196956635 0.2868928909 -0.2164402008 -0.1855492294
0.1870536804 0.3245525360 -0.2625405788 -0.2398334742
0.2712516785 0.3587360382 -0.3072578907 -0.2852443159
0.3680782318 0.3888635635 -0.3492090702 -0.3198679090
0.4733257294 0.4120383263 -0.3851673603 -0.3421383500
0.5827827454 0.4288406372 -0.4132885933 -0.3517076969
0.6922397614 0.4375309944 -0.4308066368 -0.3482279181
0.7974872589 0.4386897087 -0.4358778000 -0.3325690031
0.8901042938 0.4328961372 -0.4271185398 -0.3059488535
0.9700927734 0.4195704460 -0.4036073685 -0.2701073587
1.0332412720 0.4004511833 -0.3658051491 -0.2269583642
1.0795497894 0.3761172295 -0.3137118816 -0.1789377034
1.1062126160 0.3477277756 -0.2500934601 -0.1284812093
1.1174392700 0.3164410591 -0.1777160168 -0.0776767433
1.1160354614 0.2828373909 -0.0998065472 -0.0286121368
1.1048088074 0.2474951744 -0.0214359760 0.0166246891
1.0907764435 0.2109947205 0.0527853966 0.0569899082
1.0795497894 0.1744937897 0.1177868843 0.0910915136
1.0753402710 0.1379928589 0.1689581871 0.1187556386
1.0823554993 0.1020717621 0.2012283802 0.1392861605
1.1076145172 0.0655708313 0.2104485035 0.1532052159
1.1511173248 0.0302290916 0.1952354908 0.1606867313
1.2142658234 -0.0039544106 0.1532840729 0.1626005769
1.2998676300 -0.0375580788 0.0845947266 0.1598167419
1.4023075104 -0.0694241524 -0.0085279942 0.1533792019
1.5187816620 -0.0995516777 -0.1237785816 0.1445057988
1.6464805603 -0.1273617744 -0.2556254864 0.1342405677
1.7797946930 -0.1528544426 -0.3999195099 0.1236273050
1.9131069183 -0.1748704910 -0.5492844582 0.1140579581
2.0408058167 -0.1939902306 -0.6977274418 0.1065764427
2.1586837769 -0.2096333504 -0.8392553329 0.1020527482
2.2625274658 -0.2223796844 -0.9669530392 0.1017047763
2.3523387909 -0.2322287560 -1.0771329403 0.1062284708
2.4253101349 -0.2409195900 -1.1651844978 0.1163197756
2.4842472076 -0.2490310669 -1.2292637825 0.1328486204
2.5319595337 -0.2583007812 -1.2693710327 0.1558150649
2.5712528229 -0.2704677582 -1.2873501778 0.1855669618
2.6077384949 -0.2866902351 -1.2850451469 0.2219304442
2.6470298767 -0.3098654747 -1.2679882050 0.2647314668
2.6933383942 -0.3405723572 -1.2417109013 0.3129261136
2.7522773743 -0.3811287880 -1.2117457390 0.3658184409
2.8280563354 -0.4326934814 -1.1850075722 0.4221905470
2.9234790802 -0.4958457947 -1.1679503918 0.4803024530
3.0399532318 -0.5711646080 -1.1656453609 0.5387624502
3.1760730743 -0.6586503983 -1.1827025414 0.5954824686
3.3304347992 -0.7571449280 -1.2218878269 0.6490707397
3.5016365051 -0.8654880524 -1.2850451469 0.6976133585
3.6826629639 -0.9825224876 -1.3712530136 0.7398924828
3.8678970337 -1.1059298515 -1.4782056808 0.7750380039
4.0545349121 -1.2328133583 -1.6035981178 0.8020061255
4.2355613708 -1.3614354134 -1.7418990135 0.8207968473
4.4067630768 -1.4894776344 -1.8880372047 0.8319320679
4.5625286102 -1.6134643555 -2.0364799500 0.8361077309
4.7028579712 -1.7316570282 -2.1816959381 0.8347158432
4.8263473511 -1.8423180580 -2.3186140060 0.8291482925
4.9301929474 -1.9442887306 -2.4435458183 0.8218407631
5.0200023651 -2.0352506638 -2.5537257195 0.8143593073
5.0957813263 -2.1146254539 -2.6477699280 0.8091396093
5.1603317261 -2.1824126244 -2.7256798744 0.8079217672
5.2192707062 -2.2380328178 -2.7892980576 0.8122714758
5.2740001678 -2.2820653915 -2.8418521881 0.8234066963
5.3273239136 -2.3145108223 -2.8861088753 0.8418493271
5.3834571838 -2.3353681564 -2.9271378517 0.8675996065
5.4409923553 -2.3452177048 -2.9690890312 0.8999613523
5.4999294281 -2.3452177048 -3.0161113739 0.9378906488
5.5574645996 -2.3353681564 -3.0709710121 0.9796477556
5.6135978699 -2.3150901794 -3.1355113983 1.0229707956
5.6613082886 -2.2861213684 -3.2111158371 1.0657718182
5.6977939606 -2.2473030090 -3.2968626022 1.1052670479
5.7174415588 -2.1997938156 -3.3895239830 1.1391947269
5.7188434601 -2.1430149078 -3.4863348007 1.1652928591
5.6949882507 -2.0775456429 -3.5817623138 1.1818217039
5.6472759247 -2.0039644241 -3.6702747345 1.1875633001
5.5743045807 -1.9228515625 -3.7454185486 1.1814737320
5.4760742188 -1.8347864151 -3.8016605377 1.1639009714
5.3553905487 -1.7403478622 -3.8330087662 1.1350189447
5.2192707062 -1.6412744522 -3.8357748985 1.0958716869
5.0705223083 -1.5387244225 -3.8062705994 1.0483729839
4.9161586761 -1.4338574409 -3.7435741425 0.9940887690
4.7646026611 -1.3284106255 -3.6486077309 0.9354548454
4.6200637817 -1.2229638100 -3.5232148170 0.8749070168
4.4909610748 -1.1198348999 -3.3715448380 0.8145332336
4.3815040588 -1.0196027756 -3.1995906830 0.7565952539
4.2944984436 -0.9228467941 -3.0133457184 0.7030069828
4.2327537537 -0.8307256699 -2.8201851845 0.6553343534
4.1934623718 -0.7438192368 -2.6284079552 0.6144471169
4.1780261993 -0.6615476608 -2.4440069199 0.5813894272
4.1794281006 -0.5839109421 -2.2734355927 0.5563352108
4.1934623718 -0.5109095573 -2.1217656136 0.5392843485
4.2145118713 -0.4408049583 -1.9926848412 0.5298889875
4.2369632721 -0.3741765022 -1.8871150017 0.5274531841
4.2538032532 -0.3098654747 -1.8059787750 0.5312809944
4.2608203888 -0.2478723526 -1.7474312782 0.5403282642
4.2538032532 -0.1870374680 -1.7073240280 0.5535514355
4.2299480438 -0.1273617744 -1.6824297905 0.5700802803
4.1878490448 -0.0700035095 -1.6676778793 0.5888710022
4.1289100647 -0.0138039589 -1.6570744514 0.6088795662
4.0559387207 0.0394988060 -1.6460103989 0.6290621758
3.9731445312 0.0887460709 -1.6294145584 0.6488968134
3.8833332062 0.1339373589 -1.6040592194 0.6671655178
3.7935218811 0.1727557182 -1.5676403046 0.6833463907
3.7079219818 0.2052006721 -1.5187735558 0.6963955164
3.6307411194 0.2301139832 -1.4583826065 0.7057908773
3.5661888123 0.2463364601 -1.3878488541 0.7104884386
3.5142669678 0.2532892227 -1.3104004860 0.7101404667
3.4777812958 0.2515511513 -1.2301859856 0.7038769722
3.4525222778 0.2411222458 -1.1513543129 0.6915237904
3.4384899139 0.2231616974 -1.0780549049 0.6727330685
3.4286651611 0.1982483864 -1.0153584480 0.6475049257
3.4202461243 0.1687002182 -0.9660310745 0.6160130501
3.4076156616 0.1356754303 -0.9337608814 0.5791276693
3.3837604523 0.1009130478 -0.9194698334 0.5375444889
3.3472747803 0.0673089027 -0.9236187935 0.4926556349
3.2911434174 0.0366020203 -0.9452860355 0.4456789494
3.2153644562 0.0105299950 -0.9817051888 0.3983541727
3.1199417114 -0.0097479820 -1.0301105976 0.3524214029
3.0062732697 -0.0224943161 -1.0863528252 0.3096203804
2.8785743713 -0.0265498161 -1.1458222866 0.2718649507
2.7424545288 -0.0219149590 -1.2039086819 0.2403731942
2.6049308777 -0.0091686249 -1.2564630508 0.2167108059
2.4716186523 0.0116887093 -1.3002581596 0.2015738487
2.3537406921 0.0394988060 -1.3320674896 0.1958322525
2.2555103302 0.0736823082 -1.3505077362 0.1991380453
2.1853466034 0.1113419533 -1.3551177979 0.2116651535
2.1488609314 0.1518979073 -1.3468198776 0.2325437069
2.1488609314 0.1936135292 -1.3265357018 0.2609037161
2.1881523132 0.2341694832 -1.2984142303 0.2957013249
2.2653331757 0.2724084854 -1.2643001080 0.3353705406
2.3804035187 0.3077507019 -1.2292637825 0.3788675666
2.5263462067 0.3390369415 -1.1960716248 0.4248003364
2.7017593384 0.3656883240 -1.1684114933 0.4719511271
2.8968162537 0.3871254921 -1.1490492821 0.5196237564
3.1087150574 0.4045066833 -1.1407513618 0.5672963858
3.3276290894 0.4184117317 -1.1439783573 0.6142731905
3.5479469299 0.4288406372 -1.1591913700 0.6607279778
3.7654571533 0.4375309944 -1.1854686737 0.7066607475
3.9745483398 0.4450631142 -1.2218878269 0.7520716190
4.1738166809 0.4520153999 -1.2652220726 0.7974824905
4.3590507507 0.4607062340 -1.3136272430 0.8430672884
4.5316562653 0.4705557823 -1.3634157181 0.8886520863
4.6888256073 0.4827227592 -1.4127430916 0.9344109297
4.8347682953 0.4966278076 -1.4588432312 0.9796477556
4.9694843292 0.5128502846 -1.4994115829 1.0241886377
5.0929737091 0.5302314758 -1.5339870453 1.0668157339
5.2094478607 0.5481920242 -1.5625691414 1.1070069075
5.3175010681 0.5655736923 -1.5846972466 1.1433703899
5.4185390472 0.5812168121 -1.6026763916 1.1750361919
5.5125598907 0.5928044319 -1.6183505058 1.2013083696
5.6009674072 0.5997567177 -1.6340246201 1.2214909792
5.6823577881 0.6003360748 -1.6515426636 1.2354099751
5.7567329407 0.5939631462 -1.6745929718 1.2430654764
5.8240909576 0.5788993835 -1.7040967941 1.2453273535
5.8858356476 0.5557241440 -1.7428212166 1.2432395220
5.9405651093 0.5244379044 -1.7907657623 1.2385418415
5.9924869537 0.4850401878 -1.8483910561 1.2329741716
6.0430049896 0.4392690659 -1.9143142700 1.2287985086
6.0935239792 0.3882842064 -1.9876136780 1.2281025648
6.1510591507 0.3344020844 -2.0650625229 1.2329741716
6.2156105042 0.2799406052 -2.1438937187 1.2451533079
6.2927923203 0.2272171974 -2.2208814621 1.2656838894
6.3840065002 0.1791286469 -2.2932586670 1.2954357862
6.4920597076 0.1374135017 -2.3568773270 1.3342351913
6.6183567047 0.1055479050 -2.4094314575 1.3810378313
6.7600889206 0.0846905708 -2.4490780830 1.4341042042
6.9158554077 0.0759997368 -2.4748940468 1.4913461208
7.0800409317 0.0806345940 -2.4859580994 1.5496320724
7.2498397827 0.0985956192 -2.4836530685 1.6058301926
7.4182348251 0.1293025017 -2.4689011574 1.6564607620
7.5768070221 0.1715970039 -2.4444680214 1.6985657215
7.7213468552 0.2237410545 -2.4131197929 1.7288396358
7.8434333801 0.2834167480 -2.3771615028 1.7455425262
7.9402608871 0.3477277756 -2.3398199081 1.7471084595
8.0076189041 0.4137768745 -2.3043227196 1.7330155373
8.0441045761 0.4786667824 -2.2720527649 1.7041335106
8.0525245667 0.5400810242 -2.2448534966 1.6616804600
8.0356845856 0.5945425034 -2.2222642899 1.6084401608
8.0020055771 0.6408925056 -2.2042851448 1.5477182865
7.9570999146 0.6768140793 -2.1886110306 1.4833428860
7.9121952057 0.7023062706 -2.1729369164 1.4193152189
7.8757095337 0.7162117958 -2.1540360451 1.3599853516
7.8560628891 0.7202672958 -2.1282196045 1.3091808558
7.8630790710 0.7144732475 -2.0913395882 1.2696856260
7.9009685516 0.7005681992 -2.0392460823 1.2437614202
7.9725360870 0.6814489365 -1.9696345329 1.2329741716
8.0763807297 0.6582736969 -1.8792781830 1.2368018627
8.2068872452 0.6339402199 -1.7667932510 1.2540267706
8.3556365967 0.6101856232 -1.6317195892 1.2823867798
8.5099983215 0.5887484550 -1.4759006500 1.3182282448
8.6545381546 0.5713672638 -1.3011803627 1.3573755026
8.7710113525 0.5586209297 -1.1112470627 1.3953049183
8.8425798416 0.5510892868 -0.9111716747 1.4269707203
8.8509998322 0.5481920242 -0.7060253620 1.4476752281
8.7780284882 0.5487713814 -0.5022621155 1.4534168243
8.6124391556 0.5510892868 -0.3058748245 1.4405417442
8.3444099426 0.5545654297 -0.1233177185 1.4071360826
7.9683265686 0.5557241440 0.0403385162 1.3519818783
7.4883995056 0.5539860725 0.1804833412 1.2754272223
6.9088382721 0.5464539528 0.2934291363 1.1788638830
6.2436761856 0.5319695473 0.3773317337 1.0650758743
5.5097522736 0.5093736649 0.4317300320 0.9380646944
4.7295207977 0.4786667824 0.4566242695 0.8020061255
3.9296417236 0.3494658470 0.8655338287 0.5326728821
4.6874217987 0.3894429207 1.0688362122 0.6196668148
5.4157314301 0.4236259460 1.2785925865 0.7000491619
6.0935239792 0.4508566856 1.4920369387 0.7706882954
6.7011508942 0.4699764252 1.7064033747 0.8291482925
7.2231769562 0.4815635681 1.9193867445 0.8735151291
7.6497783661 0.4867782593 2.1296041012 0.9025712013
7.9767465591 0.4861989021 2.3356723785 0.9156202078
8.2026767731 0.4809842110 2.5371308327 0.9131844044
8.3345870972 0.4728732109 2.7339789867 0.8961335421
8.3808956146 0.4636030197 2.9262173176 0.8660336733
8.3542327881 0.4554920197 3.1147675514 0.8247985840
8.2686319351 0.4491186142 3.2987077236 0.7750380039
8.1423349380 0.4462218285 3.4784989357 0.7193619013
7.9893760681 0.4479598999 3.6532189846 0.6603800058
7.8279972076 0.4543328285 3.8228683472 0.6007021666
7.6680212021 0.4653410912 3.9856023788 0.5427641869
7.5220785141 0.4804048538 4.1400384903 0.4883059263
7.3999919891 0.4995245934 4.2847929001 0.4388933182
7.3031644821 0.5209612846 4.4184842110 0.3957443833
7.2358064651 0.5435571671 4.5397276878 0.3592069149
7.1965141296 0.5661530495 4.6471414566 0.3294549584
7.1838846207 0.5875897408 4.7398033142 0.3063145876
7.1909008026 0.6072888374 4.8186349869 0.2887418270
7.2133541107 0.6240906715 4.8836359978 0.2762146592
7.2456293106 0.6385750771 4.9366512299 0.2673413157
7.2821149826 0.6501626968 4.9795246124 0.2610777020
7.3186006546 0.6600117683 5.0150222778 0.2563800812
7.3508768082 0.6692819595 5.0459089279 0.2520303726
7.3775396347 0.6785521507 5.0754137039 0.2475066781
7.3971853256 0.6889810562 5.1067614555 0.2417650819
7.4098148346 0.7028861046 5.1427197456 0.2346315384
7.4182348251 0.7202672958 5.1846714020 0.2257581949
7.4210414886 0.7422833443 5.2344594002 0.2153189182
7.4210414886 0.7695140839 5.2930068970 0.2034877539
7.4210414886 0.8025388718 5.3589301109 0.1902646422
7.4196376801 0.8407778740 5.4313077927 0.1763455868
7.4182348251 0.8836517334 5.5082950592 0.1619046330
7.4168319702 0.9305810928 5.5862045288 0.1476376057
7.4140253067 0.9792490005 5.6622705460 0.1335445642
7.4056053162 1.0290751457 5.7328033447 0.1201475263
7.3915719986 1.0794811249 5.7941169739 0.1076204181
7.3691196442 1.1281485558 5.8439054489 0.0959631801
7.3326339722 1.1744990349 5.8798637390 0.0851759315
7.2835187912 1.2185316086 5.8996868134 0.0754325986
7.2203702927 1.2602467537 5.9029140472 0.0663852692
7.1403827667 1.3002238274 5.8904666901 0.0578598380
7.0463619232 1.3390421867 5.8623456955 0.0496824384
6.9397115707 1.3784396648 5.8217773438 0.0416789651
6.8232374191 1.4195754528 5.7701449394 0.0333275795
6.6997480392 1.4641876221 5.7106752396 0.0246281624
6.5748538971 1.5140140057 5.6456737518 0.0152328014
6.4485578537 1.5702135563 5.5779066086 0.0047935247
6.3278741837 1.6339449883 5.5092172623 -0.0066896677
6.2156105042 1.7052085400 5.4409885406 -0.0195647478
6.1103639603 1.7840037346 5.3741436005 -0.0336577892
6.0163431168 1.8697516918 5.3077588081 -0.0494906902
5.9307422638 1.9607138634 5.2413744926 -0.0665414929
5.8535614014 2.0557317734 5.1740679741 -0.0848102272
5.7805881500 2.1524877548 5.1030735970 -0.1042968929
5.7118282318 2.2486643791 5.0274691582 -0.1246534586
5.6416625977 2.3425233364 4.9454107285 -0.1451840401
5.5700950623 2.4317474365 4.8559761047 -0.1655406356
5.4929141998 2.5157573223 4.7587041855 -0.1850272715
5.4101200104 2.5933938026 4.6549787521 -0.2031220198
5.3217105865 2.6652364731 4.5466427803 -0.2189549208
5.2304973602 2.7318649292 4.4369239807 -0.2320040166
5.1406860352 2.7950170040 4.3295106888 -0.2415733337
5.0550861359 2.8575897217 4.2294731140 -0.2473149300
4.9807109833 2.9230594635 4.1428041458 -0.2488808334
4.9245796204 2.9937434196 4.0741147995 -0.2462710142
4.8937072754 3.0736975670 4.0289363861 -0.2398334742
4.8923034668 3.1663978100 4.0114183426 -0.2300901413
4.9301929474 3.2747414112 4.0257096291 -0.2179109752
5.0073738098 3.4004662037 4.0722708702 -0.2043399215
5.1280574799 3.5447311401 4.1524853706 -0.1911168396
5.2908382416 3.7086949348 4.2640480995 -0.1796336472
5.4957199097 3.8911986351 4.4037318230 -0.1718041897
5.7370872498 4.0910840034 4.5669269562 -0.1693683565
6.0093259811 4.3060331345 4.7467184067 -0.1740660369
6.3054218292 4.5325694084 4.9361906052 -0.1872891188
6.6169528961 4.7683758736 5.1284284592 -0.2100815177
6.9355010986 5.0093970299 5.3165178299 -0.2433132231
7.2540493011 5.2538938522 5.4935431480 -0.2873321474
7.5655813217 5.4983911514 5.6544332504 -0.3417903781
7.8672895432 5.7423090935 5.7968831062 -0.4056439400
8.1535615921 5.9856472015 5.9185876846 -0.4778489172
8.4272041321 6.2284064293 6.0209302902 -0.5566654205
8.6910238266 6.4729037285 6.1071381569 -0.6394836903
8.9492301941 6.7214565277 6.1813592911 -0.7245637774
9.2074365616 6.9781208038 6.2500491142 -0.8091219068
9.4768695831 7.2457928658 6.3210434914 -0.8908962011
9.7631416321 7.5291080475 6.4017190933 -0.9676249027
10.0774793625 7.8309640884 6.4999127388 -1.0375680923
10.4254970551 8.1548357010 6.6220784187 -1.0995076895
10.8142099380 8.5024623871 6.7737483978 -1.1524000168
11.2464246750 8.8732633591 6.9572277069 -1.1962449551
11.7221422195 9.2672405243 7.1738991737 -1.2312165499
12.2399578094 9.6809158325 7.4219188690 -1.2583587170
12.7900495529 10.1096544266 7.6957545280 -1.2787152529
13.3668041229 10.5470848083 7.9889526367 -1.2942001820
13.9547843933 10.9868316650 8.2918319702 -1.3063793182
14.5413627625 11.4202060699 8.5928668976 -1.3171665668
15.1096973419 11.8385162354 8.8809928894 -1.3281278610
15.6429500580 12.2330722809 9.1433038712 -1.3406549692
16.1256828308 12.5963420868 9.3678131104 -1.3554439545
16.5438652039 12.9196338654 9.5434551239 -1.3731906414
16.8820590973 13.1971559525 9.6619319916 -1.3931993246
17.1318454742 13.4248514175 9.7158699036 -1.4149477482
17.2862091064 13.5980844498 9.7020397186 -1.4368703365
17.3395347595 13.7168569565 9.6185979843 -1.4572268724
17.2932243347 13.7805891037 9.4678497314 -1.4741036892
17.1486854553 13.7904376984 9.2548666000 -1.4848909378
16.9129314423 13.7498817444 8.9851799011 -1.4876747131
16.5943832397 13.6618165970 8.6693935394 -1.4801932573
16.2042675018 13.5320358276 8.3162651062 -1.4612286091
15.7510032654 13.3634366989 7.9368591309 -1.4293887615
15.2514305115 13.1618137360 7.5427017212 -1.3843259811
14.7139682770 12.9312210083 7.1439337730 -1.3263878822
14.1526498795 12.6751365662 6.7488541603 -1.2566187382
13.5772981644 12.3976154327 6.3662219048 -1.1764104366
12.9991407394 12.1009740829 6.0011072159 -1.0881984234
12.4265966415 11.7881107330 5.6571989059 -0.9945930243
11.8652782440 11.4613418579 5.3363409042 -0.8987256289
11.3236064911 11.1224060059 5.0394554138 -0.8033803105
10.8029832840 10.7742004395 4.7646970749 -0.7115147114
10.3104267120 10.4196214676 4.5097627640 -0.6259126067
9.8459358215 10.0609874725 4.2709631920 -0.5488359928
9.4137210846 9.7029323578 4.0455327034 -0.4815026522
9.0137815475 9.3500909805 3.8297832012 -0.4249565899
8.6503286362 9.0065202713 3.6214098930 -0.3795457482
8.3233604431 8.6780128479 3.4181075096 -0.3447481692
8.0328779221 8.3703641891 3.2184932232 -0.3195199370
7.7802848816 8.0887870789 3.0234889984 -0.3022951186
7.5641775131 7.8373370171 2.8330945969 -0.2911598980
7.3859586716 7.6212291718 2.6505374908 -0.2842003703
7.2428226471 7.4416227341 2.4762783051 -0.2791547179
7.1319627762 7.3008337021 2.3140053749 -0.2741090655
7.0491685867 7.1977047920 2.1669454575 -0.2674975395
6.9916334152 7.1304969788 2.0364813805 -0.2579281926
6.9509372711 7.0945754051 1.9253797531 -0.2452270985
6.9242744446 7.0853052139 1.8336400986 -0.2288722098
6.9046287537 7.0951547623 1.7621846199 -0.2092115879
6.8849830627 7.1165919304 1.7091693878 -0.1874631047
6.8569164276 7.1420841217 1.6727501154 -0.1644966900
6.8190279007 7.1629419327 1.6501609087 -0.1420522630
6.7628955841 7.1722121239 1.6363308430 -0.1213476956
6.6885213852 7.1635212898 1.6280328035 -0.1041229069
6.5916938782 7.1316556931 1.6197347641 -0.0914217830
6.4710102081 7.0731382370 1.6072876453 -0.0842882693
6.3306808472 6.9873905182 1.5860815048 -0.0834183395
6.1721086502 6.8738327026 1.5528893471 -0.0884639919
5.9981002808 6.7353615761 1.5044840574 -0.0990772545
5.8128643036 6.5754537582 1.4399435520 -0.1143881679
5.6234207153 6.3993225098 1.3588070869 -0.1328308880
5.4353790283 6.2127633095 1.2615354061 -0.1530134976
5.2515468597 6.0221481323 1.1499726772 -0.1728481054
5.0775375366 5.8326916695 1.0273458958 -0.1907688677
4.9175624847 5.6501879692 0.8973430395 -0.2048618793
4.7744255066 5.4786925316 0.7636522055 -0.2137352824
4.6495323181 5.3216810226 0.6313443184 -0.2163451016
4.5428829193 5.1808924675 0.5045685768 -0.2119953930
4.4544754028 5.0563263893 0.3879346848 -0.2005122006
4.3815040588 4.9468240738 0.2851309776 -0.1824174523
4.3225650787 4.8512268066 0.1989235878 -0.1584071219
4.2762565613 4.7654790878 0.1320779324 -0.1298730969
4.2369632721 4.6866836548 0.0845947266 -0.0980333090
4.2060909271 4.6119441986 0.0583176613 -0.0649756193
4.1780261993 4.5377836227 0.0509414673 -0.0320919156
4.1527671814 4.4613060951 0.0620055199 -0.0011220574
4.1303138733 4.3819313049 0.0882828236 0.0265420079
4.1092643738 4.2979216576 0.1274681091 0.0496824384
4.0924243927 4.2104358673 0.1758732796 0.0674291849
4.0797958374 4.1212115288 0.2293496132 0.0797823071
4.0727787018 4.0314083099 0.2851309776 0.0865678787
4.0741825104 3.9445014000 0.3386073112 0.0883077383
4.0840053558 3.8628091812 0.3874738216 0.0858718753
4.1064567566 3.7903871536 0.4289638996 0.0801302791
4.1401367188 3.7295525074 0.4603121281 0.0724748373
4.1850414276 3.6814641953 0.4805963039 0.0637754202
4.2411746979 3.6472809315 0.4884333611 0.0554240346
4.3071289062 3.6270027161 0.4838232994 0.0479425192
4.3815040588 3.6194708347 0.4676883221 0.0420269370
4.4614906311 3.6223678589 0.4404890537 0.0383732319
4.5442867279 3.6327965260 0.4045307636 0.0366333127
4.6270809174 3.6461222172 0.3607354164 0.0368072987
4.7084712982 3.6594479084 0.3114082813 0.0381991863
4.7870559692 3.6681385040 0.2597758770 0.0406350493
4.8586235046 3.6681385040 0.2072215080 0.0432448387
4.9259815216 3.6565508842 0.1560502052 0.0455067158
4.9877281189 3.6310584545 0.1081058979 0.0468986034
5.0466651917 3.5905020237 0.0652325153 0.0472465754
5.1042003632 3.5337228775 0.0278913975 0.0465506315
5.1631393433 3.4618802071 -0.0025348663 0.0453327298
5.2262878418 3.3767118454 -0.0265069008 0.0441148281
5.2978553772 3.2793765068 -0.0444860458 0.0439408422
5.3792457581 3.1733503342 -0.0569331646 0.0463766456
5.4760742188 3.0603718758 -0.0656921864 0.0522922277
5.5883369446 2.9421789646 -0.0712242126 0.0636014342
5.7202472687 2.8216683865 -0.0762953758 0.0813482404
5.8689975739 2.6994197369 -0.0822882652 0.1070984006
6.0373926163 2.5754330158 -0.0915083885 0.1415480375
6.2240304947 2.4497082233 -0.1048774719 0.1850450039
6.4275083542 2.3205070496 -0.1242396832 0.2379373312
6.6436157227 2.1855123043 -0.1505167484 0.2995290756
6.8737564087 2.0435647964 -0.1846311092 0.3687762618
7.1109132767 1.8906092644 -0.2265822887 0.4441130161
7.3564901352 1.7254867554 -0.2759096622 0.5239734650
7.6076793671 1.5458798409 -0.3326129913 0.6057478189
7.8602733612 1.3512089252 -0.3948483467 0.6871740818
8.1170759201 1.1414742470 -0.4612329006 0.7658166885
8.3738794327 0.9160966873 -0.5303833485 0.8390655518
8.6334886551 0.6785521507 -0.6004557610 0.9050070047
8.8945016861 0.4311580658 -0.6686842442 0.9615530968
9.1583213806 0.1779699326 -0.7341465950 1.0078338385
9.4249477386 -0.0781145096 -0.7945380211 1.0426313877
9.6943798065 -0.3313026428 -0.8484754562 1.0659457445
9.9694261551 -0.5786967278 -0.8950366974 1.0781250000
10.2472782135 -0.8150825500 -0.9337608814 1.0802128315
10.5293407440 -1.0387220383 -0.9632651806 1.0736012459
10.8128061295 -1.2461390495 -0.9844713211 1.0600302219
11.0962724686 -1.4379129410 -0.9973793030 1.0415874720
11.3783349991 -1.6123056412 -1.0024504662 1.0207089186
11.6533803940 -1.7716341019 -1.0010674000 0.9994823933
11.9228134155 -1.9164786339 -0.9941523075 0.9799957275
12.1796159744 -2.0497355461 -0.9830882549 0.9639889002
12.4237899780 -2.1743016243 -0.9692580700 0.9530276060
12.6539297104 -2.2924942970 -0.9540450573 0.9479819536
12.8658275604 -2.4054727554 -0.9388320446 0.9493738413
13.0622892380 -2.5155544281 -0.9250018597 0.9573773146
13.2419109344 -2.6227393150 -0.9134767056 0.9714703560
13.4060964584 -2.7264480591 -0.9051787853 0.9906090498
13.5562486649 -2.8255214691 -0.9010298252 1.0137493610
13.6979818344 -2.9176425934 -0.9019517899 1.0391516685
13.8312950134 -2.9999141693 -0.9074838161 1.0650758743
13.9618015289 -3.0682802200 -0.9185478687 1.0899561644
14.0923080444 -3.1204242706 -0.9346828461 1.1117045879
14.2270240784 -3.1540279388 -0.9558889866 1.1289293766
14.3673534393 -3.1661949158 -0.9812443256 1.1400645971
14.5175065994 -3.1569252014 -1.0102875233 1.1438924074
14.6760787964 -3.1267976761 -1.0420966148 1.1398906708
14.8444747925 -3.0775508881 -1.0752887726 1.1271895170
15.0226926804 -3.0132398605 -1.1089420319 1.1059629917
15.2093315125 -2.9385004044 -1.1412122250 1.0762110949
15.4029865265 -2.8591251373 -1.1707165241 1.0386296511
15.5994472504 -2.7814884186 -1.1960716248 0.9940887690
15.7987155914 -2.7108049393 -1.2158946991 0.9432842731
15.9951763153 -2.6534461975 -1.2288029194 0.8874342442
16.1888313293 -2.6140489578 -1.2343349457 0.8277562857
16.3768730164 -2.5955085754 -1.2320299149 0.7654687166
16.5578975677 -2.5995645523 -1.2214267254 0.7017891407
16.7290992737 -2.6244773865 -1.2034478188 0.6377615929
16.8932857513 -2.6690897942 -1.1794755459 0.5744299889
17.0504550934 -2.7270269394 -1.1504323483 0.5123162270
17.1977996826 -2.7924966812 -1.1190841198 0.4524644613
17.3409366608 -2.8579664230 -1.0877358913 0.3950484395
17.4770565033 -2.9153251648 -1.0596146584 0.3404161930
17.6089668274 -2.9564609528 -1.0374865532 0.2890897989
17.7380695343 -2.9738416672 -1.0241174698 0.2407211661
17.8615589142 -2.9616746902 -1.0227344036 0.1953102946
17.9822425842 -2.9153251648 -1.0347206593 0.1528572440
18.0973129272 -2.8336324692 -1.0623807907 0.1131880283
18.2039642334 -2.7160186768 -1.1061761379 0.0757806301
18.3021945953 -2.5671191216 -1.1656453609 0.0406350493
18.3877944946 -2.3921470642 -1.2398669720 0.0075773597
18.4579601288 -2.1986351013 -1.3260746002 -0.0240884423
18.5098819733 -1.9952740669 -1.4215021133 -0.0540143847
18.5407543182 -1.7930712700 -1.5215396881 -0.0827223659
18.5477714539 -1.6012973785 -1.6224994659 -0.1100384891
18.5281257629 -1.4303812981 -1.7188491821 -0.1364846528
18.4818153381 -1.2878541946 -1.8055176735 -0.1617128849
18.4074420929 -1.1800899506 -1.8783559799 -0.1858972013
18.3064041138 -1.1123027802 -1.9332156181 -0.2090376019
18.1801071167 -1.0844926834 -1.9659466743 -0.2313080430
18.0285511017 -1.0966596603 -1.9751667976 -0.2525345683
17.8545436859 -1.1453275681 -1.9599537849 -0.2728911638
17.6622924805 -1.2241230011 -1.9198465347 -0.2922038138
17.4517974854 -1.3266725540 -1.8571500778 -0.3108205199
17.2272701263 -1.4437065125 -1.7741694450 -0.3283933103
16.9901123047 -1.5676937103 -1.6745929718 -0.3454441428
16.7403259277 -1.6899418831 -1.5634908676 -0.3616250157
16.4807167053 -1.8035001755 -1.4454741478 -0.3772839308
16.2098808289 -1.9025735855 -1.3265357018 -0.3924208581
15.9278182983 -1.9825277328 -1.2103626728 -0.4068618417
15.6331262589 -2.0416240692 -1.1029491425 -0.4209548831
15.3244018555 -2.0810217857 -1.0070605278 -0.4343519211
15.0016431808 -2.1007204056 -0.9259238243 -0.4472270608
14.6620464325 -2.1053557396 -0.8613834381 -0.4592322111
14.3056087494 -2.0984029770 -0.8139002323 -0.4703674316
13.9323320389 -2.0844979286 -0.7825520039 -0.4804587364
13.5436191559 -2.0682754517 -0.7659559250 -0.4893321395
13.1408739090 -2.0526323318 -0.7618067265 -0.4969875813
12.7269010544 -2.0404653549 -0.7673387527 -0.5032511353
12.3059129715 -2.0317745209 -0.7793250084 -0.5079488158
11.8849239349 -2.0271396637 -0.7940769196 -0.5109066367
11.4667425156 -2.0230841637 -0.8092901707 -0.5124725103
11.0569801331 -2.0161314011 -0.8221981525 -0.5122985244
10.6654605865 -2.0004882812 -0.8309571743 -0.5107326508
10.2949905396 -1.9715194702 -0.8355672359 -0.5076008439
9.9511833191 -1.9228515625 -0.8351063728 -0.5035991073
9.6382484436 -1.8504295349 -0.8314182758 -0.4985534847
9.3603954315 -1.7496180534 -0.8249642849 -0.4928118885
9.1176252365 -1.6186785698 -0.8180491924 -0.4867222905
8.9113416672 -1.4570322037 -0.8129782677 -0.4804587364
8.7373323441 -1.2669968605 -0.8125171661 -0.4741951823
8.5941963196 -1.0526270866 -0.8175880909 -0.4681056142
8.4763193130 -0.8202967644 -0.8309571743 -0.4623639882
8.3780889511 -0.5786967278 -0.8521633148 -0.4571443498
8.2952947617 -0.3359375000 -0.8821287155 -0.4524466991
8.2181129456 -0.1018691063 -0.9194698334 -0.4482709765
8.1423349380 0.1142387390 -0.9632651806 -0.4447912276
8.0609445572 0.3031153679 -1.0107483864 -0.4421814084
7.9683265686 0.4583888054 -1.0586926937 -0.4402675331
7.8602733612 0.5748434067 -1.1043319702 -0.4393975735
7.7325735092 0.6495833397 -1.1444392204 -0.4395715594
7.5866298676 0.6831870079 -1.1757874489 -0.4411374629
7.4182348251 0.6779727936 -1.1956107616 -0.4442692399
7.2301931381 0.6379957199 -1.2025256157 -0.4493148923
7.0239086151 0.5707879066 -1.1946885586 -0.4562744200
6.8021879196 0.4844608307 -1.1720995903 -0.4654957652
6.5678377151 0.3871254921 -1.1361413002 -0.4768050015
6.3250675201 0.2880516052 -1.0877358913 -0.4900280833
6.0780878067 0.1953516006 -1.0296494961 -0.5048170686
5.8297042847 0.1159768105 -0.9651091099 -0.5206499696
5.5827236176 0.0551419258 -0.8968806267 -0.5363088846
5.3385505676 0.0163240433 -0.8291132450 -0.5507498384
5.1027965546 0.0012602806 -0.7641117573 -0.5627550483
4.8712539673 0.0076332092 -0.7055644989 -0.5702365041
4.6481304169 0.0331258774 -0.6543931961 -0.5719763637
4.4320220947 0.0736823082 -0.6129028797 -0.5660607815
4.2215270996 0.1235084534 -0.5810935497 -0.5510978103
4.0166473389 0.1762318611 -0.5585045815 -0.5256956220
3.8145713806 0.2272171974 -0.5442132950 -0.4889841378
3.6153049469 0.2700910568 -0.5359153748 -0.4406155050
3.4188423157 0.3007979393 -0.5317664146 -0.3809376359
3.2223815918 0.3170204163 -0.5290002823 -0.3109945059
3.0287265778 0.3170204163 -0.5253121853 -0.2325259745
2.8378791809 0.3019566536 -0.5183973312 -0.1483158171
2.6484336853 0.2729878426 -0.5068721771 -0.0611478686
2.4646015167 0.2341694832 -0.4893541336 0.0248021483
2.2863826752 0.1883988380 -0.4663038254 0.1055325270
2.1165847778 0.1403107643 -0.4377217293 0.1768676043
1.9566097260 0.0945396423 -0.4049904346 0.2344575524
1.8064556122 0.0545625687 -0.3704152107 0.2743008137
1.6689338684 0.0226969719 -0.3353791237 0.2934394479
1.5454425812 0.0018396378 -0.3031089306 0.2892637849
1.4359855652 -0.0091686249 -0.2754485607 0.2607297301
1.3405628204 -0.0103273392 -0.2556254864 0.2074894309
1.2591705322 -0.0039544106 -0.2445614338 0.1311087608
1.1904106140 0.0064744949 -0.2441003323 0.0341975093
1.1328754425 0.0169034004 -0.2537815571 -0.0794166028
1.0865650177 0.0238556862 -0.2736046314 -0.2046878934
1.0472736359 0.0232763290 -0.3026478291 -0.3358747959
1.0164012909 0.0122680664 -0.3386061192 -0.4663657248
0.9897384644 -0.0114860535 -0.3787133694 -0.5895491838
0.9686889648 -0.0491456985 -0.4202036858 -0.6995095015
0.9476394653 -0.0989723206 -0.4607717991 -0.7899832129
0.9293975830 -0.1603860855 -0.4967300892 -0.8564466238
0.9111537933 -0.2293319702 -0.5262343884 -0.8952459097
0.8915081024 -0.3023338318 -0.5469794273 -0.9046412706
0.8704586029 -0.3747558594 -0.5580434799 -0.8841106892
0.8480052948 -0.4408049583 -0.5589654446 -0.8352200985
0.8227462769 -0.4970045090 -0.5497453213 -0.7611012459
0.7960834503 -0.5381402969 -0.5322272778 -0.6661038399
0.7666149139 -0.5624737740 -0.5073330402 -0.5566654205
0.7329349518 -0.5682678223 -0.4778289795 -0.4387016296
0.6964492798 -0.5549421310 -0.4460196495 -0.3198679090
0.6571578979 -0.5242352486 -0.4146716595 -0.2069497406
0.6150588989 -0.4790434837 -0.3856284618 -0.1069067121
0.5687503815 -0.4234232903 -0.3616561890 -0.0254803300
0.5210380554 -0.3620095253 -0.3432161808 0.0328055620
0.4691162109 -0.3000159264 -0.3312299252 0.0648193359
0.4171943665 -0.2426576614 -0.3256978989 0.0689950585
0.3652725220 -0.1945695877 -0.3256978989 0.0458546877
0.3133506775 -0.1592273712 -0.3298470974 -0.0026879311
0.2656383514 -0.1395287514 -0.3358399868 -0.0731530488
0.2207317352 -0.1360521317 -0.3418331146 -0.1608429551
0.1828441620 -0.1482191086 -0.3455209732 -0.2601900399
0.1505680084 -0.1742911339 -0.3441381454 -0.3649307489
0.1281147003 -0.2113714218 -0.3358399868 -0.4689755440
0.1154861450 -0.2548246384 -0.3197050095 -0.5665827394
0.1126785278 -0.3005952835 -0.2943496704 -0.6527067423
0.1210994720 -0.3434696198 -0.2602355480 -0.7235198617
0.1393413544 -0.3788113594 -0.2178232670 -0.7758902311
0.1660041809 -0.4025659561 -0.1680350304 -0.8089479208
0.2024898529 -0.4118356705 -0.1131756306 -0.8228669167
0.2445888519 -0.4037246704 -0.0550892353 -0.8186912537
0.2923011780 -0.3782320023 0.0034582615 -0.7995525599
0.3428192139 -0.3353581429 0.0606224537 -0.7685827017
0.3961448669 -0.2768411636 0.1136379242 -0.7299574018
0.4508724213 -0.2049980164 0.1611211300 -0.6878523231
0.5041980743 -0.1233062744 0.2026114464 -0.6462692022
0.5589275360 -0.0340819359 0.2371866703 -0.6088618040
0.6122512817 0.0591979027 0.2648468018 -0.5782399178
0.6669807434 0.1536364555 0.2874360085 -0.5561434627
0.7245159149 0.2474951744 0.3063371181 -0.5430943966
0.7848567963 0.3384575844 0.3233942986 -0.5385707021
0.8522148132 0.4271020889 0.3404514790 -0.5413545370
0.9251861572 0.5134296417 0.3602745533 -0.5486620069
1.0079822540 0.5974392891 0.3847076893 -0.5580573678
1.1020011902 0.6814489365 0.4151339531 -0.5657128096
1.2044429779 0.7666172981 0.4529361725 -0.5690186024
1.3181095123 0.8541035652 0.4981143475 -0.5650168657
1.4415988922 0.9444861412 0.5502078533 -0.5512717962
1.5721054077 1.0383453369 0.6078331470 -0.5267395377
1.7068233490 1.1345219612 0.6691465378 -0.4910719991
1.8429412842 1.2312779427 0.7318429947 -0.4449652135
1.9762554169 1.3262958527 0.7936173677 -0.3903329968
2.1039543152 1.4160993099 0.8507816792 -0.3301331997
2.2218322754 1.4966325760 0.9014921188 -0.2680194974
2.3256759644 1.5644197464 0.9429823160 -0.2076456845
2.4140834808 1.6148257256 0.9738695621 -0.1535354555
2.4856510162 1.6455326080 0.9936926365 -0.1096905172
2.5389766693 1.6536438465 1.0015296936 -0.0792426169
2.5768661499 1.6385800838 0.9992246628 -0.0651496053
2.6007213593 1.6009206772 0.9881606102 -0.0688033402
2.6147537231 1.5418241024 0.9706425667 -0.0905518234
2.6231746674 1.4665050507 0.9498974085 -0.1296991110
2.6329975128 1.3784396648 0.9291522503 -0.1839833558
2.6498374939 1.2845807076 0.9116340876 -0.2500987351
2.6793060303 1.1913008690 0.9010310173 -0.3240436018
2.7312278748 1.1055531502 0.9001090527 -0.4011202455
2.8084087372 1.0337104797 0.9102511406 -0.4762830138
2.9164638519 0.9821457863 0.9333013296 -0.5448342562
3.0595989227 0.9549150467 0.9687985182 -0.6019023061
3.2420272827 0.9554944038 1.0172038078 -0.6445293427
3.4623451233 0.9856219292 1.0762121677 -0.6699315906
3.7233581543 1.0441389084 1.1435186863 -0.6765431166
4.0236625671 1.1298871040 1.2168180943 -0.6643639803
4.3590507507 1.2382302284 1.2924226522 -0.6349599957
4.7295207977 1.3656933308 1.3680270910 -0.5904191136
5.1322669983 1.5070614815 1.4408656359 -0.5347429514
5.5630779266 1.6559615135 1.5086330175 -0.4715853631
6.0191497803 1.8077583313 1.5694854259 -0.4059919119
6.4990758896 1.9578170776 1.6238838434 -0.3428342938
7.0014562607 2.1038200855 1.6722891331 -0.2866362035
7.5262889862 2.2428705692 1.7156233788 -0.2413993478
8.0693635941 2.3749685287 1.7575746775 -0.2102555037
8.6348924637 2.5018522739 1.8009089231 -0.1952925622
9.2228727341 2.6252596378 1.8493142128 -0.1977283955
9.8319034576 2.7492463589 1.9069396257 -0.2172150314
10.4619827271 2.8767092228 1.9774730206 -0.2521865964
11.1159181595 3.0117042065 2.0646026134 -0.3003812432
11.7880964279 3.1577072144 2.1706333160 -0.3586671948
12.4785184860 3.3170359135 2.2974092960 -0.4233906865
13.1843757629 3.4914283752 2.4444692135 -0.4905500412
13.8986530304 3.6791467667 2.6113522053 -0.5564914346
14.6157369614 3.8784523010 2.7948315144 -0.6172132492
15.3300151825 4.0858697891 2.9916796684 -0.6702795625
16.0330657959 4.2956042290 3.1972870827 -0.7137765288
16.7178726196 4.5012831688 3.4056603909 -0.7464862466
17.3774223328 4.6959538460 3.6103458405 -0.7685827017
18.0046958923 4.8726639748 3.8058109283 -0.7805879116
18.5954837799 5.0250401497 3.9851412773 -0.7847635746
19.1469783783 5.1472887993 4.1437263489 -0.7833716869
19.6577777863 5.2365126610 4.2774171829 -0.7797179222
20.1292839050 5.2903947830 4.3829870224 -0.7771081328
20.5643062592 5.3089346886 4.4590520859 -0.7785000205
20.9698581696 5.2961883545 4.5065355301 -0.7871994376
21.3501510620 5.2562117577 4.5268197060 -0.8056421280
21.7178153992 5.1953768730 4.5231318474 -0.8353940845
22.0784626007 5.1212167740 4.5000815392 -0.8774991035
22.4447231293 5.0418419838 4.4636621475 -0.9317833781
22.8236122131 4.9659433365 4.4198670387 -0.9977247715
23.2249546051 4.9004740715 4.3751497269 -1.0732355118
23.6557655334 4.8518061638 4.3355035782 -1.1562278271
24.1188545227 4.8239960670 4.3064603806 -1.2435697317
24.6170234680 4.8187818527 4.2930912971 -1.3324775696
25.1516799927 4.8355836868 4.2986230850 -1.4194715023
25.7172069550 4.8709259033 4.3249006271 -1.5017677546
26.3108024597 4.9195933342 4.3728446960 -1.5767565966
26.9254455566 4.9752135277 4.4406123161 -1.6425240040
27.5541210175 5.0279369354 4.5268197060 -1.6975041628
28.1856040955 5.0690727234 4.6263961792 -1.7415231466
28.8142814636 5.0905094147 4.7356538773 -1.7745808363
29.4303264618 5.0829777718 4.8490610123 -1.7980691195
30.0253238678 5.0406832695 4.9597015381 -1.8132060766
30.5950622559 4.9584116936 5.0629663467 -1.8224275112
31.1353302002 4.8344249725 5.1519398689 -1.8278211355
31.6433238983 4.6693024635 5.2215514183 -1.8321708441
32.1204452515 4.4659409523 5.2681126595 -1.8375644684
32.5680961609 4.2295551300 5.2874746323 -1.8464378119
32.9904861450 3.9676766396 5.2773327827 -1.8600088358
33.3918304443 3.6895756721 5.2363033295 -1.8793215752
33.7777366638 3.4033632278 5.1634650230 -1.9047237635
34.1552238464 3.1194682121 5.0592784882 -1.9358675480
34.5313072205 2.8465816975 4.9251260757 -1.9717091322
34.9087905884 2.5910763741 4.7623920441 -2.0105085373
35.2932968140 2.3593254089 4.5733809471 -2.0503516197
35.6904296875 2.1542258263 4.3603978157 -2.0888028145
36.0987854004 1.9763569832 4.1262083054 -2.1234264374
36.5197753906 1.8251395226 3.8726563454 -2.1519606113
36.9533920288 1.6970973015 3.6029696465 -2.1721432209
37.3982391357 1.5870156288 3.3189918995 -2.1824083328
37.8500976562 1.4891006947 3.0234889984 -2.1815385818
38.3047676086 1.3964004517 2.7192268372 -2.1688375473
38.7608375549 1.3036999702 2.4085109234 -2.1446530819
39.2141036987 1.2052059174 2.0941069126 -2.1093335152
39.6589469910 1.0968623161 1.7797027826 -2.0644445419
40.0939712524 0.9775109291 1.4689867496 -2.0112042427
40.5177650452 0.8471508026 1.1656467915 -1.9520484209
40.9261245728 0.7075209618 0.8756759167 -1.8887168169
41.3190460205 0.5638351440 0.6027622223 -1.8236453533
41.6965332031 0.4213085175 0.3538205624 -1.7587479353
42.0557785034 0.2874722481 0.1339221001 -1.6954163313
42.3953742981 0.1704382896 -0.0518622398 -1.6352164745
42.7139205933 0.0783171654 -0.1970782280 -1.5788444281
43.0114212036 0.0180621147 -0.2975766659 -1.5266480446
43.2836608887 -0.0033750534 -0.3492090702 -1.4784533978
43.5264282227 0.0186414719 -0.3496701717 -1.4337384701
43.7355194092 0.0852699280 -0.2966547012 -1.3914594650
43.9067230225 0.1970896721 -0.1915462017 -1.3509202003
