44.9269180298 0.8755402565 0.0878217220 -0.4487929344
43.7734069824 0.4166736603 0.3376853466 -0.7611012459
44.4329605103 -0.0317645073 0.0301964283 -1.3806722164
44.3950691223 1.5134346485 0.7585811615 -1.5701450109
43.7734069824 1.4224724770 1.0227358341 -1.6533112526
43.8028793335 2.2023141384 1.0858932734 -0.7912011147
43.5825614929 1.3031206131 2.6155011654 -1.3283017874
42.8542518616 3.1687154770 2.7307519913 -0.4002503157
41.8817672729 1.8286159039 2.2088966370 -0.9091649055
41.7302093506 2.3581666946 3.5541033745 -1.8027667999
41.4916534424 3.1171507835 3.7753849030 -0.8936799765
41.6768875122 2.8761298656 2.9299054146 -1.1718866825
41.1422309875 2.9809970856 2.4702854156 -0.7134285569
39.7641944885 2.1229395866 3.3637092113 -0.2601900399
39.9915275574 2.4514462948 2.7086238861 -0.4002503157
39.3235626221 2.2689425945 3.3180699348 -0.1201297939
36.5716972351 2.7150630951 4.0999307632 -1.5567479134
37.7364349365 2.8535342216 3.5292091370 -0.7242158055
36.2713928223 2.0070641041 3.7952079773 -0.7551856637
36.2938461304 2.3848180771 3.0525321960 -0.3948566914
35.3480224609 2.8135571480 3.1839179993 -0.7402226925
33.6444244385 2.1420588493 3.0682063103 0.2320217490
34.2969551086 1.9954764843 2.5707840919 -0.5979005694
32.8473510742 2.6084575653 3.1249096394 -0.8233889341
32.7477188110 1.3674316406 2.5753939152 -1.0878505707
33.3637619019 1.4033529758 2.5528049469 -1.0074681044
32.3870697021 1.9137842655 0.8461717367 -0.7734543681
32.2663879395 1.1090292931 0.9162441492 -1.1017695665
32.5316085815 1.1698637009 0.8069864511 -0.2467929721
30.8420410156 1.8587434292 0.6368763447 -0.4484449625
31.1914634705 0.7052035332 0.7004947662 -1.2404379845
30.4785881042 0.1733350754 0.4764473438 0.8917838335
31.9239826202 1.2382302284 1.0144377947 -0.9944189787
30.4098281860 0.9421687126 0.3759486675 0.0089692473
29.8976249695 0.9954714775 -0.6198179722 -0.8094698787
31.1381378174 -0.0236530304 0.0693817139 0.1224093437
30.3607120514 0.3651089668 -0.3252370358 0.1213654280
30.7059230804 0.2457571030 -0.9867763519 -0.0138231516
30.6596145630 1.0638380051 -0.0850543976 -0.2657576501
30.2049465179 -0.1737117767 -0.9466691017 -0.9469202757
30.5038490295 0.3575768471 -1.1153960228 -0.1973804235
30.5543670654 -0.0294470787 -0.0652313232 -0.8385258913
29.8934135437 -0.1835613251 -1.3150105476 0.0992689729
30.0716323853 0.7220053673 -0.3741033077 -0.5577093959
29.5664463043 0.0215382576 -1.0471677780 -0.8820228577
30.3228225708 0.0574598312 -1.1573474407 0.3619906902
30.1810913086 -0.2229590416 -1.0798988342 -0.4402675331
29.1342315674 0.4659204483 -1.7515802383 -0.3118644655
28.4466171265 0.4867782593 -1.1273822784 -0.3170840740
28.8984775543 -0.2704677582 -1.9617977142 -0.3196939230
26.9170246124 0.7753081322 -1.3532738686 0.2523783445
28.1589412689 0.2248997688 -1.0794379711 0.7993962765
26.7388057709 -0.1737117767 -0.0039179325 0.0009657741
25.6568660736 0.2075185776 -0.7848570347 0.0282819271
24.9117164612 0.0215382576 -2.2499246597 -0.3056008816
24.9117164612 -0.2061572075 -1.6418614388 0.8390655518
23.7133007050 0.2608208656 -0.7493598461 0.6207107306
22.8095798492 0.1965103149 -1.8944911957 0.3677322865
22.6987190247 -0.7472953796 -0.8830506802 -0.1904208958
21.8118362427 0.8129677773 0.2270445824 0.6765608788
21.3066501617 -0.2895874977 -0.4769070148 0.1046625972
20.4043312073 0.4960484505 -0.5008790493 0.7104884386
19.8107376099 0.1432075500 -0.9019517899 0.4790846109
19.2718715668 -0.1945695877 -0.5746395588 0.4726470709
19.5384979248 0.3349814415 -1.6169672012 -0.0585380793
18.3078079224 0.2950043678 -0.9817051888 -0.1317869723
18.4593639374 0.3784346581 -0.6852803230 -0.2565363050
17.3367271423 0.9937334061 -0.5027232170 -0.6231288314
17.8138465881 -0.3278260231 0.1353051662 0.2734308839
17.3928585052 0.4410076141 -1.6441664696 1.3163143396
17.1809616089 0.9155173302 -0.7659559250 -0.3426603079
16.3642425537 0.0783171654 -0.6548540592 0.7774738073
15.4535045624 0.5528273582 -0.6686842442 0.5037908554
15.5208625793 1.3123908043 -0.2044541836 0.9723403454
15.6962747574 -0.0786938667 -0.1850919724 -0.2419213057
14.8528938293 0.7162117958 -0.7544307709 -0.0193907619
14.7967624664 0.0841112137 -0.9240798950 1.0271464586
14.8767499924 -0.0352406502 0.4013037682 0.8049639463
14.9441089630 0.9647645950 -1.2131288052 -0.1646706760
13.8284883499 0.8680086136 -0.7562747002 0.3358924985
13.9646081924 0.3766965866 -0.3911604881 0.5175359249
14.7883424759 0.2666149139 -0.3081798553 0.5587710142
14.3827896118 1.2782073021 -1.8262629509 1.0010483265
13.8326978683 0.8436746597 -0.1173245907 0.4253222942
13.3920631409 -0.2988572121 -0.8208150864 -0.0595819950
14.1554565430 1.1814513206 -0.7811689377 0.4357615709
13.2741870880 1.1113467216 -0.3796353340 0.5956565142
13.1450834274 0.4583888054 -0.4796729088 0.8032240868
12.2988967896 0.4450631142 -1.3790898323 0.4517685175
12.1122579575 1.1038150787 -1.3984518051 1.0123574734
11.9298295975 0.2150502205 -1.7294521332 0.4284541011
10.9882183075 0.3326640129 -0.4898149967 0.5123162270
10.3848018646 0.4068241119 -1.1771705151 0.2034877539
10.0241546631 0.4010305405 -0.3957703114 0.1298908591
9.8950510025 0.4218878746 0.0177493095 -0.4821986258
9.5835199356 0.5719466209 -0.4026854038 -0.2370496690
9.1583213806 0.5111122131 -1.0268836021 0.7169260979
8.0384912491 0.5209612846 -0.5451354980 0.6217546463
7.5108528137 0.7770462036 -0.7996089458 0.2666453123
8.1409320831 -0.1262030602 -0.3049528599 0.0803042650
7.8378200531 0.1866607666 -0.6696062088 0.4256702662
8.4145746231 -0.0653681755 -0.4248135090 1.1197080612
7.5641775131 0.6895604134 -0.2441003323 0.2596858144
7.4659471512 0.9914159775 -0.8807456493 0.3578150272
7.6175031662 0.3859667778 -0.0283510685 -0.4952477217
7.5838241577 0.8929214478 -1.1153960228 0.8841284513
6.6688747406 0.4259433746 -1.0895800591 0.5784317255
5.8858356476 0.1675415039 -0.1329987049 -0.6050340533
5.7384910583 -0.1812438965 -0.7705659866 1.0386296511
5.8718032837 -0.9309577942 -0.1869361401 1.2378458977
6.3348903656 0.6177172661 0.7332259417 0.4646435976
4.9301929474 -0.4738292694 -0.6497831345 0.4738649130
4.3716812134 0.2590827942 0.1320779324 0.3952224255
5.0887641907 -0.4738292694 -0.7447497845 0.3913946748
3.7331809998 0.3877048492 0.1412980556 -0.6739332676
4.2313518524 -0.6557536125 0.0288133621 0.0810002685
3.7977333069 0.3668470383 -0.2049152851 0.8792567253
5.1505088806 0.2608208656 -0.2547035217 0.8629019260
4.4965744019 0.4143562317 0.0297353268 0.3992241025
4.7253112793 0.3517832756 -0.3298470974 -0.0068636537
4.4516677856 0.1907162666 -1.2163558006 0.2910036445
3.5479469299 0.5342869759 -0.2823636532 0.0303697586
3.9506912231 -0.0636301041 -0.6456339359 0.0930054188
3.6574039459 0.2283759117 -0.4243526459 0.5460698605
3.5100574493 0.7446012497 0.1754124165 0.6675134897
3.9001731873 1.3216607571 0.1703412533 0.3223214746
4.0531330109 -0.2988572121 -0.6129028797 0.9911309481
2.9445285797 0.1490011215 -0.2390294075 0.9408484697
3.0090808868 0.1281437874 0.4317300320 -0.9025534391
3.4076156616 0.1414694786 -0.1869361401 -0.2487068474
4.1555728912 0.4126176834 -0.2127523422 -0.4519247115
4.0797958374 -0.5190205574 1.0918862820 -0.2520126104
2.4281158447 0.4068241119 0.5930809975 -0.1608429551
3.5395259857 0.0864286423 0.4520142078 -0.1554493308
2.3284816742 0.1223497391 -0.1283886433 -0.5700625181
3.8749141693 0.8262934685 0.8480156660 0.0707349777
3.3500804901 -0.4871549606 0.3777925968 0.2459408045
3.1227474213 -0.2252764702 0.4409501553 0.0735187531
3.4034061432 0.0974369049 -0.3063359261 -1.0984637737
4.0868110657 0.1316199303 0.5027244091 0.3592069149
3.4034061432 0.1924543381 0.9936926365 -0.3800677061
2.8266525269 -0.0352406502 0.9918487072 0.3209295869
3.2293987274 0.0632534027 -0.0149819851 -0.7565775514
3.8061523438 0.3975539207 0.0560126305 0.0632534623
0.9967556000 0.0632534027 0.6806716919 0.8952636719
2.5866889954 0.1032304764 0.0449485779 -0.0489687324
2.4168891907 -0.7583036423 0.4192829132 -0.8120796680
3.4721679688 -0.6540155411 0.7129418850 0.0555980206
3.1143283844 -0.7299141884 0.4142119884 -0.5422244668
2.9978542328 0.1600093842 1.1767108440 0.0585557818
3.2293987274 -0.0978136063 0.1657311916 0.0987470150
2.5600261688 -1.0201821327 0.1708023548 -1.0796730518
2.6863231659 -0.2837934494 1.1993000507 0.1667762995
1.8780250549 -0.0752177238 0.5442147255 0.7183179855
3.0090808868 0.4050860405 0.5861659050 0.1530312300
2.2793674469 0.4751906395 0.0237424374 0.3470277786
2.9094467163 0.2799406052 0.8134404421 -0.6617541313
3.2813205719 -0.3579540253 0.4022257328 0.3463317752
3.4412956238 0.4508566856 0.8461717367 0.1514653563
2.6638698578 0.3992919922 0.2542438507 -0.2868101895
3.5254936218 0.8396186829 0.9429823160 0.0470725894
2.9024295807 0.7886338234 1.0236579180 0.1142319441
2.7157917023 0.0916428566 0.4782912731 0.3047487140
3.9506912231 0.6443686485 0.1233189106 -0.3276973367
2.4505691528 0.2666149139 -0.0145208836 -0.1952925622
2.9333019257 -0.2629361153 0.6806716919 -0.5498799086
2.7775363922 0.0348639488 0.2224345207 0.7950465679
2.7957801819 -0.2478723526 1.2297261953 -0.9949409962
3.5703983307 -0.0960755348 0.7207789421 -0.9206481576
3.0006599426 0.7011475563 0.0850558281 -0.4308722019
3.5058479309 -0.2386021614 0.4686102867 -0.3174320757
2.7508735657 0.0423960686 0.8000713587 -1.3145568371
1.8162803650 0.1866607666 -0.2044541836 -1.0429615974
2.7915706635 0.3917603493 0.6829767227 -0.8153854609
2.6975498199 -0.4129948616 0.2132146358 0.7378046513
2.6400146484 0.8094911575 0.7161688805 0.0004438162
1.8092632294 0.2666149139 0.6926577091 0.5485057831
1.3419647217 -0.5532040596 1.2818195820 -0.5204759836
2.0450172424 -0.1111392975 0.7848583460 0.2558580637
2.3481292725 0.2950043678 0.7880853415 0.0335015655
2.3860168457 -0.3069686890 0.2376477718 0.7875651121
1.2998676300 -0.7415013313 0.3575084209 -0.7884173393
2.5530090332 -0.0468282700 0.6345713139 -0.5319591761
2.8112163544 -0.4112563133 0.3390684128 -0.5211719275
1.4822959900 0.1391520500 1.2550814152 0.2088813782
1.3307399750 0.9780902863 0.6465573311 -0.5547515750
1.4668598175 0.2474951744 1.3551189899 -0.2180849612
2.2639312744 0.5586209297 0.4640002251 -0.2440091670
0.4494705200 0.3749585152 1.5155481100 -0.0494906902
1.0346431732 1.2005710602 0.1357660294 -0.7294354439
1.5664920807 0.2874722481 1.7114744186 -0.3875491917
1.8850402832 -0.0503044128 1.1047943830 -0.4994234145
1.2086524963 1.0771636963 0.1486742496 0.1744317412
1.6717395782 0.7695140839 -0.0882813931 -0.6306102872
2.1811370850 0.5058975220 -0.2293484211 0.1754756570
1.0346431732 -0.6047687531 1.0748292208 -0.2184329629
2.2639312744 -0.2669916153 -0.0509402752 0.2264541388
1.8920574188 0.4850401878 -0.1122536659 0.2892637849
1.4752788544 0.8187613487 0.4976534843 0.3137960434
0.8901042938 -0.0543603897 0.1145598888 0.3278890848
1.4528255463 -0.2386021614 1.1550437212 -0.8754112720
1.3574028015 -0.1018691063 -0.0518622398 -0.2450531125
1.6577072144 0.2874722481 -1.0167415142 0.0763025880
1.0655155182 0.8187613487 0.2035334110 -0.3640608191
2.3677749634 -0.5230765343 -0.0975015163 0.5258873701
0.8101158142 1.4966325760 0.6295003891 -0.4152132869
1.9678344727 -0.4680356979 1.4680647850 -0.5084707737
1.4289703369 0.0180621147 0.2975780964 -0.4773269594
1.7713737488 0.8129677773 0.4612340927 -0.5972046256
1.6492881775 0.3176002502 1.3242318630 0.3336306810
1.7096290588 0.3749585152 1.0937303305 -1.0713217258
1.1791839600 0.3558387756 1.6243448257 0.1457237601
2.1390380859 0.2173676491 -0.3146338463 0.2435049415
1.6113986969 0.2816786766 0.4506311417 -0.6915060878
1.5889453888 0.4676585197 0.9900046587 0.3179717660
0.6894340515 0.7104177475 0.9028750658 -0.5185620785
1.5089569092 0.0273318291 0.1763343811 0.3755617738
1.6647243500 0.2590827942 0.9591174126 0.2401991487
2.4814414978 0.8738021851 -0.0896644592 0.1055325270
1.5777187347 0.1941928864 1.2712165117 -0.6373958588
1.9538021088 0.6536388397 0.7765603065 0.2410691381
0.5785732269 0.1032304764 0.9028750658 -0.1862451732
1.1174392700 0.1565332413 0.3376853466 -0.1636267602
0.9279937744 -0.2438163757 0.5677258968 -0.3038610220
0.4985847473 -0.2078952789 0.9171661139 -0.0613218546
1.5959625244 -0.0259704590 0.8111355305 0.0281079412
1.6871757507 0.1466836929 -0.6258108616 -0.2307860851
1.8920574188 -0.1569099426 0.4616951942 1.2601163387
1.1483116150 -0.4605035782 1.0789781809 0.4912637472
-0.2409515381 0.0783171654 0.9323792458 0.4903937578
1.1258583069 0.6785521507 -0.0601601601 -0.1392684579
0.1617946625 0.4299993515 0.9628055096 0.1598167419
1.1567306519 -0.6314196587 0.3690335751 -0.0416612625
0.7048702240 0.0539832115 0.5294625759 -0.3398765028
1.5735092163 0.0447134972 -0.3943874836 0.5104024410
0.1996822357 0.5985980034 -0.4976520538 0.8013101816
-0.0893955231 0.8604764938 -0.1887800694 -0.4202589393
0.7539844513 0.1125006676 0.1684973240 -0.2848963439
0.9055404663 0.7312755585 -0.6124417782 -0.7562295794
-0.1118488312 0.2283759117 -0.3358399868 -0.1302210689
-0.1188640594 -0.4489159584 0.0845947266 -0.4524466991
0.2445888519 1.1223549843 -0.2302703857 0.2937874794
-0.2227096558 -0.2345466614 0.8139015436 0.0270639658
0.7834548950 0.0539832115 -0.5704905987 -0.1498817205
0.1239051819 0.1414694786 -0.2210502625 -0.5878092647
0.0818061829 0.5018420219 -0.5506675243 0.2408951521
0.1688098907 0.0783171654 0.3528983593 0.1824352145
0.3287868500 -0.0769557953 -0.9498960972 -0.6299143434
0.1309223175 -0.5740613937 -0.1099486351 0.7331069708
-0.0430870056 -0.6163558960 -0.3966925144 0.3049226999
-0.7840270996 0.1600093842 -0.0099108219 -1.3196024895
-0.5973892212 -0.0317645073 -0.0928914547 -0.0905518234
0.2937030792 -0.1887755394 -0.0933525562 -0.4834165275
0.0930328369 0.5076355934 -0.5054891109 -0.6097317338
-0.0809764862 -0.4187884331 -0.1371476650 -0.8244328499
0.1196956635 0.0806345940 1.0264239311 0.5714721680
0.2445888519 -0.1186709404 0.2786769867 0.5469398499
-0.1806106567 0.6252493858 -0.3031089306 -0.4928118885
0.3063335419 -0.1719737053 -0.4893541336 0.2836961746
-0.7264919281 -0.1227264404 -0.7475156784 -0.2760229409
0.6922397614 -0.7299141884 0.4948873520 0.2908296585
0.2417812347 -0.4396462440 -0.3621172905 0.3308469057
-0.5216102600 -0.4187884331 -0.2450225353 -0.4042520523
-0.8177051544 -0.4622416496 0.1187088490 -0.5331770778
0.3442230225 0.3176002502 -0.2035322189 0.1648623943
-0.1806106567 -0.7756848335 -0.0629262924 0.1201475263
-0.2030620575 0.2799406052 -0.3270809650 0.5342386961
0.2221355438 -0.5213379860 -0.0131378174 -0.5827636123
-0.2100791931 -0.2461338043 0.1611211300 -0.2962055504
-0.2030620575 0.6727581024 -0.7452106476 -0.2006861866
0.0242710114 0.0198001862 -0.6428680420 0.0752586126
-0.5370464325 0.2625594139 -0.3100237846 -0.1735440791
-0.6170349121 0.5209612846 -0.1980001926 -0.4849824309
-0.2255153656 0.7921099663 0.2551658154 0.2087073922
1.4444065094 -0.1569099426 -0.3602731228 0.2005299330
0.7427577972 -0.9900546074 0.6414864063 0.2151449323
0.4340343475 -0.4906311035 -0.6862022877 -0.0113873482
0.8676509857 -0.3278260231 -0.7691829205 -0.0004261136
-0.2030620575 -0.8173999786 0.0380334854 -0.2311340570
-0.4163627625 0.5951218605 -1.0245785713 0.3531173468
-0.1721897125 0.3766965866 -0.6142859459 0.6022679806
-0.9173393250 0.5661530495 0.8272706270 -0.1032529473
-0.8443679810 -0.4854168892 0.1578941345 0.3771276474
-0.1651744843 -0.0978136063 -0.1366868019 0.5605108738
0.5869922638 -0.2687296867 -0.0421810150 1.1564195156
-1.0534591675 -0.1986250877 0.1117939949 0.4566401243
-0.0781688690 0.1148180962 -0.0172870159 0.7005711794
-0.2409515381 0.5493507385 -0.5396034718 0.5970484018
-0.4795112610 -0.4587655067 -1.3712530136 0.8839544058
-0.0430870056 0.1582713127 -1.0397915840 -0.6525327563
-0.2339344025 -0.4773054123 -0.1210126877 -0.2467929721
-0.4233798981 -0.1076626778 -0.8581564426 0.6823024750
-0.1497383118 0.1165561676 -0.6465561390 0.1855669618
-0.1539478302 0.7185292244 -0.1998441219 -0.1284812093
-0.8710308075 0.4809842110 -0.1297717094 0.5088365078
0.2824783325 0.7811017036 -0.0887424946 0.5798236132
-0.3770713806 1.4757750034 -0.4510908127 0.6245384216
-0.5833549500 -0.2096333504 0.5907759666 -0.0896818936
0.3849182129 -1.0618972778 0.0463314056 0.7458080053
-0.5594997406 0.1547951698 -0.2417953014 0.3211035728
-0.1693840027 0.7295370102 -0.0472521782 0.3472017646
-0.1581573486 -0.9309577942 0.3676505089 0.3452878594
-0.1960468292 0.4902544022 0.5239305496 -0.2654096782
0.3666744232 -0.6163558960 0.1233189106 0.3270191550
-0.1048316956 0.4827227592 -0.2740657330 1.1534616947
0.3512382507 0.4201498032 -0.4215865135 0.4354135990
-0.0964126587 0.4902544022 0.3538205624 0.6582921743
-0.1763992310 -0.5647916794 -0.0555500984 -0.5777179599
0.0972423553 0.4792461395 -1.1034100056 -0.4775009453
1.2240886688 0.3158617020 -0.5561995506 -1.1470063925
0.2600250244 0.0632534027 -0.2952718735 -0.7440503836
-0.5145950317 0.7127351761 -0.2842075825 -0.0032098889
0.2670421600 0.3992919922 -0.7180116177 -0.0127792358
0.0705795288 -0.3046512604 0.4013037682 -0.0232185125
1.0276279449 0.8320870399 -0.2888176441 0.4696892500
0.5070056915 0.6687026024 0.0666155815 -0.1248274446
0.3091392517 0.3007979393 -0.7654948235 -0.9944189787
0.5252475739 0.4392690659 -0.0762953758 -0.2514906526
-0.3391819000 0.4925718307 0.2252006531 0.6563782692
0.8297634125 0.3709025383 -0.4036073685 -1.0100779533
0.0663700104 0.6727581024 -0.4718358517 0.4178408384
1.9650287628 0.5209612846 -0.0555500984 -0.8667118549
2.1053581238 -0.0392961502 -0.9628040791 -0.3381366134
2.2035884857 -0.2136888504 -0.2500934601 -0.4030341208
1.1791839600 0.2724084854 -0.9286899567 -0.0148670673
0.5785732269 0.5985980034 0.3791756630 -0.1413563192
0.9364128113 0.1698589325 0.0417213440 0.0002698302
1.2928504944 0.8262934685 0.4128289223 0.8568123579
0.8985233307 -0.0560984612 0.0836727619 -0.0940316021
1.0346431732 -0.2536659241 -0.3261590004 -0.5176921487
0.4649066925 -0.2669916153 -0.1154806614 0.4307159185
1.3377552032 0.4769287109 0.2510168552 0.4634256363
0.5897998810 -0.6256260872 0.6396422386 0.6990052462
1.8625888824 0.3367195129 -0.1366868019 -0.0367895961
1.5426368713 0.7086796761 0.2035334110 0.0147108436
1.2928504944 -0.4680356979 0.5806338787 -0.8239108324
1.6113986969 0.5835342407 -0.6050658226 0.3465057611
1.8246994019 -0.3846054077 -0.4036073685 0.5472878218
1.3237228394 -0.2895874977 -0.1772549152 -0.0486207604
2.2148151398 -0.1968870163 -0.5091772079 -0.1046448648
2.4239063263 -1.0051183701 -0.4898149967 0.2929174900
2.7663097382 -0.1302585602 -0.9019517899 0.5438081026
1.0570964813 0.7811017036 -1.3099393845 0.7538114786
2.5754623413 -0.1470603943 -0.8576953411 -0.2351357937
2.6372070312 -0.9332752228 -1.7050189972 -0.1331788599
3.4567317963 -1.0149674416 -1.1356801987 0.4895238876
2.1207942963 -0.3504219055 -1.7395939827 0.6636857986
2.6442241669 -0.6974687576 -2.1226878166 -1.1659710407
2.1207942963 1.1681256294 -0.5930798054 -0.2337438762
1.7826004028 -0.6180939674 -0.9176259041 -0.0613218546
3.0006599426 -0.3353581429 -1.2532360554 0.6388055086
3.6391601562 0.2057800293 -1.1347582340 0.4157529473
2.8491058350 -0.9083623886 -0.8129782677 1.1779940128
3.8173789978 0.1791286469 -1.2790522575 0.3813033700
3.0539855957 -1.1742963791 -1.8290286064 1.3982627392
3.1985263824 -1.5705904961 -1.4759006500 0.5923507214
2.5838813782 -0.6047687531 -1.4215021133 0.8334980011
3.3009662628 -0.6939926147 0.1583552361 0.4472447634
3.5282993317 -0.6406898499 -1.8313336372 0.9991344213
3.7598438263 -1.0259757042 -1.7391333580 -0.1140401959
4.2734489441 -1.9164786339 -1.3781676292 0.5389363766
4.3029193878 -1.0167055130 -0.8530855179 1.2531567812
4.8768672943 -1.7322363853 -1.6607627869 0.3529433608
4.6481304169 -1.0149674416 -2.8330931664 0.8703833818
5.7651519775 -1.9124231339 -2.8220291138 1.3018734455
4.7098751068 -2.6737246513 -3.2226409912 0.6997011900
4.7814426422 -2.3718690872 -2.5859956741 0.7698184252
4.4137802124 -2.0926094055 -2.7155375481 0.6652516127
5.4227485657 -2.1667695045 -2.8284831047 1.2794289589
5.9924869537 -1.9923768044 -1.7469701767 1.2588983774
5.0859584808 -2.1632933617 -3.4273262024 0.4007900357
4.2313518524 -1.9350185394 -3.0004372597 0.9526796341
5.4199428558 -2.5920324326 -2.9308261871 0.6603800058
5.4690570831 -1.7681579590 -2.2697477341 0.7553774118
5.6739387512 -1.9257488251 -2.9764652252 0.6753429174
5.7300701141 -2.5879769325 -2.4251055717 1.3194462061
4.7814426422 -1.5705904961 -3.3323597908 0.8867383003
6.0121326447 -3.0172948837 -3.1332063675 0.7599010468
5.5027370453 -3.1650362015 -3.0672826767 0.7118804455
6.1973676682 -2.7722187042 -3.5467262268 1.7370171547
5.8030414581 -2.0416240692 -2.8579874039 1.7904314995
5.4339752197 -1.9274868965 -3.8592863083 1.0923919678
5.8479480743 -2.0057024956 -3.9643945694 0.4394153357
6.0387954712 -1.0126500130 -4.8439884186 1.2926520109
5.4690570831 -1.6673464775 -3.1189150810 1.0570724010
5.7946224213 -2.1366419792 -4.1487960815 1.4309724569
4.8235416412 -1.2351307869 -4.2668128014 1.4984798431
5.2403202057 -2.5671191216 -3.2364711761 1.2632480860
5.4157314301 -1.2953863144 -4.2834086418 0.6962214708
4.2004776001 -1.8156671524 -2.7210698128 0.9975684881
4.7126808167 -1.5520501137 -4.6024227142 -0.3412684202
3.5928516388 -1.7548322678 -2.6053576469 1.9247500896
3.1872997284 -0.0335025787 -3.3964390755 0.5450259447
4.5877876282 -0.7681527138 -3.0257925987 0.1615566611
5.3624076843 -0.1545925140 -2.6339402199 0.3214515448
4.8459949493 -0.3370962143 -2.5062422752 1.6251428127
5.3399543762 -0.6806669235 -2.2171931267 0.6850862503
3.8594779968 -1.2119560242 -2.6980195045 1.0845625401
4.4320220947 -1.4912157059 -2.4334039688 1.2566365004
4.1710090637 -0.1545925140 -1.7603392601 0.0519442558
3.7836990356 0.0881667137 -1.9594926834 0.3214515448
4.6411132812 -0.5821728706 -1.3638768196 0.2563800812
3.8889465332 -0.5688471794 -2.9193010330 -0.5034251213
2.8561210632 -0.5856490135 -2.3089327812 0.5010070801
4.4586849213 0.2075185776 -1.4629921913 0.4909157753
3.6167068481 -0.8284082413 -2.1757030487 1.7751204967
4.9372081757 0.0389194489 -1.5607252121 0.3395462632
3.9773540497 0.5244379044 -1.5533490181 -0.0179988742
4.8993186951 0.2248997688 -1.1094031334 0.9276254177
3.4679584503 0.1756525040 -1.4676022530 1.0118355751
3.8510570526 0.2590827942 -1.6146621704 0.3776496053
3.0048713684 0.4410076141 -0.9273068905 1.0426313877
4.2159137726 0.2457571030 -1.0997219086 0.9535496235
3.9464817047 0.7828397751 -1.8497738838 0.8014842272
3.5170726776 0.6136617661 -0.7894670963 0.7475478649
4.4671039581 -0.5138063431 -1.6483154297 0.3734739423
3.1648464203 -0.2119507790 -2.3725514412 0.6802146435
2.7803440094 -0.1737117767 -0.5377593040 0.2673413157
4.0797958374 -0.7183265686 -0.8143610954 1.0344539881
4.1289100647 0.9722962379 -1.1338362694 0.3259752393
3.1002941132 1.1339426041 -0.8300352097 0.6958734989
2.1657009125 -0.2212209702 -1.0268836021 0.5587710142
3.1452007294 -0.5155444145 -1.1177010536 0.2816082835
2.9024295807 0.5835342407 -1.2135896683 0.9034410715
2.8041992188 -0.0694241524 -0.9770951271 -0.5109066367
3.3430652618 -0.8515830040 -1.6639895439 0.9890431166
3.0624065399 0.6860837936 -0.5253121853 0.1278029680
3.3879699707 1.1223549843 -0.4381825924 0.4425470829
2.6329975128 -0.4245820045 -1.1882345676 1.2844746113
4.4362316132 -0.1319966316 -2.3315219879 -0.2495767772
2.3705806732 -0.4796228409 -0.7581188679 0.4806504250
2.2035884857 -0.2554039955 -0.4377217293 -0.2337438762
2.1123752594 0.2532892227 -1.1223111153 0.0602957010
2.3860168457 0.1924543381 -0.9853932858 0.9462420940
2.0899219513 0.1924543381 -1.5579590797 -0.0860281587
1.6380615234 0.3766965866 -1.4735956192 -0.1530134976
2.0899219513 -0.3903989792 -1.8027515411 -0.3376146555
2.8827838898 0.2399635315 -1.3223862648 0.2142750025
2.1769256592 0.5702085495 -1.2417109013 0.8453291655
2.6554508209 0.8813343048 -1.6630678177 0.7720801830
2.7424545288 -0.0051131248 -1.7548074722 -0.0174769163
1.8317165375 -0.0051131248 -2.1143898964 0.7155340910
1.8317165375 0.5893278122 0.1947743893 0.2447228432
3.2743034363 0.7353310585 -0.8328013420 0.1410260797
3.7303752899 0.3558387756 -0.8166661263 1.0896081924
4.0376968384 0.8546829224 -2.0770483017 1.8412358761
3.8664932251 -0.1036071777 -0.8415603638 0.1693860888
4.5316562653 -0.2154269218 -0.1961560249 0.6532465219
4.4516677856 0.5528273582 -0.6742162704 1.0756890774
4.6944389343 0.9328985214 -1.3896927834 0.6266263723
5.5251884460 0.1414694786 -2.2264132500 1.8160076141
4.1850414276 0.7260608673 -1.7050189972 0.6017460823
5.0663108826 0.4525947571 -1.8502349854 0.6095755100
4.9442253113 0.8546829224 -2.1872282028 0.6059217453
4.8923034668 0.7202672958 -1.2928824425 1.2547227144
5.0663108826 0.7828397751 -1.1075589657 1.2830827236
4.7477645874 0.3709025383 -1.5971441269 -0.1382245123
5.8942565918 0.3251318932 -1.0162804127 0.9055289030
5.9475812912 0.3309259415 -2.5067033768 1.8372342587
5.1462993622 0.6119236946 -1.2523140907 1.2430654764
5.0059700012 1.3824954033 -1.7525024414 1.7095270157
5.8633842468 0.1965103149 -1.6778197289 1.6830809116
5.7427005768 -0.1186709404 -0.9231579304 1.6782093048
6.7404432297 0.5058975220 -2.2416262627 2.0829050541
5.8858356476 0.7428627014 -1.6510815620 0.7649466991
5.4915103912 0.2492337227 -2.5675554276 1.4095718861
6.7362337112 1.0279164314 -1.2878112793 0.0559459925
6.0387954712 0.2266378403 -2.5113134384 1.4271446466
6.1145734787 0.3199176788 -2.0927224159 1.2051360607
6.3643598557 0.0615153313 -2.2079734802 1.5513720512
6.8807725906 0.1032304764 -2.2393217087 0.6060957909
6.5088996887 1.0313925743 -2.6330180168 0.5387624502
5.7946224213 0.0047364235 -2.3084721565 1.3086589575
6.8919992447 -0.5798554420 -1.8050565720 1.6757733822
6.6071300507 0.5302314758 -2.4822702408 2.2850790024
7.7157335281 -0.3197150230 -2.9603300095 1.4099198580
6.9874229431 -0.0392961502 -2.1397447586 1.6190533638
6.9340982437 0.1432075500 -2.3347492218 1.8826451302
7.1235427856 0.3651089668 -2.4624471664 2.2565450668
8.4370269775 0.1466836929 -2.8174190521 1.3102247715
7.7241535187 -0.2096333504 -2.3223018646 1.7079610825
7.6175031662 1.1339426041 -2.0401682854 1.5889534950
7.6778440475 0.8604764938 -2.0055928230 1.6582007408
6.9298877716 0.1414694786 -2.6376280785 1.7664210796
8.8173208237 0.3100681305 -2.5237603188 1.6938681602
7.8532562256 0.2382254601 -2.4278717041 1.8071343899
8.0497179031 0.2341694832 -2.3914523125 1.8396699429
8.4608831406 -0.2119507790 -2.7667088509 1.0883902311
7.7915115356 1.6200399399 -2.1259145737 1.1948708296
7.2372093201 1.0731077194 -1.6699829102 0.8726452589
9.1288518906 0.5493507385 -1.3804726601 1.4365401268
7.8827257156 0.9554944038 -1.6612238884 1.5830378532
8.1872406006 1.0563058853 -2.5435833931 0.6812585592
8.1605777740 -0.1209883690 -1.6948771477 1.0615960360
8.5057888031 1.0198054314 -2.9031658173 2.0533270836
7.9781494141 0.8512063026 -1.4901914597 2.1298818588
7.6399555206 0.7202672958 -1.4523892403 0.7425022125
8.3317804337 1.3257164955 -2.3601040840 1.9720747471
9.1737575531 0.5452952385 -0.3040308952 1.7946071625
8.1002368927 -0.0259704590 -1.5252280235 0.9192739725
8.4454469681 0.4618649483 -0.7438275814 1.2543747425
8.0427017212 0.0064744949 -0.9558889866 0.7579871416
7.5487413406 0.5684704781 -0.7438275814 1.3772101402
9.0025558472 -0.0752177238 -1.1126301289 0.3736479282
7.4042015076 0.2683529854 -0.4750628471 1.7225761414
8.4608831406 1.3315100670 0.0103733540 1.3271015882
8.3430061340 0.5169057846 0.1085667610 1.6684658527
7.3747329712 0.1049685478 0.5234696865 1.1470241547
7.9360504150 1.2191109657 0.9572734833 1.7152686119
7.6778440475 1.0522503853 -0.3160169125 1.1548535824
7.8827257156 0.6744961739 0.7544320822 1.8121800423
7.7395896912 1.2706756592 2.2573018074 1.0306262970
8.1142692566 1.1507444382 1.4030632973 1.7765123844
6.9649705887 0.9253668785 1.6851972342 1.1752102375
7.7915115356 0.8680086136 2.0904188156 1.2862144709
8.0497179031 1.1223549843 1.7128573656 0.1184076667
8.0497179031 -0.1603860855 1.9668700695 1.3255357742
8.2545986176 0.8720641136 2.1337530613 0.3184937239
7.9065818787 0.2133121490 1.6211178303 0.6513326168
7.1810779572 -0.3370962143 2.7851502895 0.6955255270
7.6399555206 -0.1511163712 2.6574525833 1.1536357403
7.0856542587 1.0238609314 2.8907201290 1.0605521202
8.3458127975 -0.0943369865 3.0308649540 1.2919560671
7.2877283096 0.2857341766 3.4061214924 0.0493344665
7.3214073181 0.1675415039 3.4725058079 0.8496788740
7.9739398956 0.5852723122 2.4163479805 0.8124454021
7.7802848816 1.0145907402 3.9312038422 -0.4039040804
8.0469112396 1.2950093746 3.5439612865 0.7550294399
7.7690591812 0.8228168488 4.1547904015 1.9162247181
7.6483755112 0.0615153313 5.2238564491 0.4056617022
7.4350748062 0.9021916389 3.9832973480 0.0862199068
7.7844953537 0.3842282295 4.1870603561 0.0489864945
7.0056657791 0.8396186829 4.9315805435 1.2056580782
7.5796136856 0.0974369049 4.0676608086 0.1712999940
8.1184797287 0.3593153954 5.2916240692 -0.4997713864
7.3214073181 0.0389194489 4.9062252045 0.3151879907
7.3663129807 1.4415917397 4.8864021301 0.5114463568
6.8204307556 -0.2021012306 5.6359930038 0.0803042650
7.4505109787 0.4693970680 4.8449115753 0.4481147528
7.7241535187 0.7521328926 4.7932796478 -0.0106914043
7.0702171326 0.9155173302 4.7771444321 0.3035307527
6.9453239441 0.4375309944 5.3294258118 0.1953102946
6.7979784012 0.4885163307 4.7573213577 0.6005281210
7.1473989487 1.3558440208 5.0956974030 -0.4120814800
6.9986495972 0.9230494499 4.1921315193 0.4143610597
6.9383077621 1.2532944679 6.3809738159 0.7529414892
7.2344036102 1.0789017677 5.8093299866 0.2581199408
7.6890707016 0.2324314117 6.3611507416 0.1631225348
7.9206142426 0.3859667778 4.6803336143 0.2442008853
8.0202484131 1.8135521412 6.0015683174 -0.1331788599
7.3789424896 0.6727581024 3.8698904514 0.5667744875
7.4883995056 0.8987154961 4.9458713531 0.4870879650
7.8265933990 1.2422862053 6.3095183372 -0.4538385868
8.2026767731 -0.0392961502 6.1781325340 -1.0695817471
7.4813833237 1.3865509033 7.1277985573 0.5429381132
6.4022493362 0.9705581665 5.5156712532 -0.0757628679
7.6217126846 0.9804077148 6.0536618233 0.1622526050
5.8030414581 2.3181896210 5.4345350266 0.4465488195
7.5192718506 1.0030031204 6.8696370125 -0.3518816829
6.7895584106 1.5626816750 4.6771068573 0.7639027834
7.3550863266 1.8685929775 6.0324554443 0.3597288728
6.4106683731 1.3882892132 6.6820087433 -0.7430064678
6.9607601166 1.1397361755 4.9228210449 0.2107952237
6.3615531921 1.3407802582 4.8338479996 0.6007021666
5.9770507812 1.5325541496 5.5036849976 0.3753877878
6.2282400131 1.9920001030 5.4377617836 -0.4976835251
6.4289112091 1.6443738937 5.7530879974 -0.2732391357
5.8746089935 0.8512063026 5.9702205658 -0.1091685295
6.1145734787 2.0447235107 5.6364541054 0.0606436729
5.9279346466 2.7150630951 5.2104873657 -0.6892442107
6.1903514862 2.7793738842 4.5010037422 0.1794773936
5.2599658966 2.2898001671 5.1109104156 -0.1504036784
6.5018825531 2.2347593307 5.0657320023 -0.6100797057
6.1707048416 2.8517959118 4.9744539261 0.0369812846
5.4466056824 2.4247949123 3.3683192730 -0.2387895286
4.2004776001 1.2973268032 5.4746417999 0.0916135311
5.7342796326 2.2098460197 5.0648102760 -0.4190410078
4.4432487488 2.4833121300 4.7278170586 -0.0719351172
5.4690570831 3.2787971497 4.0469155312 0.3482456803
5.2403202057 2.3071813583 4.3627028465 0.3383283615
5.5223827362 3.0470461845 4.5858283043 -0.2514906526
4.9442253113 3.1003489494 3.8016619682 -0.5979005694
4.1022472382 3.3471636772 4.0639724731 -0.7880693674
5.1617355347 3.4398639202 4.6923198700 0.4472447634
5.4073123932 3.1629216671 4.3368864059 -0.7122106552
4.5962085724 3.5314054489 3.1387395859 -0.6974216700
5.6472759247 4.5673322678 3.1387395859 -0.0265243053
5.2641754150 3.0702211857 4.1123781204 -0.4355698526
5.1112174988 3.6049864292 4.6803336143 -0.1563192606
4.9596614838 4.3547005653 4.8979272842 -0.1349187493
5.6514854431 3.9201676846 4.3945121765 -0.9879814386
7.2905349731 3.3546953201 5.6673412323 0.1906126142
6.5509986877 3.8958339691 5.1782169342 0.4467228651
6.8625297546 5.6409177780 5.6820936203 0.2868279219
7.1052999496 5.4543585777 5.1892814636 -0.8223450184
6.4710102081 5.3541264534 4.3622417450 0.1008348465
7.5417251587 5.9126458168 5.0897045135 0.7117063999
8.3009080887 5.0516915321 5.7954998016 -0.6415715218
7.3368434906 5.3633961678 6.3242702484 -1.0714956522
8.3009080887 7.2336258888 7.0374422073 -0.8407877088
9.4165277481 7.0667653084 5.8360681534 -1.7272560596
9.5007257462 7.0250501633 6.5354099274 -0.5879832506
9.7617378235 8.3060531616 6.7838907242 -0.4353958666
10.3048133850 7.1200680733 6.1158971786 -0.8908962011
9.8122568130 6.7307267189 6.6709446907 -1.1329133511
10.4044475555 7.4346699715 7.5901846886 -1.7194266319
11.6112813950 8.8089523315 4.8356914520 -0.6309582591
10.8142099380 9.0557670593 7.0014839172 -1.1616213322
11.1439838409 8.7689762115 6.5672187805 -0.5371788144
11.1397743225 9.9062938690 7.1439337730 -0.9728444815
11.5509395599 9.8188076019 7.6773142815 -1.9998950958
12.9177494049 10.3199691772 7.7054357529 -0.9540538192
12.8026790619 10.4526462555 8.5698165894 -1.4429597855
13.7176284790 10.6901912689 8.3955574036 -0.9162984490
15.4689407349 10.8929729462 8.1503028870 -1.7524843216
15.1868782043 12.0129089355 9.9426832199 -0.9942450523
15.6387395859 11.5100097656 8.7841825485 -1.1372630596
16.8357505798 13.7290239334 10.1796388626 -1.9588340521
19.1539955139 14.0992460251 10.2612361908 -1.7705790997
18.9042072296 14.7823314667 9.5176382065 -1.5922415257
17.8531398773 13.3396825790 9.8675403595 -1.0744534731
16.8273315430 14.2226533890 9.8726100922 -2.1053318977
15.7650356293 13.0760660172 9.4019260406 -1.0963759422
15.7229366302 13.7608900070 8.9238662720 -1.2634043694
15.7987155914 12.7626228333 7.8013243675 -0.8461813331
16.8610095978 13.1195192337 8.5034313202 -0.5914630294
16.5845603943 13.3454761505 8.7643594742 -2.1329958439
15.8099422455 13.3796596527 8.7648200989 -1.1565756798
16.2660121918 13.3362064362 7.8741626740 -2.3751869202
15.7341632843 13.8692331314 7.1047487259 -1.0079901218
14.3519172668 12.7209072113 6.6017942429 -1.9816263914
13.6909656525 12.7116374969 6.7087469101 -1.4267790318
12.8644247055 12.2064208984 7.1508488655 -0.6229548454
12.1585664749 12.5181255341 6.0863928795 -1.4709718227
12.7619838715 10.7510251999 4.9988870621 -1.0967239141
11.0639963150 11.9161529541 5.5945024490 -0.1785897315
11.6603965759 10.9178857803 4.7803716660 -0.0778507292
10.9054241180 10.3049049377 4.3267445564 -1.4206893444
11.1552104950 10.0198516846 4.3378086090 -0.2271323502
9.3898649216 9.9538021088 4.5517139435 -0.3696284294
9.3182964325 9.0708312988 4.4738044739 -0.4945517480
8.6152458191 9.9271507263 3.1322855949 -0.5510978103
9.1134157181 9.1791744232 2.8676698208 -0.6824586987
7.5304985046 8.8605175018 3.1110794544 -0.1843313277
6.8499002457 7.7081356049 2.9626364708 -0.1761538982
7.4575271606 7.7098741531 2.7086238861 -0.8207790852
7.3284235001 8.2967834473 2.9497284889 0.0507263541
7.4505109787 6.6264386177 2.4541501999 -0.3165621161
7.1614322662 7.8697824478 2.2605290413 0.1645144224
6.6983442307 7.0250501633 2.9658634663 -0.6594923139
6.7179908752 6.3703536987 2.6943328381 -0.9538798332
7.7087173462 7.4045419693 2.2047476768 0.5805195570
6.6913280487 7.1617832184 2.0014452934 -0.5359608531
7.4350748062 7.1160125732 1.8788185120 0.0759546161
7.0253124237 6.8158950806 1.5565773249 0.0425488949
6.5622243881 8.5320100784 1.5183141232 -0.3181280196
7.6820545197 6.3703536987 1.7100913525 -0.7379608154
6.8358669281 7.3477630615 0.8051424026 -0.6156473160
6.7628955841 8.0250549316 1.4984909296 0.5878269672
8.0497179031 7.0209946632 1.1370645761 0.4756047726
6.3419075012 6.8581895828 1.4330285788 -0.7795439363
5.2978553772 7.5012979507 1.8525412083 0.9690345526
6.1061534882 6.1861119270 2.1291432381 0.3875669241
5.8325119019 6.4781179428 1.3804742098 -1.2139917612
4.8459949493 5.9537816048 2.1710944176 0.0167986751
5.9391613007 6.5771913528 1.4639157057 -0.6982915998
4.6719856262 5.8836770058 1.6994882822 -0.1072546840
4.7323265076 7.0968928337 1.1744058132 -0.2318300307
5.9321441650 5.9387178421 0.8457107544 -0.7132545710
5.8254947662 5.4184370041 0.4699933529 -0.2774148583
5.4690570831 5.8268980980 0.7705671787 0.4077495337
4.6565494537 5.2492589951 0.6691465378 0.9491999149
4.7168903351 5.6976971626 0.3252382278 -0.4848084450
4.8459949493 6.4097514153 0.7553541660 -0.6006844044
4.5877876282 4.0134472847 -0.2367243767 -0.2189549208
4.5274467468 5.1768369675 0.3054151535 -0.6043381095
3.3655185699 4.7023267746 0.3132522106 0.4851741791
4.9905338287 4.7973446846 0.6654584408 -0.4785448611
4.1247005463 3.9885339737 0.4722981453 0.0141888857
3.4146327972 4.2029037476 -0.1740279198 0.1519873142
4.3829059601 4.1403312683 0.7963833809 -0.5352649093
3.4876041412 4.6380162239 -0.7419836521 0.6278442144
4.0026130676 3.9201676846 -0.8014531136 0.1173636913
4.2538032532 4.7822809219 0.6308832169 -0.3689324856
5.1883983612 4.8500680923 0.9743305445 -0.1250014305
3.9352550507 4.0111298561 -1.1379852295 -0.3035130501
3.5170726776 3.7075362206 0.2542438507 -0.1622348428
4.2004776001 3.8251497746 0.6239683628 1.0930879116
4.0447120667 4.5905070305 1.1370645761 0.2861319780
3.7528266907 3.4572453499 0.0172882080 0.3656444550
4.1022472382 4.1820459366 0.6267342567 -0.4204329252
3.8131694794 3.4781026840 0.7899293900 -0.4943777621
4.6186599731 3.0169184208 0.8097524643 -0.2189549208
4.3380012512 3.3581717014 0.4593901634 0.2118391395
4.9442253113 3.4132125378 0.6451745033 0.4616857767
4.8656406403 3.5273499489 0.0361893177 0.1514653563
4.9526443481 3.3413696289 0.3284652233 0.7299751043
4.6860179901 4.8674492836 0.5331506729 -0.5754561424
4.7281169891 3.6832022667 0.2998831272 0.0409830213
5.1196365356 4.1785697937 -0.6691451073 0.1575549245
4.6719856262 2.8442640305 -0.2422564030 0.5015289783
4.5049934387 3.9902722836 -0.0749123096 -0.6511408687
4.7856521606 3.1611833572 0.5442147255 -0.4458351433
4.5190258026 3.7515687943 0.1173260212 0.7405884266
4.5274467468 3.5916607380 0.3750267029 -0.1705862880
5.3020648956 2.8100807667 -0.0504791737 -0.2229566276
5.5364151001 3.4665153027 0.2325766087 -0.4888101518
4.9596614838 2.8761298656 0.4377229214 0.4990931749
6.3994426727 3.1513340473 0.0122172832 0.5032688379
5.9237251282 3.4230618477 -0.0237410069 -0.0103434324
5.8325119019 3.0487842560 -0.0762953758 0.2443748713
5.2641754150 3.0719592571 0.1767952442 -0.2320040166
5.4985275269 2.8193509579 -0.4487857819 -0.2847223282
6.5509986877 3.3755531311 0.0251252651 0.4021819234
7.0028591156 1.5360302925 -0.6525490284 1.4509811401
6.5313520432 1.7926945686 -1.5030994415 0.2649054527
6.9186620712 2.1814565659 -0.1684958935 -0.3102985620
6.9298877716 1.5493559837 -0.5889306068 0.0935273767
7.0561847687 1.8720691204 1.1029503345 0.0183646083
6.9986495972 1.4242105484 -0.3598122597 0.8284523487
7.2372093201 1.5818011761 -0.2809805870 0.7136203051
7.3971853256 1.3332483768 -0.0343439579 1.1338011026
8.0735740662 1.1640701294 -0.1094875336 0.7082266808
9.0222015381 1.2816839218 -0.2441003323 0.6885659695
9.8529520035 0.0499277115 -1.0365645885 1.0466331244
9.0222015381 -0.3255085945 -0.5820157528 0.7425022125
10.0087184906 0.9062471390 -0.9190087318 0.5899149179
8.8327569962 -0.1528544426 -1.4307222366 1.0539406538
10.3356857300 0.1965103149 -0.7590408325 1.4266227484
9.1821775436 -0.5271320343 -0.9125547409 1.3714685440
9.9820556641 -1.6806721687 -0.9687972069 0.7781697512
10.6921234131 -1.5688524246 -1.0969560146 1.4233169556
10.1644840240 -1.4605088234 -1.4957237244 2.0773375034
11.2309885025 -1.1569151878 0.1744902134 0.2842181325
12.6623497009 -1.7872772217 -1.0951120853 0.6294101477
11.8273887634 -2.1291098595 -1.3597278595 0.7555513382
12.2189083099 -1.7148551941 -1.1070981026 0.8207968473
12.2946863174 -2.0775456429 -0.8646104336 1.7190964222
13.1142110825 -2.1800951958 -1.9493503571 0.9053549767
13.7372741699 -1.8915653229 -0.7267706394 0.8162730932
12.5907821655 -2.5711746216 -0.5234682560 0.6238424778
12.5374565125 -3.1858940125 -0.2496323586 1.6442816257
12.2946863174 -2.8139343262 -0.5575823784 -0.1417042911
13.2657670975 -2.8104572296 -1.0665297508 0.8681215048
14.2312335968 -3.2924995422 -1.3809337616 0.6647297144
13.6881589890 -1.5364069939 -1.5003337860 2.0011308193
13.2517337799 -3.0816059113 -0.1223955154 1.9461505413
14.8304414749 -3.2924995422 -1.2560019493 0.5940905809
14.2045717239 -3.6128950119 -0.4363386631 0.9940887690
13.8733940125 -3.0624866486 -0.7553527355 0.4655134678
13.4103059769 -3.7820730209 -0.8858165741 1.5271878242
14.7167739868 -2.3585433960 -1.5874633789 1.0168812275
15.3622903824 -2.2861213684 -0.7797858715 1.9814701080
15.6387395859 -4.2015419006 -1.4039840698 1.2115737200
15.2556400299 -2.1308479309 -1.9000234604 0.8162730932
15.6120767593 -3.9338703156 -1.5118589401 0.8992654085
15.7495994568 -2.3035025597 -0.6447119713 1.3542437553
16.4021320343 -3.1308536530 -1.6344857216 0.3826952577
15.7720527649 -2.5671191216 -1.4261121750 0.5881749392
15.6654014587 -2.9657306671 -0.9706411362 1.0057460070
16.2575931549 -2.4002585411 -0.5737175941 0.8606400490
16.5157985687 -2.5902943611 -0.6018388271 0.3959183693
15.2626562119 -2.3359475136 -1.0116703510 0.6901319027
15.5068302155 -2.6169457436 -0.5621924400 0.4923076630
17.3283081055 -2.3434796333 -1.2099018097 0.9707744122
17.5373992920 -2.7780122757 -1.4938797951 0.4916117191
17.0701007843 -3.2542610168 -1.1398293972 0.9615530968
17.9050617218 -3.0949316025 -2.1540360451 0.8428932428
18.6460018158 -2.8237829208 -1.4666805267 -0.4461831152
17.9892597198 -2.7038521767 -0.7327635288 0.4310638905
17.6931648254 -2.7171783447 -1.0393307209 -0.1279592514
17.6089668274 -3.3985252380 -0.7373735905 0.2261061668
18.3456954956 -2.6320095062 -1.9299883842 0.1765195727
17.6398391724 -3.0873994827 -0.0490961075 0.4254962802
17.9022560120 -2.9147453308 -1.7368283272 -0.0070376396
18.6081123352 -1.6887831688 -1.2467820644 -0.5832855701
18.9617424011 -2.4970145226 -0.8328013420 0.6553343534
19.0487480164 -1.6731400490 -1.6072864532 -0.6027722359
17.9696140289 -3.0057077408 -1.4966454506 -0.4792408347
19.1890773773 -1.1876220703 -1.7345232964 -0.0736750066
17.5710773468 -1.9182167053 -0.8166661263 0.5732120275
17.9050617218 -1.8307309151 -0.5880086422 -0.1678024530
17.8910293579 -0.8116064072 -2.3190751076 -0.1476198733
18.4902362823 -0.8799729347 -2.0489273071 -0.0889859498
18.5505771637 -0.5740613937 -2.6726641655 -0.7482261658
18.7863311768 -1.1609706879 -2.2167325020 0.1989640594
17.1009731293 -1.0717463493 -2.1959872246 -0.4855043888
18.4972515106 -0.6557536125 -1.2882721424 -0.1918128133
18.3990211487 -1.5879716873 -2.3794665337 -0.0460109115
16.6294670105 -1.7548322678 -1.7437434196 -0.3304811716
17.1655254364 -1.9274868965 -1.9756278992 -0.1352667212
16.9564342499 -1.8689694405 -1.9244565964 -0.4592322111
16.7936515808 -1.4344367981 -1.2292637825 -0.5371788144
16.1523456573 -1.8822951317 -1.5390577316 -0.5060349703
15.3314180374 -1.6488060951 -1.4740562439 -0.5653648376
16.0611305237 -1.9448680878 -0.8835115433 -0.4734992385
15.6499652863 -2.2276039124 -1.1172401905 -0.7249117494
15.5517349243 -2.6870503426 -0.6142859459 -0.2594940960
15.4226322174 -1.6939978600 -0.3879332542 -0.3125604093
14.3561267853 -1.8214607239 -0.8318793774 -1.0803689957
14.0754680634 -1.8591203690 -0.0712242126 0.0399391055
13.4341621399 -1.9981708527 -0.9116327763 0.1107521653
12.7577743530 -2.4495058060 -1.1859295368 -0.5785878897
13.0426425934 -1.9466061592 -1.0739059448 -0.1556233168
12.3929176331 -2.1951589584 -0.5935406685 -0.5291753411
11.6491708755 -2.2635254860 -1.2131288052 -0.7673648000
11.5200672150 -1.3602762222 -0.6511662006 -0.8879383802
10.8745517731 -2.2142786980 -1.3002581596 -0.8423535824
10.9096336365 -2.8046636581 -0.9273068905 0.5385884047
11.0387372971 -2.2843832970 -1.3878488541 -0.8614922762
11.2660713196 -0.6673412323 -0.6073708534 -0.9411786795
9.3449592590 -1.5479946136 -0.3459820747 -1.7756247520
10.8745517731 -1.9599318504 -0.7724099159 0.5759958029
9.1134157181 -1.9182167053 -0.2689945698 -0.0357456207
9.5540504456 -2.1308479309 -1.4376373291 0.0468986034
7.1656417847 -1.9958534241 -0.3957703114 -1.5530941486
8.8243370056 -0.4773054123 -0.9171648026 0.0723008513
7.8757095337 -1.1209936142 -0.1611199379 -0.6106016636
8.4945621490 -0.3411517143 -1.7045578957 -0.4098196626
8.7064599991 -0.4205265045 -0.8360283375 -0.8508789539
7.0898637772 0.1258263588 -0.4792120457 -0.1267413199
7.8069477081 -0.0543603897 -0.1740279198 -0.1389204860
8.6419086456 -0.0335025787 -1.0526998043 -0.4136473835
8.6124391556 0.5134296417 -1.8912644386 -0.4079057872
8.6419086456 0.9856219292 -1.4662194252 -0.5382227302
7.0744276047 -0.0445108414 -1.4431691170 -0.1330048740
8.3991384506 0.5951218605 -0.8544683456 -1.2270407677
7.1347694397 0.3958158493 -0.9798612595 -0.0569721460
6.6688747406 0.9746136665 -0.5981507301 -0.5542296171
8.3921222687 0.0690469742 -1.7672543526 -1.0358281136
7.2526464462 0.1999864578 -1.6215772629 -0.0717611313
6.3952322006 0.5510892868 -1.2398669720 -0.4550564885
5.7567329407 1.9218955040 -0.8945755959 -0.8139935732
6.0416021347 0.0232763290 -1.6012930870 -0.3090806603
5.6164035797 -0.0943369865 -0.9775562286 0.1413740516
6.2057876587 0.6293048859 -0.3132507801 -1.4438297749
4.8081054688 -0.4755673409 -0.0154428482 -0.2067757547
5.5714988708 -0.4205265045 0.6898915768 -0.0802865624
5.0284233093 0.3309259415 -2.7980570793 -0.3537955284
5.2641754150 -0.0184388161 -0.9996843338 -0.5403105617
4.9063358307 -0.1910929680 -0.0454080105 -0.7167342901
3.2518501282 -0.3828668594 -0.1417577267 -0.5387446880
4.5190258026 0.5209612846 -1.0656077862 -0.5523157716
4.0868110657 -0.4871549606 -0.2860517502 -0.2941176891
3.5521564484 0.4601268768 -1.1536593437 -1.0419176817
3.2055416107 0.0140061378 -1.1896176338 -0.3050789237
3.2139625549 1.1246724129 -0.3201658726 -1.0803689957
3.4791851044 1.1756577492 -0.1763329506 -0.2854183018
2.6596603394 0.1883988380 0.3464443684 -0.3948566914
2.8182315826 0.3118062019 -1.8105888367 -0.1775457859
3.5858345032 -0.1795058250 -0.9522011280 0.0267159939
2.6442241669 0.1049685478 -0.1772549152 1.0542886257
1.6492881775 0.2590827942 0.6898915768 0.7139682770
1.8653945923 -0.3521599770 -1.0697567463 0.0002698302
0.9279937744 0.3251318932 0.0523245335 0.0503783822
1.7713737488 -0.0051131248 -0.0260460377 0.0542060733
1.5398311615 -0.3938751221 -0.6013777256 0.8296701908
1.1062126160 0.5626764297 0.1348440647 0.3708640933
2.9557552338 -0.2478723526 -0.6548540592 0.9377167225
1.5959625244 -0.0560984612 -0.3989975452 -0.9604914188
0.8943138123 -0.1887755394 -0.1468288898 -0.3541435003
1.1637477875 -0.2096333504 -0.5727956295 -0.3868532479
0.4045639038 0.6310429573 0.1173260212 -0.5622330308
1.8317165375 0.3176002502 -0.4925811291 -0.0160850286
0.2600250244 -0.1777672768 0.1214749813 -0.3758919835
0.5561199188 0.3326640129 -0.0454080105 0.2210605145
1.2661876678 -0.2154269218 -1.1942276955 -0.3677145839
0.4494705200 -0.4112563133 -1.3011803627 -1.2915904522
1.6955966949 -0.3237705231 -0.6350309849 -0.5596232414
1.8850402832 -0.4413843155 -0.4870491028 -0.7287395000
0.3133506775 0.1507391930 -0.7608847618 -0.8282605410
0.1912631989 -0.4964251518 0.5861659050 -1.0657540560
1.6422710419 0.1507391930 -0.4865880013 -0.7861554623
0.7006587982 -0.2629361153 -0.5087161064 -1.5040295124
0.2066993713 -0.7299141884 0.2726838589 -0.5082967877
1.3531913757 -0.5097508430 -0.8517024517 0.3381543756
0.5406837463 -1.1968922615 0.1472911835 -0.5208239555
1.2816238403 -0.7890105247 -0.9807832241 -0.7106447220
0.4424533844 -0.3921370506 -0.9282288551 -0.1460539699
-0.1188640594 -0.3921370506 -0.4575448036 -0.3534475565
0.7343387604 0.1223497391 -0.3418331146 0.1841750741
0.5406837463 -1.1511211395 -0.6018388271 -0.7226499319
0.6473350525 -0.6389517784 -0.5054891109 -0.3031650484
0.4733257294 0.6878218651 -0.4432537556 0.6730810404
0.6697864532 0.0290703773 -0.5644974709 -0.1293511391
1.1174392700 0.5870103836 -0.2256603241 -0.4879402220
-0.1006221771 -1.2635202408 -0.4630768299 -0.0875940323
-0.2830505371 -0.5647916794 0.8646118641 -0.1427482069
-0.6394882202 -0.4355902672 -0.5110211372 0.1923524737
-0.0248432159 -0.0827498436 -0.7913110256 -0.0975113511
0.9925441742 0.2133121490 -0.0905864239 -0.4051219821
0.3849182129 -0.4888930321 -0.9983012676 0.9636409283
-0.3251495361 0.3500452042 0.1297729015 -0.6744552851
1.1104221344 -0.3712797165 0.0163662434 -0.6337420940
-0.4991588593 -0.2536659241 -0.0670752525 -1.5739727020
-0.3363761902 -0.5421957970 -0.6129028797 -0.5462261438
0.5406837463 -0.0161213875 -0.3321518898 -1.5318677425
0.1533737183 -1.3637528419 0.2307326794 -0.5314372182
0.5715560913 -0.0068511963 -0.2275042534 -1.0586205721
1.0500793457 -0.7507715225 0.6110601425 -1.7246462107
0.8634414673 -0.1285204887 0.6829767227 -1.2888065577
-0.7040386200 -0.0995516777 -0.2777535915 -0.6149513721
-0.0402812958 0.0806345940 -0.9305338860 -0.8296524286
-0.0023918152 0.6802902222 0.3538205624 0.5587710142
0.5940093994 -0.8098678589 0.0071461201 -0.4143433273
1.2016353607 -0.7791609764 0.4031476974 -0.0809825063
0.7694206238 0.2990598679 -0.1173245907 0.4691672325
0.3961448669 0.2098360062 1.2836635113 -0.9724965096
1.3377552032 1.4108848572 -0.0555500984 -0.6528807878
1.1216487885 0.4943099022 0.2597758770 -0.8472252488
0.9125576019 0.9972095490 0.8383346796 -0.5533596873
0.8367786407 0.0481896400 0.3252382278 -1.8128581047
0.1912631989 0.3367195129 0.8987261057 -0.1417042911
1.5019416809 0.7561883926 0.5801730156 0.1772155762
2.6750965118 1.7695193291 0.5156326294 -0.8625361919
1.2325077057 0.5319695473 -0.1094875336 -0.8802829385
1.7026119232 0.7486567497 0.6723735332 -0.7621451616
2.1965732574 1.0748462677 -0.0910475254 -0.3343088925
2.3930339813 1.1947770119 1.5220021009 -0.1900729239
1.3756446838 2.0621049404 1.6695231199 -0.5119505525
2.2077980042 1.5760073662 0.5525128841 -0.4868962765
1.2998676300 1.7411298752 1.3694101572 -0.3125604093
2.1586837769 1.5760073662 -0.2007660866 0.3167538643
2.0786952972 0.9305810928 1.3223878145 -0.2166930735
1.9538021088 1.1188788414 0.6908137798 -0.4395715594
3.0048713684 2.1913058758 0.4921214581 0.6897839308
2.9557552338 1.0980210304 1.2057540417 0.1295428872
3.0918750763 1.4033529758 1.1066384315 -0.2262623906
3.1381835938 0.8778576851 0.9323792458 0.8536804914
2.4014530182 3.0360379219 1.0739071369 -0.4357438684
3.3767433167 1.2266430855 0.7585811615 -1.1494421959
2.7957801819 1.9804127216 1.2836635113 -0.6358299255
2.0829048157 1.0638380051 1.2670674324 -0.7555336356
3.3318386078 0.9688200951 1.6764380932 -0.4995974004
2.2035884857 1.6918828487 0.9743305445 -0.4896801114
2.9403190613 0.2191057205 1.0600770712 -0.8522709012
2.1881523132 1.0198054314 0.3625795841 0.2889158130
2.7733268738 0.1240878105 0.6700685024 -0.7160383463
4.8123149872 0.0841112137 0.8968820572 -1.1842398643
4.2383670807 1.2306985855 0.1011908054 0.3574670553
3.9240283966 1.1507444382 1.7243824005 -0.4818506241
4.4053592682 1.6918828487 2.0019063950 -0.5070788860
5.5757083893 1.7585113049 0.5976910591 -0.4757610559
4.4320220947 1.6710252762 1.6552319527 -0.5664087534
5.3090820312 2.0870180130 1.3348349333 -1.0233010054
7.4813833237 1.7585113049 2.2116627693 -0.9462243319
6.4752206802 2.2898001671 2.1305260658 -0.3607550561
6.5734510422 2.8402085304 2.0055942535 -0.7390047908
8.0272655487 2.5192334652 1.6787431240 0.3813033700
8.8509998322 1.6252543926 1.2352582216 -0.3931168020
8.8776617050 1.9595551491 1.6690621376 0.0808262825
9.5694866180 2.4247949123 2.4472351074 0.0886557102
10.3890113831 3.0337204933 1.7903058529 0.1831311584
10.7075595856 2.2005760670 2.1139299870 -0.5126464963
11.8694877625 4.0870285034 1.9221527576 0.0968331695
11.6603965759 3.5690650940 2.1614131927 -0.3236956298
12.4153699875 4.1252670288 2.3107783794 -0.9009875059
13.5702819824 3.2880671024 2.3024802208 -1.6453077793
14.2845592499 2.7967550755 2.3753187656 0.1145799160
14.7167739868 4.1478629112 3.6983973980 -0.7804138660
15.8253784180 4.0035982132 2.2056696415 0.1746057272
16.2281227112 4.4821634293 3.6818013191 -1.1064672470
17.0097579956 3.9126358032 3.4595978260 -0.9813699126
18.6951179504 4.5957212448 3.5799195766 -0.9832837582
17.4770565033 6.0656013489 3.7592496872 -0.6922020316
18.3681488037 5.4566760063 4.3553266525 -0.7163863182
20.5937767029 4.6507625580 4.9029979706 -1.1256058216
20.2710170746 6.2405734062 4.5756859779 -0.8802829385
20.0240383148 4.8958387375 4.4092640877 -0.8714095354
20.2597923279 4.6774139404 4.0003542900 -0.0444450378
20.9502124786 6.0285215378 4.6074953079 -0.7929410338
21.1859664917 4.7480978966 4.1976637840 -1.0199952126
22.0882854462 5.0592231750 4.3207511902 -0.2772408724
22.9456996918 5.4207544327 4.8301596642 -0.7330892086
23.0369129181 4.6640882492 4.6821775436 -1.2058143616
23.0032348633 5.4051113129 4.0330858231 -0.7066429853
23.3330078125 4.4746317863 3.9505660534 -1.9936316013
22.8699207306 4.5713877678 4.6890926361 -1.4238212109
24.8780364990 4.4572505951 3.9740772247 -0.5453562140
24.7447242737 4.8923625946 4.1741523743 -1.3650132418
25.3032360077 4.8216786385 4.7061500549 -1.6371303797
26.0511913300 5.4033732414 4.2622041702 -3.4158086777
27.4334373474 4.8373217583 4.9154453278 -1.9449149370
26.6209297180 5.4566760063 4.8320035934 -0.0721091330
27.4222106934 5.2620053291 4.2423810959 -1.3218642473
28.4424076080 4.5696496964 4.3378086090 -1.4090322256
29.4682159424 5.1843686104 4.7559385300 -2.0362586975
30.7746849060 4.5731258392 5.4644999504 -1.9671853781
29.6085453033 5.0609612465 4.0745759010 -0.8275645971
30.7213592529 5.8002467155 5.3261990547 -2.2370405197
31.4187965393 5.1160020828 5.1653089523 -1.3512682915
31.6629714966 4.6640882492 5.8720264435 -3.1008906364
33.0746841431 3.7608389854 5.1132154465 -1.7408272028
32.8164787292 3.3662829399 4.9338855743 -2.0329527855
33.5602264404 3.8483247757 5.6544332504 -1.7858899832
32.9497909546 3.2197005749 4.6061124802 -1.4133818150
33.5602264404 3.3297822475 5.6212406158 -2.3616161346
34.1524162292 3.2254943848 5.6318440437 -2.2192938328
34.7754783630 2.7926995754 3.9892902374 -1.0901124477
35.1627883911 2.4931614399 3.4725058079 -2.2624430656
35.7170906067 2.3639605045 5.1606988907 -2.3536124229
35.4434471130 1.8853948116 5.4354567528 -2.3200328350
36.8551635742 2.4358031750 4.0874838829 -2.8132886887
37.0221557617 1.7828450203 3.1576409340 -2.0854971409
37.6985435486 2.0789067745 3.5301313400 -2.0096383095
37.2508926392 1.1090292931 2.9617145061 -1.3994629383
38.8983612061 2.1814565659 2.6966378689 -1.1398729086
36.9702339172 1.0922274590 2.9861476421 -2.5307321548
38.6134948730 0.5968599319 2.8824219704 -2.7772731781
40.0111770630 0.3992919922 1.1836259365 -2.2975883484
39.8554077148 1.4149405956 0.3496713638 -1.9141191244
39.9227676392 0.4450631142 2.3084733486 -1.6780174971
41.4299087524 0.6235113144 0.7304599285 -1.8052027225
41.3765792847 0.8204994202 1.3454380035 -2.2212076187
41.5253295898 1.0180668831 0.9019531012 -1.1129047871
41.1225852966 0.5985980034 0.4861283302 -2.5112457275
43.3243560791 0.7428627014 -0.7429056168 -1.5261261463
42.8346023560 0.4299993515 -0.7535088062 -1.9369114637
42.6788406372 -0.1545925140 0.2842090130 -1.8928925991
42.7097091675 0.0939602852 0.0818285942 -2.4364309311
42.5048294067 -0.7264375687 -0.1168634892 -0.9474422932
43.2415618896 -0.6198325157 -0.5926187038 -0.5604931712
44.2884216309 0.5001039505 -0.8858165741 -1.8596608639
44.1214294434 0.4427456856 0.2892801762 -0.9451804161
