45.593 0.747583 0.011856 -0.44524
44.4055 0.27543 0.268936 -0.766778
45.0851 -0.186011 -0.0474702 -1.4043
45.0461 1.40397 0.702042 -1.59927
44.4055 1.31037 0.97377 -1.68484
44.4367 2.1128 1.03847 -0.79775
44.2101 1.18755 2.61244 -1.35042
43.4601 3.10722 2.73183 -0.39547
42.4601 1.72828 2.19398 -0.919132
42.3039 2.27317 3.57899 -1.83863
42.0578 3.05415 3.80629 -0.903199
42.2492 2.80615 2.93642 -1.18947
41.6984 2.91406 2.46303 -0.717724
40.2805 2.03114 3.38271 -0.251351
40.5148 2.36916 2.71254 -0.39547
39.8273 2.18136 3.33583 -0.107232
36.9953 2.64042 4.14027 -1.58548
38.1945 2.78289 3.55336 -0.728823
36.6867 1.9119 3.8268 -0.760691
36.7101 2.30059 3.06288 -0.38992
35.7375 2.74175 3.19814 -0.745294
33.9836 2.05081 3.07899 0.255124
34.6555 1.89997 2.56679 -0.598848
33.1633 2.53073 3.13734 -0.83087
33.0617 1.25373 2.57143 -1.103
33.6945 1.29069 2.54823 -1.02028
32.6906 1.81591 0.792129 -0.779489
32.5656 0.987848 0.863907 -1.11732
32.8391 1.05044 0.751846 -0.237566
31.1008 1.75929 0.576797 -0.444882
31.4601 0.57232 0.642227 -1.26001
30.7258 0.0250335 0.411758 0.934006
32.2141 1.12078 0.964981 -1.00686
30.6555 0.816141 0.308243 0.0256082
30.1281 0.870996 -0.716171 -0.816548
31.4055 -0.177664 -0.00718699 0.142336
30.6047 0.22236 -0.413193 0.141261
30.9601 0.0995574 -1.09386 0.00215546
30.9133 0.941339 -0.166123 -0.25708
30.4445 -0.332068 -1.0526 -0.957982
30.7531 0.214609 -1.22618 -0.186721
30.8039 -0.18363 -0.145615 -0.846446
30.1242 -0.3422 -1.4315 0.118525
30.3078 0.589609 -0.463486 -0.557313
29.7883 -0.131155 -1.15611 -0.891203
30.5656 -0.0941987 -1.26939 0.38886
30.4211 -0.382742 -1.1898 -0.436468
29.343 0.326105 -1.88072 -0.304523
28.6359 0.347559 -1.23863 -0.309894
29.1008 -0.431632 -2.09703 -0.312579
27.0617 0.644449 -1.47105 0.276071
28.3391 0.0780883 -1.18932 0.838941
26.8781 -0.332068 -0.0826264 0.017373
25.7648 0.060205 -0.886093 0.0454806
24.9992 -0.131155 -2.39366 -0.298078
24.9992 -0.365454 -1.76793 0.87976
23.7648 0.11506 -0.849472 0.655077
22.8351 0.048883 -2.02794 0.394768
22.7219 -0.922278 -0.987167 -0.17956
21.8078 0.683206 0.155167 0.712546
21.2883 -0.4513 -0.569199 0.124075
20.3586 0.357095 -0.593857 0.747457
19.7492 -0.00597237 -1.0067 0.509347
19.1945 -0.353537 -0.669785 0.502723
19.468 0.19137 -1.74229 -0.0438553
18.2023 0.150232 -1.08873 -0.119227
18.3586 0.236078 -0.783554 -0.247591
17.2023 0.869211 -0.59581 -0.624807
17.6945 -0.490653 0.0606841 0.297734
17.2609 0.30047 -1.77037 1.37084
17.0422 0.788721 -0.866562 -0.336211
16.2023 -0.0727296 -0.752304 0.816383
15.2648 0.415521 -0.766464 0.534769
15.3351 1.19709 -0.288925 1.0169
15.5148 -0.23429 -0.268906 -0.232553
14.6476 0.583642 -0.854843 -0.0035735
14.5891 -0.0667786 -1.0294 1.07329
14.6711 -0.189581 0.334366 0.84467
14.7414 0.839395 -1.32677 -0.153063
13.593 0.739831 -0.857041 0.362005
13.7336 0.234293 -0.481064 0.548912
14.5812 0.121011 -0.395615 0.591343
14.1633 1.16192 -1.95763 1.04644
13.5969 0.714792 -0.199326 0.454027
13.1437 -0.460837 -0.923447 -0.0449296
13.9289 1.06236 -0.882187 0.464768
13.0226 0.990228 -0.469101 0.629297
12.8898 0.318353 -0.572128 0.84288
12.0187 0.304636 -1.49767 0.481239
11.8273 0.982477 -1.51744 1.05807
11.6398 0.0679565 -1.85802 0.457249
10.6711 0.188974 -0.582871 0.543542
10.05 0.265283 -1.28966 0.225764
9.6789 0.259332 -0.485703 0.150034
9.54608 0.280786 -0.0601655 -0.479614
9.22577 0.43519 -0.492783 -0.22754
8.78827 0.372598 -1.13512 0.754081
7.63593 0.38273 -0.639511 0.656151
7.09296 0.646234 -0.90123 0.290751
7.7414 -0.283179 -0.392197 0.0990104
7.4289 0.0387511 -0.767441 0.454385
8.02265 -0.220587 -0.515976 1.16853
7.14765 0.556222 -0.329697 0.28359
7.04608 0.866815 -0.984726 0.384563
7.20233 0.243829 -0.107773 -0.493041
7.16718 0.765466 -1.22618 0.926128
6.22577 0.284967 -1.19957 0.611573
5.42108 0.0190673 -0.215439 -0.606188
5.26874 -0.339819 -0.871445 1.08511
5.40546 -1.11126 -0.270859 1.2901
5.88202 0.482294 0.675918 0.494487
4.43671 -0.640875 -0.747177 0.503976
3.86249 0.113275 0.057022 0.423055
4.60077 -0.640875 -0.844833 0.419116
3.20624 0.245615 0.0665435 -0.677084
3.71796 -0.82807 -0.048935 0.0997266
3.27265 0.224161 -0.289414 0.921116
4.66327 0.11506 -0.340927 0.904287
3.9914 0.273035 -0.0479585 0.427172
4.22577 0.208658 -0.417832 0.0093166
3.94452 0.0429168 -1.33019 0.315816
3.01483 0.396448 -0.369003 0.047629
3.4289 -0.218802 -0.742783 0.11208
3.12811 0.0816741 -0.515244 0.578273
2.97577 0.612848 0.101944 0.703236
3.37811 1.20663 0.0968169 0.348041
3.53436 -0.460837 -0.709091 1.03623
2.39374 -6.1833e-06 -0.324814 0.984492
2.46015 -0.02146 0.365372 -0.912329
2.8703 -0.00775765 -0.270859 -0.239535
3.63983 0.271249 -0.29747 -0.448463
3.56171 -0.687384 1.04506 -0.242936
1.86249 0.265283 0.531387 -0.149125
3.00702 -0.064383 0.386612 -0.143575
1.76093 -0.0274262 -0.210556 -0.570203
3.35077 0.696908 0.794083 0.0891639
2.81171 -0.654593 0.310196 0.269447
2.57733 -0.385123 0.375137 0.0920283
2.8664 -0.053061 -0.393662 -1.11392
3.56952 -0.0178895 0.438858 0.385995
2.8664 0.0447021 0.943985 -0.374703
2.27265 -0.189581 0.942032 0.346609
2.68671 -0.0882325 -0.0938569 -0.762123
3.28046 0.255746 -0.0208589 0.0814656
0.389834 -0.0882325 0.621963 0.937586
2.02655 -0.0470948 -0.0323335 -0.0340086
1.85077 -0.9336 0.35292 -0.819233
2.93671 -0.826285 0.655167 0.0735883
2.56952 -0.904395 0.347793 -0.541379
2.44843 0.0113158 1.13222 0.0766319
2.68671 -0.253973 0.0919341 0.117988
1.99921 -1.20307 0.0973052 -1.09458
2.12811 -0.445334 1.15517 0.187988
1.29608 -0.230719 0.481094 0.755513
2.46015 0.263498 0.524307 0.173845
1.71015 0.335641 -0.054062 0.373463
2.35858 0.134729 0.758438 -0.664552
2.7414 -0.521643 0.335342 0.372747
2.90546 0.310602 0.792129 0.172234
2.10468 0.257547 0.182754 -0.278742
2.9914 0.710626 0.891739 0.0648159
2.35077 0.658166 0.974747 0.133921
2.15936 -0.0590272 0.413711 0.329959
3.4289 0.509714 0.0484771 -0.320814
1.88593 0.121011 -0.0933686 -0.184573
2.38202 -0.42388 0.621963 -0.549256
2.22186 -0.117453 0.150284 0.834465
2.2414 -0.408377 1.1869 -1.00739
3.03827 -0.252188 0.663223 -0.930948
2.45233 0.56814 0.00892629 -0.426979
2.97186 -0.39884 0.403702 -0.310252
2.19452 -0.109702 0.744766 -1.33627
1.23358 0.0387511 -0.288925 -1.05681
2.23749 0.249795 0.624161 -0.822635
2.13983 -0.578284 0.140518 0.775564
2.08124 0.67962 0.65834 0.0168358
1.22577 0.121011 0.63417 0.58078
0.745302 -0.722556 1.24037 -0.519
1.46796 -0.267676 0.729141 0.279652
1.78046 0.150232 0.732071 0.0508515
1.81952 -0.469183 0.165665 0.826767
0.702334 -0.916312 0.289444 -0.794885
1.9914 -0.201514 0.574112 -0.530816
2.25702 -0.576499 0.270401 -0.519717
0.889834 -0.010138 1.21254 0.231314
0.733584 0.853113 0.586807 -0.554269
0.874209 0.101343 1.31581 -0.208026
1.69452 0.421487 0.398575 -0.234701
-0.172666 0.232507 1.48061 -0.0345457
0.428896 1.08204 0.0611724 -0.734194
0.975771 0.14248 1.68251 -0.382401
1.3039 -0.205084 1.05824 -0.497338
0.608584 0.955057 0.0741118 0.195866
1.08515 0.638483 -0.169296 -0.632505
1.60858 0.367227 -0.31456 0.19694
0.428896 -0.77561 1.02748 -0.208384
1.69452 -0.428046 -0.130966 0.249396
1.31171 0.345773 -0.193955 0.314025
0.882021 0.689157 0.433487 0.339269
0.280459 -0.209265 0.0394439 0.35377
0.858584 -0.39884 1.11 -0.8844
0.760927 -0.258139 -0.131943 -0.235775
1.06952 0.14248 -1.12462 0.0948929
0.460146 0.689157 0.130997 -0.358232
1.79999 -0.69155 -0.178818 0.557506
0.198427 1.38668 0.569229 -0.410688
1.38983 -0.634924 1.43202 -0.506647
0.835146 -0.134741 0.227676 -0.474601
1.18671 0.683206 0.396133 -0.598132
1.06171 0.173486 1.28407 0.359678
1.12421 0.232507 1.04652 -1.08599
0.577334 0.212823 1.59291 0.166326
1.56561 0.0703368 -0.402207 0.266941
1.02265 0.136514 0.385147 -0.695166
0.999209 0.32789 0.939834 0.343565
0.0734273 0.577676 0.850479 -0.517031
0.917177 -0.125205 0.10292 0.402824
1.07733 0.113275 0.90834 0.263539
1.91718 0.745798 -0.170761 0.12497
0.98749 0.0465026 1.22914 -0.639488
1.37421 0.51925 0.720596 0.264434
-0.039854 -0.0470948 0.850479 -0.175263
0.514834 0.00774528 0.268936 -0.151989
0.319521 -0.404211 0.505752 -0.296287
-0.121885 -0.367239 0.864883 -0.0467196
1.00702 -0.180045 0.755752 0.0453016
1.10077 -0.00238655 -0.722519 -0.221095
1.31171 -0.31478 0.396622 1.31301
0.546084 -0.627173 1.03139 0.521879
-0.883604 -0.0727296 0.880508 0.520984
0.522646 0.544885 -0.140488 -0.126925
-0.469541 0.289133 0.912247 0.180827
0.553896 -0.803046 0.301163 -0.0264893
0.0890523 -0.0977692 0.466202 -0.333346
0.983584 -0.107306 -0.484238 0.541572
-0.430479 0.462625 -0.590683 0.84091
-0.727354 0.73208 -0.272812 -0.416058
0.139834 -0.0375581 0.0948638 -0.276773
0.296084 0.599145 -0.708603 -0.761765
-0.750791 0.0816741 -0.424179 -0.117616
-0.758604 -0.615241 0.00843801 -0.449
-0.383604 1.00155 -0.315537 0.31868
-0.864073 -0.394659 0.758926 0.0442275
0.171084 -0.0977692 -0.665878 -0.137846
-0.508604 -0.00775765 -0.306015 -0.588464
-0.551573 0.363061 -0.645126 0.264255
-0.461729 -0.0727296 0.284561 0.204101
-0.297666 -0.232504 -1.05602 -0.631789
-0.500791 -0.744025 -0.192001 0.770731
-0.680479 -0.787543 -0.486679 0.330138
-1.4422 0.0113158 -0.08873 -1.34146
-1.25079 -0.186011 -0.174179 -0.0767969
-0.332823 -0.347571 -0.174912 -0.480867
-0.539854 0.369028 -0.598984 -0.611022
-0.719541 -0.58425 -0.219589 -0.831945
-0.51251 -0.0703492 0.977676 0.604412
-0.383604 -0.275427 0.208145 0.579169
-0.821104 0.490045 -0.390488 -0.490535
-0.321104 -0.330283 -0.582382 0.308296
-1.3836 -0.279608 -0.847763 -0.267643
0.0773335 -0.904395 0.430801 0.315637
-0.38751 -0.605704 -0.451035 0.356814
-1.17267 -0.58425 -0.330673 -0.399587
-1.47735 -0.628958 0.0435943 -0.53207
-0.282041 0.173486 -0.287949 0.186019
-0.821104 -0.951483 -0.143173 0.140008
-0.844541 0.134729 -0.415146 0.5661
-0.407041 -0.689764 -0.0923921 -0.583272
-0.852354 -0.406592 0.0872954 -0.28841
-0.844541 0.538934 -0.845322 -0.190123
-0.610166 -0.132956 -0.740341 0.0938186
-1.18829 0.116846 -0.397568 -0.162194
-1.27032 0.38273 -0.282333 -0.482478
-0.867979 0.661737 0.183975 0.231135
0.850771 -0.31478 -0.44957 0.22272
0.128115 -1.17206 0.581192 0.237759
-0.188291 -0.658164 -0.784531 0.00466171
0.257021 -0.490653 -0.86998 0.0159406
-0.844541 -0.994406 -0.0394136 -0.221453
-1.06329 0.459039 -1.13268 0.379729
-0.813291 0.234293 -0.710556 0.6361
-1.57892 0.429239 0.772354 -0.089866
-1.5047 -0.652808 0.0838775 0.404436
-0.805479 -0.253973 -0.219101 0.593133
-0.0320415 -0.429846 -0.121933 1.20631
-1.71954 -0.357703 0.0365142 0.486252
-0.715635 -0.0351777 -0.0962983 0.737252
-0.883604 0.411951 -0.633652 0.630729
-1.1297 -0.625388 -1.48936 0.925949
-0.680479 0.00953056 -1.1483 -0.655063
-0.875791 -0.644461 -0.202988 -0.237566
-1.0711 -0.264105 -0.961533 0.718454
-0.789854 -0.0333924 -0.743759 0.207323
-0.79376 0.586023 -0.284042 -0.115825
-1.53204 0.341592 -0.212021 0.539961
-0.344541 0.650415 -0.169785 0.613005
-1.02423 1.36521 -0.542587 0.659016
-1.23517 -0.369025 0.529434 -0.0759016
-0.239073 -1.24599 -0.0308686 0.7838
-1.21173 0.00596 -0.327255 0.346788
-0.809385 0.59736 -0.12706 0.373642
-0.797666 -1.11126 0.299454 0.371673
-0.836729 0.351144 0.460586 -0.256722
-0.258604 -0.787543 0.0484771 0.352875
-0.742979 0.343393 -0.360458 1.20327
-0.274229 0.279001 -0.512314 0.46441
-0.735166 0.351144 0.285538 0.693748
-0.817198 -0.734473 -0.135605 -0.57808
-0.535948 0.339807 -1.21397 -0.47478
0.624209 0.171686 -0.650742 -1.16387
-0.367979 -0.0882325 -0.382431 -0.749233
-1.16485 0.580072 -0.370957 0.0130762
-0.360166 0.257547 -0.817246 0.00322953
-0.563291 -0.466803 0.334366 -0.00751218
0.421084 0.702875 -0.375595 0.499679
-0.114073 0.534753 -0.00987254 -0.112066
-0.317198 0.156198 -0.866074 -1.00686
-0.0945415 0.298669 -0.157089 -0.242399
-0.985166 0.353525 0.153213 0.691778
0.217959 0.228326 -0.493759 -1.02297
-0.567198 0.538934 -0.564072 0.446329
1.38593 0.38273 -0.135605 -0.875449
1.53046 -0.193762 -1.0692 -0.331556
1.63202 -0.373206 -0.3358 -0.398334
0.577334 0.126977 -1.03404 0.00108114
-0.039854 0.462625 0.311661 -0.129073
0.327334 0.0214629 -0.0355073 0.0166568
0.694521 0.696908 0.346329 0.898021
0.288271 -0.21105 0.00721731 -0.0803774
0.428896 -0.414343 -0.414169 -0.516136
-0.157041 -0.428046 -0.197373 0.459577
0.741396 0.337427 0.179825 0.493234
-0.0281352 -0.79708 0.579727 0.735641
1.28046 0.193155 -0.219101 -0.0214766
0.952334 0.575891 0.130997 0.0315162
0.694521 -0.634924 0.518936 -0.831408
1.02265 0.447122 -0.701035 0.372926
1.2414 -0.549078 -0.493759 0.579527
0.725771 -0.4513 -0.260849 -0.0336505
1.64374 -0.355917 -0.602402 -0.0912982
1.85858 -1.18757 -0.582871 0.317785
2.21015 -0.28736 -1.00694 0.575946
0.452334 0.650415 -1.42638 0.792035
2.01483 -0.304648 -0.961044 -0.225571
2.07733 -1.11364 -1.83287 -0.120659
2.92108 -1.1977 -1.24718 0.520089
1.54608 -0.513892 -1.86852 0.699298
2.08515 -0.871008 -2.2628 -1.18338
1.54608 1.04865 -0.688828 -0.224138
1.19843 -0.789328 -1.02281 -0.0467196
2.45233 -0.498404 -1.36803 0.673696
3.10858 0.0584197 -1.2462 0.44418
2.29608 -1.088 -0.915146 1.22851
3.29218 0.0309997 -1.39464 0.408732
2.50702 -1.36164 -1.96056 1.45516
2.65546 -1.76942 -1.59727 0.625895
2.02265 -0.77561 -1.54112 0.874031
2.76093 -0.867423 0.0843657 0.476584
2.9953 -0.812582 -1.963 1.04447
3.23358 -1.20902 -1.86803 -0.100966
3.76093 -2.12533 -1.49669 0.570933
3.79218 -1.19948 -0.95665 1.30585
4.38202 -1.93575 -1.78746 0.37955
4.14765 -1.1977 -2.99376 0.911985
5.29608 -2.12116 -2.98228 1.35598
4.21015 -2.90452 -3.39464 0.736357
4.28436 -2.59392 -2.73936 0.808506
3.90546 -2.30657 -2.87267 0.700909
4.94452 -2.38288 -2.98888 1.33288
5.53046 -2.20344 -1.87608 1.31176
4.59686 -2.3793 -3.60509 0.428784
3.71796 -2.14442 -3.16588 0.996666
4.94061 -2.82046 -3.09435 0.695896
4.9914 -1.97271 -2.41393 0.793646
5.20233 -2.13488 -3.14122 0.711293
5.26093 -2.81629 -2.57384 1.37406
4.28436 -1.76942 -3.50743 0.928814
5.54999 -3.25805 -3.3026 0.798301
5.02655 -3.41007 -3.23473 0.748889
5.7414 -3.00587 -3.72789 1.80373
5.33515 -2.2541 -3.01939 1.85869
4.95624 -2.13666 -4.04967 1.14043
5.38202 -2.21715 -4.15782 0.468528
5.57733 -1.19532 -5.06285 1.34649
4.9914 -1.86898 -3.2877 1.10408
5.32733 -2.35187 -4.34752 1.48882
4.32733 -1.42425 -4.46886 1.55828
4.75702 -2.79483 -3.4088 1.31623
4.93671 -1.48624 -4.48595 0.732776
3.68671 -2.0216 -2.87852 1.04286
4.21405 -1.75034 -4.81432 -0.334779
3.06171 -1.95901 -2.75938 1.99691
2.64374 -0.187796 -3.57335 0.577199
4.08515 -0.943732 -3.192 0.182618
4.88202 -0.312399 -2.78868 0.347146
4.35077 -0.500189 -2.65733 1.68862
4.85858 -0.85372 -2.35997 0.721318
3.33515 -1.4004 -2.8546 1.13237
3.92499 -1.68775 -2.58238 1.30943
3.65546 -0.312399 -1.88976 0.0698287
3.25702 -0.0625977 -2.09483 0.347146
4.13983 -0.752371 -1.4818 0.280189
3.3664 -0.738654 -3.08238 -0.501456
2.3039 -0.755942 -2.45445 0.531905
3.95233 0.060205 -1.58385 0.521521
3.08515 -1.00573 -2.31725 1.84294
4.44452 -0.113272 -1.68443 0.365765
3.45624 0.386316 -1.67686 -0.00214132
4.40546 0.0780883 -1.22008 0.970886
2.9328 0.0274139 -1.58873 1.05754
3.32733 0.113275 -1.73985 0.404972
2.45624 0.30047 -1.03258 1.08922
3.70233 0.0995574 -1.21007 0.997561
3.42499 0.6522 -1.9818 0.841089
2.98358 0.478128 -0.890732 0.78559
3.96015 -0.682013 -1.77452 0.400676
2.6203 -0.37142 -2.51988 0.716305
2.22577 -0.332068 -0.631943 0.291468
3.56171 -0.892462 -0.916367 1.08081
3.61249 0.847147 -1.24522 0.351801
2.5539 1.01348 -0.93248 0.732418
1.59296 -0.380957 -1.13512 0.591343
2.60077 -0.683814 -1.22862 0.306148
2.35077 0.447122 -1.32726 0.946001
2.24921 -0.224753 -1.08385 -0.509154
2.8039 -1.02958 -1.79063 1.03408
2.51483 0.552637 -0.619003 0.147886
2.85077 1.00155 -0.529404 0.471751
2.07343 -0.590201 -1.30113 1.33808
3.9289 -0.289145 -2.47765 -0.24043
1.8039 -0.646842 -0.858505 0.510958
1.63202 -0.416129 -0.528916 -0.224138
1.53827 0.107309 -1.23326 0.078422
1.81952 0.0447021 -1.09239 0.990042
1.51483 0.0447021 -1.6815 -0.072142
1.04999 0.234293 -1.59483 -0.141069
1.51483 -0.555029 -1.93346 -0.331019
2.33124 0.0935912 -1.43932 0.236864
1.60468 0.433404 -1.35606 0.886205
2.09686 0.753549 -1.78966 0.810833
2.18671 -0.158591 -1.88414 -0.00160417
1.24921 -0.158591 -2.25426 0.752649
1.24921 0.453088 0.121963 0.268194
2.73358 0.603311 -0.93541 0.161492
3.20233 0.212823 -0.918808 1.13756
3.51874 0.726129 -2.21568 1.91097
3.34296 -0.259924 -0.944443 0.190674
4.02655 -0.374991 -0.28038 0.688556
3.94452 0.415521 -0.772324 1.12324
4.19452 0.806604 -1.50841 0.661164
5.04999 -0.00775765 -2.36949 1.88501
3.67108 0.593774 -1.83287 0.635563
4.57733 0.312387 -1.98228 0.643619
4.45233 0.726129 -2.32921 0.63986
4.39765 0.587808 -1.4088 1.30746
4.57733 0.6522 -1.21812 1.33664
4.24921 0.228326 -1.72203 -0.125851
5.4289 0.181238 -1.12413 0.948149
5.48358 0.187189 -2.65782 1.90685
4.65936 0.476327 -1.36705 1.29547
4.51483 1.26924 -1.8817 1.77545
5.39765 0.048883 -1.80504 1.74823
5.27265 -0.275427 -1.02843 1.74322
6.29999 0.367227 -2.38512 2.15964
5.42108 0.611063 -1.77745 0.803493
5.01483 0.103128 -2.72057 1.4668
6.29608 0.904382 -1.40367 0.0739464
5.57733 0.0798888 -2.66246 1.48488
5.65546 0.175867 -2.2318 1.25644
5.91327 -0.0900178 -2.35045 1.61271
6.44452 -0.0470948 -2.38268 0.640039
6.06171 0.907953 -2.7877 0.570754
5.32733 -0.148444 -2.45396 1.36296
6.45624 -0.749976 -1.9359 1.74071
6.16327 0.392267 -2.63268 2.36768
7.3039 -0.482306 -3.12462 1.46716
6.5539 -0.193762 -2.28014 1.68235
6.49921 -0.00597237 -2.48082 1.95358
6.69452 0.22236 -2.61241 2.33832
8.04608 -0.00238655 -2.97765 1.36457
7.31171 -0.369025 -2.46812 1.77383
7.20233 1.01348 -2.17784 1.65138
7.26483 0.73208 -2.1422 1.72263
6.4953 -0.00775765 -2.79259 1.83399
8.43671 0.165735 -2.6754 1.75933
7.44452 0.0918059 -2.57677 1.87588
7.64765 0.087625 -2.53917 1.90936
8.06952 -0.37142 -2.9254 1.13631
7.38202 1.51367 -2.26598 1.24588
6.81171 0.950876 -1.79698 0.914312
8.75702 0.411951 -1.49889 1.49455
7.47577 0.829858 -1.78795 1.64529
7.78827 0.933588 -2.69566 0.71738
7.76093 -0.277823 -1.82237 1.10874
8.1164 0.896036 -3.06578 2.12921
7.57343 0.722543 -1.61192 2.20798
7.22577 0.587808 -1.57286 0.780398
7.93671 1.21081 -2.50694 2.0456
8.8039 0.40777 -0.391708 1.86299
7.69843 -0.180045 -1.64781 0.962292
8.0539 0.321924 -0.843857 1.3071
7.63983 -0.146658 -1.06212 0.796332
7.13202 0.431619 -0.843857 1.4335
8.62811 -0.230719 -1.22325 0.400855
6.98358 0.122812 -0.567246 1.78887
8.06952 1.21678 -0.0677339 1.38194
7.94843 0.378564 0.0328521 1.73319
6.95233 -0.0453095 0.460098 1.19664
7.53046 1.10111 0.906143 1.78135
7.26483 0.929422 -0.403671 1.2047
7.47577 0.54072 0.697403 1.88107
7.32733 1.15417 2.24379 1.07687
7.71405 1.03077 1.36513 1.84437
6.53046 0.798852 1.65517 1.22565
7.38202 0.739831 2.0724 1.33987
7.64765 1.00155 1.68398 0.138218
7.64765 -0.31835 1.94496 1.38033
7.85858 0.744012 2.11708 0.344102
7.49921 0.0661712 1.58949 0.686586
6.75311 -0.500189 2.78773 0.73206
7.22577 -0.308814 2.6559 1.20345
6.65546 0.900201 2.89638 1.10766
7.95233 -0.250388 3.04066 1.34577
6.86249 0.140695 3.42641 0.0671434
6.89765 0.0190673 3.49501 0.89068
7.56952 0.448907 2.40785 0.852368
7.3703 0.890665 3.96669 -0.39923
7.64374 1.17921 3.56825 0.793288
7.35858 0.693338 4.19667 1.98813
7.23358 -0.0900178 5.29677 0.433796
7.01483 0.775018 4.02065 0.105098
7.37421 0.242044 4.22987 0.0667852
6.57343 0.710626 4.99599 1.25698
7.16327 -0.053061 4.10707 0.192643
7.71796 0.216409 5.36659 -0.497696
6.89765 -0.113272 4.96986 0.340701
6.94452 1.33004 4.9496 0.542646
6.38202 -0.361273 5.72084 0.0990104
7.03046 0.329675 4.90688 0.47748
7.31171 0.620599 4.85365 0.00537792
6.63983 0.788721 4.83705 0.328706
6.51093 0.296884 5.40541 0.217349
6.35858 0.349344 4.81679 0.63431
6.71796 1.24182 5.16493 -0.407644
6.56561 0.796472 4.23524 0.442748
6.50311 1.13629 6.48744 0.79114
6.8078 0.956842 5.89931 0.281979
7.27655 0.0858398 6.46693 0.184229
7.51483 0.243829 4.73744 0.267657
7.6164 1.71278 6.09706 -0.120659
6.95624 0.538934 3.90395 0.599578
7.06952 0.771432 5.01064 0.517582
7.41718 1.12496 6.41396 -0.450432
7.8039 -0.193762 6.2787 -1.0842
7.06171 1.2734 7.256 0.575051
5.95233 0.845361 5.59706 -0.0615793
7.20624 0.855493 6.15053 0.183334
5.33515 2.23203 5.51357 0.475868
7.10077 0.878747 6.99013 -0.3457
6.35077 1.45464 4.73427 0.802419
6.9328 1.76942 6.1288 0.386532
5.96015 1.2752 6.79726 -0.748159
6.52655 1.01943 4.98695 0.233283
5.90936 1.22631 4.8954 0.634489
5.51483 1.42364 5.58461 0.402645
5.77265 1.8964 5.51723 -0.495548
5.97968 1.53871 5.84145 -0.264778
5.40936 0.722543 6.06483 -0.0959531
5.65546 1.95065 5.72133 0.0787801
5.46405 2.64042 5.2831 -0.692838
5.73358 2.70658 4.55336 0.201058
4.77655 2.20283 5.18056 -0.138383
6.0539 2.14619 5.13441 -0.61138
5.71405 2.78111 5.04018 0.0544321
4.96796 2.34173 3.38783 -0.22933
3.68671 1.1816 5.55482 0.110648
5.26483 2.12055 5.13319 -0.414805
3.93671 2.40194 4.78627 -0.0576406
4.9914 3.22048 4.08607 0.374716
4.75702 2.22071 4.41103 0.364512
5.04608 2.98202 4.64027 -0.242399
4.45233 3.03686 3.83339 -0.598848
3.58515 3.29083 4.10365 -0.794527
4.67499 3.38621 4.74989 0.476584
4.9289 3.10125 4.38417 -0.71647
4.09296 3.48042 3.15126 -0.701253
5.17499 4.54635 3.15126 -0.0109139
4.78046 3.00587 4.15346 -0.431634
4.62421 3.55612 4.73744 -0.14447
4.46796 4.32755 4.96132 -0.122449
5.1789 3.88044 4.4435 -1.00023
6.8664 3.29858 5.75307 0.212516
6.10468 3.8554 5.24989 0.476047
6.42499 5.65165 5.7682 0.311519
6.67499 5.45968 5.26112 -0.829796
6.02265 5.35655 4.41054 0.120136
7.12421 5.93066 5.15907 0.74871
7.90546 5.04475 5.8849 -0.643784
6.91327 5.36608 6.42909 -1.08617
7.90546 7.28991 7.16298 -0.848774
9.0539 7.11822 5.92665 -1.76093
9.13983 7.07528 6.64638 -0.588643
9.40936 8.39341 6.90199 -0.431455
9.96796 7.17306 6.21474 -0.900334
9.46015 6.77244 6.78578 -1.14936
10.0695 7.49677 7.73158 -1.75287
11.3117 8.91088 4.89735 -0.632863
10.4914 9.16485 7.12587 -1.1789
10.8312 8.86975 6.67909 -0.536187
10.8273 10.04 7.2726 -0.984657
11.2492 9.94999 7.82143 -2.04147
12.6555 10.4657 7.85023 -0.965322
12.5383 10.6022 8.73964 -1.4684
13.4797 10.8466 8.56044 -0.926472
15.2805 11.0553 8.308 -1.78689
14.9914 12.2077 10.1522 -1.00668
15.4562 11.6902 8.96034 -1.15384
16.6867 13.9735 10.3961 -1.99922
19.0734 14.3545 10.4801 -1.80551
18.8156 15.0574 9.71498 -1.622
17.7336 13.5729 10.0751 -1.08921
16.6789 14.4815 10.0802 -2.14996
15.5851 13.3016 9.59584 -1.11177
15.5422 14.0063 9.1039 -1.28364
15.6203 12.9791 7.94887 -0.854323
16.7141 13.3464 8.67128 -0.592224
16.4289 13.5789 8.93983 -2.17843
15.632 13.614 8.94032 -1.17371
16.1008 13.5693 8.02382 -2.42764
15.5539 14.1178 7.23207 -1.02082
14.132 12.9362 6.71474 -2.02267
13.4523 12.9267 6.8246 -1.45175
12.6008 12.4068 7.27968 -0.624628
11.8742 12.7275 6.18422 -1.49722
12.4953 10.9092 5.06532 -1.11213
10.7492 12.1081 5.67812 -0.167386
11.3625 11.0809 4.84047 -0.0637275
10.5851 10.4502 4.37367 -1.44548
10.843 10.1569 4.38539 -0.217335
9.02655 10.0889 4.60512 -0.363961
8.95233 9.18035 4.52504 -0.492325
8.22968 10.0615 3.14467 -0.55051
8.7414 9.29183 2.8727 -0.685856
7.11249 8.96394 3.12318 -0.173294
6.41327 7.77816 2.97011 -0.164879
7.03827 7.77996 2.71278 -0.828185
6.90546 8.38387 2.95717 0.0685755
7.03046 6.66512 2.44643 -0.309357
6.73358 7.9445 2.24745 0.185661
6.25702 7.07528 2.97377 -0.662224
6.27655 6.40162 2.6935 -0.965143
7.29608 7.46578 2.19008 0.613721
6.24921 7.21598 1.98085 -0.534934
7.01483 7.16889 1.85439 0.0945348
6.59296 6.86007 1.52309 0.060161
6.1164 8.62591 1.48378 -0.310968
7.26874 6.40162 1.6808 -0.742967
6.39765 7.40736 0.749893 -0.617109
6.32343 8.10427 1.46303 0.621241
7.64765 7.07112 1.09145 0.505766
5.88983 6.90359 1.39565 -0.785755
4.81561 7.56533 1.82729 1.01349
5.64765 6.21205 2.11195 0.415177
5.3664 6.51251 1.34193 -1.23279
4.35077 5.97358 2.15541 0.0336646
5.47577 6.61445 1.42787 -0.702148
4.17108 5.90144 1.66981 -0.0939837
4.23358 7.14921 1.12953 -0.222169
5.46796 5.95808 0.791641 -0.717545
5.35858 5.42272 0.405167 -0.269075
4.9914 5.84301 0.714004 0.435945
4.15546 5.24804 0.61 0.993086
4.21796 5.71006 0.256241 -0.482299
4.35077 6.44216 0.698379 -0.601712
4.08515 3.97642 -0.322128 -0.208921
4.02265 5.17352 0.235733 -0.605472
2.82733 4.68527 0.24379 0.515613
4.49921 4.78303 0.60585 -0.475854
3.60858 3.95078 0.40712 0.0309791
2.87811 4.17137 -0.257675 0.172771
3.87421 4.10697 0.740616 -0.534218
2.95233 4.61909 -0.841904 0.662417
3.48358 3.88044 -0.903183 0.137144
3.7414 4.76753 0.570694 -0.363245
4.70233 4.83729 0.923965 -0.112245
3.41327 3.97404 -1.24937 -0.295929
2.98358 3.66165 0.182754 -0.150557
3.68671 3.78266 0.563614 1.14114
3.52655 4.5702 1.09145 0.310803
3.22577 3.40411 -0.0606538 0.39262
3.58515 4.14991 0.566055 -0.416237
3.28827 3.42556 0.734268 -0.492146
4.1164 2.95101 0.754776 -0.208921
3.82733 3.30216 0.39418 0.234357
4.45233 3.35879 0.585342 0.491444
4.3703 3.47624 -0.0416108 0.172234
4.46015 3.28488 0.259415 0.767508
4.18671 4.85517 0.470108 -0.575753
4.22968 3.63661 0.230118 0.0585498
4.63202 4.14633 -0.766953 0.1785
4.17108 2.77336 -0.327744 0.532442
3.99921 3.95257 -0.155624 -0.653631
4.28827 3.09947 0.481094 -0.442197
4.01483 3.70695 0.0418853 0.778429
4.02265 3.54241 0.307022 -0.15915
4.81952 2.73818 -0.130478 -0.213039
5.06171 3.41364 0.160782 -0.486417
4.46796 2.80615 0.371963 0.529935
5.94843 3.08932 -0.066269 0.534232
5.46015 3.36892 -0.10289 0.00573603
5.3664 2.9838 -0.157089 0.267836
4.78046 3.00765 0.103409 -0.222348
5.02265 2.74772 -0.540634 -0.276594
6.10468 3.32005 -0.0525971 0.430216
6.56952 1.42721 -0.749863 1.50941
6.08515 1.69132 -1.62511 0.288961
6.48358 2.09135 -0.251816 -0.302911
6.4953 1.44093 -0.684433 0.112617
6.62421 1.77299 1.05605 0.0352759
6.56561 1.31216 -0.449082 0.868839
6.81171 1.47431 -0.367539 0.750679
6.97577 1.21856 -0.113876 1.18304
7.67108 1.04447 -0.191269 0.745129
8.64765 1.16551 -0.329697 0.724899
9.50311 -0.10195 -1.14513 1.09334
8.64765 -0.488257 -0.677353 0.780398
9.66327 0.779184 -1.02403 0.623389
8.45233 -0.310599 -1.55064 1.10086
9.99921 0.048883 -0.859482 1.48434
8.81171 -0.695731 -1.01744 1.42759
9.63593 -1.8827 -1.0753 0.817099
10.3664 -1.76763 -1.20714 1.48094
9.82343 -1.65615 -1.61754 2.15392
10.9211 -1.34376 0.100967 0.308834
12.3937 -1.99239 -1.20543 0.664029
11.5344 -2.34413 -1.47765 0.793825
11.9367 -1.91787 -1.21764 0.860961
12.0148 -2.29107 -0.968125 1.78529
12.8586 -2.39659 -2.08434 0.94797
13.4992 -2.09969 -0.826279 0.856307
12.3195 -2.799 -0.61705 0.6583
12.2648 -3.43153 -0.335312 1.70831
12.0148 -3.0488 -0.652207 -0.129432
13.0148 -3.04522 -1.17589 0.909658
14.007 -3.54123 -1.49937 0.700372
13.4484 -1.73424 -1.62242 2.0755
12.9992 -3.32422 -0.204453 2.01893
14.6242 -3.54123 -1.37096 0.627686
13.9797 -3.87091 -0.527451 1.03928
13.6398 -3.30455 -0.85582 0.495383
13.1633 -4.04499 -0.990097 1.58782
14.507 -2.58021 -1.71202 1.06273
15.1711 -2.50569 -0.880966 2.05527
15.4562 -4.47661 -1.52306 1.26306
15.0617 -2.34592 -2.03355 0.856307
15.4289 -4.20118 -1.63414 0.941704
15.5695 -2.52357 -0.741806 1.40987
16.2414 -3.3749 -1.76036 0.410164
15.593 -2.79483 -1.54601 0.621599
15.4836 -3.20499 -1.07726 1.05127
16.093 -2.62313 -0.668808 0.901959
16.3586 -2.81867 -0.697861 0.423771
15.0695 -2.55696 -1.11949 0.72651
15.3195 -2.8461 -0.657333 0.522953
17.1945 -2.56471 -1.32335 1.01529
17.4094 -3.01183 -1.61559 0.522237
16.9289 -3.50188 -1.25133 1.0058
17.7883 -3.33793 -2.29503 0.883698
18.55 -3.05893 -1.58775 -0.442555
17.8742 -2.93552 -0.832382 0.459935
17.5695 -2.94923 -1.14806 -0.115288
17.4836 -3.65033 -0.837265 0.249038
18.2414 -2.8616 -2.06432 0.198014
17.5148 -3.33018 -0.129013 0.454206
17.7844 -3.15253 -1.86559 0.00913754
18.5109 -1.89104 -1.36144 -0.583809
18.8742 -2.72269 -0.93541 0.690704
18.9641 -1.87495 -1.73228 -0.603861
17.8547 -3.24612 -1.61852 -0.47657
19.1086 -1.37536 -1.86339 -0.0594309
17.4445 -2.12713 -0.918808 0.606202
17.7883 -2.0371 -0.683457 -0.156286
17.7726 -0.98844 -2.46471 -0.135519
18.3898 -1.0588 -2.18687 -0.0751854
18.4523 -0.744025 -2.82872 -0.75353
18.6945 -1.34794 -2.35948 0.221109
16.9601 -1.25612 -2.338 -0.483015
18.3976 -0.82807 -1.40416 -0.180992
18.2961 -1.78731 -2.52696 -0.0309652
16.4758 -1.95901 -1.87267 -0.323679
17.0266 -2.13666 -2.11143 -0.122807
16.8117 -2.07645 -2.0587 -0.455982
16.6437 -1.62932 -1.34337 -0.536187
15.9836 -2.09016 -1.66222 -0.504141
15.1398 -1.84991 -1.59532 -0.565548
15.8898 -2.15455 -0.987656 -0.470662
15.468 -2.44547 -1.22813 -0.729539
15.3664 -2.91823 -0.710556 -0.250635
15.2336 -1.8964 -0.477646 -0.305239
14.1359 -2.02756 -0.934433 -1.0953
13.8469 -2.06632 -0.151718 0.0574755
13.1867 -2.20939 -1.01646 0.130341
12.4914 -2.6738 -1.29869 -0.578975
12.7844 -2.15633 -1.18346 -0.143754
12.1164 -2.41209 -0.689316 -0.527952
11.3508 -2.48244 -1.32677 -0.773223
11.218 -1.55302 -0.748886 -0.897291
10.5539 -2.43176 -1.41637 -0.850385
10.5891 -3.03925 -1.03258 0.570575
10.7219 -2.5039 -1.50645 -0.870078
10.9562 -0.840003 -0.703476 -0.952074
8.97968 -1.74618 -0.434433 -1.8107
10.5539 -2.17005 -0.873398 0.609066
8.7414 -2.12713 -0.355332 -0.0204025
9.19452 -2.34592 -1.55772 0.0646369
6.73749 -2.20701 -0.485703 -1.58172
8.44452 -0.644461 -1.02232 0.0907752
7.46796 -1.3068 -0.244248 -0.611917
8.10468 -0.504355 -1.83238 -0.405316
8.32343 -0.586035 -0.938828 -0.859157
6.65936 -0.0238557 -0.57164 -0.114035
7.39765 -0.209265 -0.257919 -0.126567
8.25702 -0.187796 -1.16173 -0.409255
8.22577 0.374979 -2.02452 -0.403347
8.25702 0.860864 -1.58727 -0.537262
6.64374 -0.199118 -1.56358 -0.12048
8.00702 0.459039 -0.957626 -1.24622
6.70624 0.253961 -1.08678 -0.042244
6.22577 0.849527 -0.693955 -0.553732
7.99921 -0.0822816 -1.89708 -1.04947
6.82733 0.0524535 -1.74718 -0.0574616
5.94452 0.413736 -1.35435 -0.451685
5.28827 1.82426 -0.998886 -0.821203
5.58124 -0.12937 -1.72618 -0.301658
5.14374 -0.250388 -1.08434 0.16185
5.74921 0.494211 -0.400742 -1.46929
4.31171 -0.642676 -0.0943452 -0.196389
5.09686 -0.586035 0.630997 -0.066234
4.53827 0.187189 -2.95763 -0.347669
4.78046 -0.172293 -1.10704 -0.53941
4.41327 -0.349951 -0.125595 -0.721125
2.71015 -0.547278 -0.224716 -0.537799
4.01483 0.38273 -1.17491 -0.551763
3.56952 -0.654593 -0.37291 -0.286262
3.01874 0.320138 -1.26549 -1.05573
2.66327 -0.138907 -1.3026 -0.297541
2.67108 1.00395 -0.40831 -1.0953
2.94452 1.05641 -0.259873 -0.27731
2.10077 0.0405364 0.277969 -0.38992
2.26483 0.16752 -1.94151 -0.166312
3.0539 -0.338034 -1.05821 0.0438694
2.08515 -0.0453095 -0.260849 1.10122
1.06171 0.113275 0.630997 0.751037
1.28436 -0.515692 -1.17931 0.0166568
0.319521 0.181238 -0.0247651 0.0682174
1.18671 -0.158591 -0.105332 0.0721561
0.948427 -0.558615 -0.697373 0.870092
0.503115 0.425653 0.0601958 0.39799
2.40546 -0.408377 -0.752304 0.98127
1.00702 -0.21105 -0.489121 -0.971946
0.284365 -0.347571 -0.229599 -0.348027
0.561709 -0.369025 -0.667832 -0.381685
-0.219541 0.496011 0.0421294 -0.561789
1.24921 0.173486 -0.585312 -0.000171987
-0.367979 -0.336249 0.0465239 -0.370406
-0.0632915 0.188974 -0.125595 0.243846
0.667177 -0.374991 -1.30724 -0.361991
-0.172666 -0.576499 -1.41734 -1.31264
1.10858 -0.486472 -0.732285 -0.559282
1.3039 -0.607489 -0.579697 -0.733478
-0.313291 0.0017791 -0.861435 -0.835883
-0.438291 -0.66413 0.524307 -1.08026
1.0539 0.0017791 -0.579208 -0.792558
0.085146 -0.42388 -0.601914 -1.53124
-0.422666 -0.904395 0.202042 -0.506468
0.757021 -0.677847 -0.954941 0.364333
-0.0789165 -1.38489 0.0731353 -0.519358
0.682802 -0.965201 -1.08775 -0.714859
-0.180479 -0.55683 -1.03355 -0.133907
-0.758604 -0.55683 -0.549667 -0.347311
0.120302 -0.0274262 -0.430283 0.205891
-0.0789165 -1.33781 -0.697861 -0.727212
0.0304585 -0.810782 -0.59874 -0.295571
-0.149229 0.554437 -0.534531 0.708965
0.053896 -0.123404 -0.659287 -0.116721
0.514834 0.450693 -0.310654 -0.485522
-0.739073 -1.45345 -0.555039 -0.0737532
-0.926573 -0.734473 0.811172 -0.130506
-1.29376 -0.601538 -0.604355 0.214306
-0.660948 -0.238471 -0.892685 -0.083958
0.385927 0.0661712 -0.171738 -0.400483
-0.239073 -0.656378 -1.10582 1.00794
-0.969541 0.206872 0.0550689 -0.677621
0.507021 -0.535361 -0.0616303 -0.635728
-1.14923 -0.414343 -0.147568 -1.60321
-0.98126 -0.711234 -0.709091 -0.545497
-0.0789165 -0.169913 -0.420273 -1.55988
-0.477354 -1.55659 0.158829 -0.530279
-0.0476665 -0.160376 -0.312607 -1.07292
0.444521 -0.925848 0.550186 -1.75825
0.253115 -0.285574 0.623917 -1.30978
-1.36017 -0.255759 -0.364365 -0.616393
-0.676573 -0.0703492 -1.036 -0.837316
-0.63751 0.546686 0.285538 0.591343
-0.024229 -0.986655 -0.0711518 -0.409971
0.600771 -0.955054 0.336319 -0.0669502
0.155459 0.154398 -0.19957 0.499142
-0.227354 0.0626006 1.24232 -0.984299
0.741396 1.29844 -0.135605 -0.655421
0.51874 0.35531 0.188858 -0.855398
0.303896 0.872781 0.784073 -0.552837
0.225771 -0.103735 0.256241 -1.84901
-0.438291 0.193155 0.846329 -0.129432
0.909365 0.62478 0.518448 0.19873
2.1164 1.66747 0.452042 -0.871152
0.632021 0.394067 -0.191513 -0.889413
1.1164 0.617029 0.613418 -0.767852
1.62421 0.952661 -0.172226 -0.327617
1.82733 1.07607 1.4872 -0.179202
0.780459 1.96853 1.6393 -0.510228
1.63593 1.46835 0.489639 -0.484448
0.702334 1.63825 1.33022 -0.305239
1.58515 1.46835 -0.285019 0.342312
1.50311 0.804224 1.28212 -0.206593
1.37421 0.99798 0.631973 -0.435752
2.45624 2.10148 0.427872 0.726152
2.40546 0.976511 1.16225 0.149676
2.54608 1.29069 1.0602 -0.21644
2.59296 0.749979 0.880508 0.894798
1.83515 2.97068 1.0265 -0.431813
2.83905 1.10887 0.702042 -1.16637
2.2414 1.88447 1.24232 -0.637876
1.50702 0.941339 1.22523 -0.761049
2.79218 0.843576 1.64613 -0.497517
1.63202 1.58758 0.923965 -0.487312
2.38983 0.0721374 1.01234 -0.860589
1.6164 0.896036 0.294571 0.313667
2.21796 -0.0256409 0.610977 -0.720409
4.31561 -0.0667786 0.844375 -1.20218
3.72577 1.11303 0.0255279 0.384205
3.40155 1.03077 1.69545 -0.479256
3.89765 1.58758 1.98134 -0.505215
5.10077 1.65614 0.536514 -0.47299
3.92499 1.56613 1.62465 -0.566443
4.82733 1.99416 1.29506 -1.03658
7.06171 1.65614 2.19691 -0.957265
6.02655 2.20283 2.11342 -0.35483
6.12811 2.76919 1.98524 -0.744041
7.62421 2.43891 1.64882 0.408732
8.47186 1.51902 1.19252 -0.38813
8.49921 1.86302 1.63856 0.0995475
9.21015 2.34173 2.43959 0.107604
10.0539 2.9683 1.76332 0.204817
10.382 2.11102 2.09633 -0.510944
11.5773 4.05213 1.89931 0.116018
11.3625 3.51916 2.14516 -0.316697
12.1398 4.09149 2.29921 -0.910718
13.3273 3.23002 2.29066 -1.67661
14.0617 2.72447 2.36562 0.134279
14.507 4.11472 3.72719 -0.78665
15.6476 3.96629 2.19106 0.196045
16.0617 4.45872 3.7101 -1.12215
16.8664 3.87269 3.48134 -0.993429
18.6008 4.57557 3.60561 -0.995399
17.3469 6.08863 3.78969 -0.695882
18.2648 5.46206 4.40346 -0.720767
20.5539 4.6322 4.96669 -1.14185
20.2219 6.26867 4.62978 -0.889413
19.968 4.88438 4.45863 -0.880283
20.2101 4.65963 4.03822 -0.0293539
20.9211 6.04989 4.66249 -0.79954
21.1633 4.73235 4.24086 -1.03317
22.093 5.0525 4.36757 -0.268896
22.9758 5.4251 4.89174 -0.737954
23.0695 4.64591 4.7394 -1.22438
23.0344 5.40901 4.07143 -0.710741
23.3742 4.45097 3.98695 -2.03503
22.8976 4.55053 4.74648 -1.4487
24.9641 4.43308 4.01088 -0.544602
24.8273 4.88081 4.21669 -1.38819
25.4016 4.80807 4.76405 -1.66819
26.1711 5.40722 4.30727 -3.49841
27.593 4.82417 4.97939 -1.9849
26.757 5.46206 4.89394 -0.0578197
27.5812 5.26116 4.28725 -1.34379
28.632 4.54875 4.38539 -1.43349
29.6867 5.18127 4.81532 -2.07889
31.0305 4.55232 5.54433 -2.00781
29.8312 5.05428 4.11415 -0.835167
30.9758 5.81559 5.40199 -2.28549
31.6945 5.11093 5.23647 -1.37405
31.9445 4.64591 5.96376 -3.17437
33.3976 3.71649 5.183 -1.77489
33.132 3.31051 4.99843 -2.07549
33.8976 3.80651 5.73988 -1.82126
33.2687 3.15968 4.66151 -1.43796
33.8976 3.27294 5.7057 -2.41367
34.507 3.16563 5.71669 -2.26723
35.1476 2.7203 4.0265 -1.10532
35.5461 2.41209 3.49477 -2.31163
36.1164 2.27914 5.23183 -2.40544
35.8351 1.78671 5.51454 -2.37088
37.2883 2.35307 4.12782 -2.87843
37.4601 1.68118 3.17104 -2.12955
38.1555 1.98582 3.55434 -2.0515
37.6945 0.987848 2.96913 -1.42364
39.3898 2.09135 2.69618 -1.15653
37.4055 0.97056 2.99428 -2.58769
39.0969 0.46084 2.88783 -2.84138
40.5344 0.257547 1.13905 -2.34779
40.3742 1.30262 0.281387 -1.95321
40.4445 0.304636 2.29652 -1.71027
41.9953 0.48826 0.672745 -1.84114
41.9406 0.690958 1.30556 -2.2692
42.093 0.89425 0.849502 -1.12878
41.6789 0.462625 0.421768 -2.56764
43.9445 0.611063 -0.84288 -1.55397
43.4406 0.289133 -0.853867 -1.97666
43.2805 -0.312399 0.214004 -1.93137
43.3117 -0.0566468 0.00575246 -2.49066
43.1008 -0.900809 -0.198837 -0.958519
43.8586 -0.791113 -0.688339 -0.560177
44.9367 0.361276 -0.990097 -1.89717
44.7648 0.302255 0.219131 -0.956191
