39.0302848816 -3.9869122505 2.6759517193 -1.9459619522
38.6013679504 -4.5167088509 2.3908443451 -1.6910963058
38.6397056580 -4.3894701004 2.6985075474 -2.6284132004
37.5758018494 -4.9170722961 2.9705324173 -1.8947086334
37.1744384766 -5.5433950424 2.5329468250 -2.1685314178
35.5414428711 -4.8183526993 3.3395478725 -1.4481658936
33.8784866333 -5.5967769623 2.7039210796 -1.2045345306
32.3449325562 -5.5112199783 2.7296347618 -1.0051345825
30.4771060944 -5.3024454117 2.7341458797 -0.8555850983
29.0274143219 -6.1262073517 3.2700753212 -0.6646118164
27.5309982300 -6.3920202255 3.2461662292 -0.7615032196
25.8261127472 -5.5433950424 2.9813592434 -1.0634098053
24.0002212524 -5.8454046249 2.6809139252 -1.1806621552
23.4467010498 -7.0410113335 2.6412155628 -1.7914981842
22.5205764771 -6.9309568405 2.2636289597 -1.7774562836
21.7945327759 -6.9975013733 3.0598540306 -1.9578981400
21.3847846985 -6.7847051620 2.5189621449 -1.4699316025
20.7809467316 -6.9821453094 2.2627267838 -2.2576990128
20.9450855255 -7.6541714668 2.5216689110 -2.2064447403
20.7581825256 -8.2899999619 2.8365499973 -2.1601057053
20.8348617554 -7.9199833870 2.9060223103 -2.6171789169
21.2446079254 -8.2044429779 2.6592602730 -3.4751577377
21.7909393311 -8.2918281555 2.8789551258 -2.9963188171
21.1463661194 -8.4987735748 2.4535498619 -3.0798697472
21.9430961609 -8.3868923187 3.4739811420 -3.8269147873
22.1551589966 -8.6695232391 3.9575808048 -3.8879981041
22.4139461517 -9.0282049179 4.0802850723 -4.1702461243
22.8236942291 -8.8139457703 4.5769672394 -5.0935206413
22.9638710022 -9.0358829498 4.6315526962 -5.1377539635
23.4922294617 -9.0037078857 5.3163514137 -5.8672456741
23.8109207153 -9.0947494507 5.5608577728 -5.7640357018
24.1296138763 -8.7320461273 6.2009959221 -6.8003501892
24.3117237091 -8.1645889282 6.6782798767 -6.4598264694
24.8281021118 -8.7016983032 7.6188631058 -6.7259263992
25.3145275116 -8.6051721573 8.6284675598 -7.1619367599
25.3516693115 -8.4607486725 8.7809457779 -7.3002519608
25.6559829712 -8.7302169800 10.0589656830 -7.1099805832
26.4263572693 -8.0070037842 10.5579032898 -7.9230237007
26.5976829529 -7.7017030716 11.2702207565 -7.2925291061
26.1340217590 -7.5441169739 11.8192329407 -7.4392700195
26.6887397766 -7.3598399162 12.2554645538 -7.2756786346
25.9746761322 -7.1455812454 13.4486751556 -7.4062709808
26.4455261230 -6.7108483315 13.3819093704 -7.3578252792
25.6404075623 -6.7865333557 13.7797966003 -7.0622367859
25.6404075623 -6.6633167267 13.6981430054 -6.9885153770
25.0976715088 -6.3711791039 13.2262725830 -6.5876107216
25.4738731384 -6.7466802597 13.7982921600 -6.0104761124
24.2661972046 -6.4545421600 13.8190441132 -5.7731633186
23.1387920380 -5.3232860565 13.6070175171 -6.1235160828
22.7398281097 -5.1126842499 12.9298877716 -5.9557118416
21.7909393311 -5.1316967010 12.8026723862 -6.1747698784
22.2617893219 -4.8658843040 12.4422283173 -5.4993405342
21.1835060120 -4.8410215378 12.2635850906 -5.9578180313
19.7338142395 -4.4560146332 11.8237438202 -5.3708543777
18.9035377502 -3.9262180328 10.4383573532 -5.7907156944
18.2086429596 -3.6662557125 10.1834754944 -5.4052577019
17.4418640137 -3.4633316994 9.9628772736 -5.7879076004
16.7469711304 -3.4479751587 8.6816997528 -5.3898110390
15.4566259384 -2.7423112392 9.0245504379 -5.8040561676
14.8983154297 -2.4860053062 8.6032047272 -5.6566128731
14.2609310150 -2.6549258232 7.5394663811 -5.2788777351
13.2389583588 -2.4805207253 7.1357145309 -4.9411630630
13.0951862335 -2.5602278709 6.8934636116 -5.0387563705
12.5596399307 -1.4819880724 5.3777036667 -5.3238129616
11.7473335266 -1.4933224916 5.3393583298 -4.8421654701
11.4885454178 -2.0059342384 4.8607211113 -4.7368488312
10.4450073242 -1.5540169477 3.8276586533 -3.8676371574
9.9825439453 -1.9262272120 3.0693273544 -4.0845890045
8.9270248413 -1.9945999384 3.1694757938 -4.1512894630
8.4933156967 -1.3796118498 2.8920376301 -3.3557987213
8.8922796249 -1.4421344995 2.2216749191 -3.5278158188
8.2321310043 -1.4004527330 2.2789669037 -3.5179862976
7.6318874359 -1.2428666353 1.4592833519 -3.6949181557
7.8487415314 -1.8008165359 1.4191341400 -3.1563997269
7.5180683136 -1.7646192312 0.9490680695 -2.8446626663
7.0244550705 -1.9280554056 1.0595922470 -1.9164733887
6.9262113571 -1.7342720032 1.0171866417 -2.1235961914
6.8495330811 -1.5825359821 0.7036590576 -1.6847772598
6.7441015244 -1.7591347694 0.6968922615 -1.8195819855
6.1139049530 -2.0684568882 1.1908674240 -1.7985191345
5.3770780563 -1.2030130625 0.6526827812 -1.0037307739
6.2193365097 -1.0282423496 0.5962924957 -1.4116563797
6.1474514008 -1.3832682371 0.3639664650 -1.5183773041
5.9545583725 -1.7002685070 0.3152456284 -1.6896924973
6.0336322784 -1.7591347694 0.4221606255 -1.2873830795
5.4753217697 -1.1459749937 0.3184032440 -1.2944040298
5.0583858490 -1.3701055050 1.2409420013 -0.9953050613
5.5064716339 -1.3909463882 0.7406506538 -0.6182727814
5.5172548294 -0.8593218327 0.8719263077 -0.8436498642
5.5208492279 -0.5138022900 1.1195907593 -0.4385318756
5.3243618011 -0.4589581490 0.4365963936 -0.6077404022
5.4908971786 -1.2180038691 0.7478685379 -0.6266975403
4.9134168625 -0.4969835281 0.2579536438 -0.9939012527
4.8187675476 -0.8366527557 0.7068166733 -0.3795547485
5.1638174057 -0.8538374901 0.6747875214 -0.2419414520
4.2113342285 -0.7719364166 0.9107227325 -0.6603994370
5.0655746460 -0.9865608215 0.7595977783 -0.3009185791
4.9481611252 -0.8556654453 0.2809605598 -0.3879804611
5.0272350311 -0.9752261639 0.5962924957 -0.2033252716
4.6785907745 -0.3222126961 0.1970524788 -0.7270994186
4.7169294357 -0.5196523666 0.4316344261 -0.8647127151
4.9325857162 -0.5214805603 0.3973493576 -0.5831670761
3.8578977585 -0.7265985012 0.0720925331 -0.7741403580
4.3898506165 -0.9181880951 -0.0145225525 -0.5803585052
4.1011104584 -0.4322671890 0.3120875359 -0.2566862106
4.0328187943 -1.0150797367 -0.0533185005 -0.4624042511
3.3535003662 -0.8706562519 -0.1967744827 0.1456232071
3.6230716705 -0.5083179474 -0.2477512360 -0.2524728775
3.7440786362 -1.2333602905 -0.0632433891 -0.2517709732
2.8107643127 -1.0702898502 -0.2725625038 -0.3100461960
3.5284223557 -0.6545696259 -0.0149736404 -0.2868766785
2.6358432770 -0.8234901428 -0.4164695740 -0.3275985718
2.2716236115 -0.2139866352 -0.0736188889 -0.2777490616
2.4992618561 -0.4399454594 0.1379556656 -0.5438489914
1.8846397400 -0.5576779842 -0.0190339088 -0.4834671021
2.3291320801 -0.1609704494 0.0459275246 -0.3325138092
2.6286544800 -0.5233087540 0.1077308655 0.0367965698
1.9984588623 -0.5821750164 -0.0253491402 -0.1675176620
2.0439853668 -0.3203847408 -0.1733164787 -0.1267957687
2.1961441040 0.1483516693 0.1402115822 -0.9531784058
1.9900722504 -0.4834551811 0.0188603401 -0.6667175293
1.9900722504 -0.0450661182 0.3842668533 -0.2974081039
1.0867099762 0.0478036404 0.1835188866 -0.2489624023
1.6605968475 -0.4531080723 0.8417015076 0.1807289124
1.3143482208 -0.2121584415 0.1514892578 -0.1303062439
1.5659465790 -0.5613341331 0.3775000572 -0.4638080597
1.0867099762 -0.4702925682 0.6522316933 -0.3219823837
1.0986919403 -0.5938751698 0.3581018448 -0.4427452087
0.9764862061 -0.2180085182 0.3648686409 -0.3381309509
0.7380657196 -0.8139839172 0.4442658424 -1.1855773926
1.3454990387 -0.2253210545 0.6973433495 -0.6793556213
0.3199310303 -0.1551203728 0.2773513794 -0.5017223358
0.8219318390 -0.5499997139 0.5403537750 -0.7755451202
1.0339946747 -0.5006396770 0.1785564423 -0.8232889175
0.7260856628 -0.2520120144 0.4776482582 -0.3191738129
0.8446960449 -0.5083179474 0.5362939835 -0.4855737686
0.5930976868 -0.4666361809 0.3287792206 -0.0685205460
0.9956550598 -0.0699288845 0.5597519875 -0.2110490799
0.9585151672 -0.5233087540 0.1023173332 -0.2335157394
0.9046001434 -0.3222126961 0.4329876900 -0.3760442734
1.0339946747 0.2017335892 -0.1236934662 -0.7411413193
0.2408580780 -0.1116104126 0.1929922104 0.0417108536
0.6122665405 0.7121517658 0.0138978958 -0.1576881409
0.6014842987 -0.0564005375 0.3211102486 0.0599660873
-0.0215244293 -0.0754132271 0.5732855797 -0.5213813782
0.3690528870 -0.1152667999 0.5935859680 -0.0179681778
0.5595493317 -0.2443337440 0.2606601715 0.2116212845
0.7380657196 -0.4095981121 0.1943454742 -0.4848718643
0.5895023346 -0.1723048687 0.0319428444 -0.5354232788
0.4948539734 -0.0432379246 0.0211157799 -0.2131547928
0.7416610718 -0.1723048687 0.4131383896 -0.2974081039
0.3654594421 -0.2329993248 0.5430607796 -0.3437471390
0.3882236481 -0.0033843517 -0.2003836632 0.0283708572
0.6697750092 -0.3203847408 0.0202136040 0.0634765625
0.5859088898 0.0156283379 0.1456246376 -0.4223833084
0.1462078094 -0.2293429375 0.1699852943 -0.6976108551
0.4421367645 -0.2044801712 0.5786991119 -0.6035280228
1.1250495911 -0.4059419632 0.2128415108 -0.2300052643
0.4037990570 0.5509092808 -0.0402364731 -0.0425424576
0.7117080688 -0.3050282001 0.1063776016 -0.0165643692
0.5403804779 0.0174565315 0.3495306969 -0.4343194962
0.7764053345 -0.0867476463 0.5895261765 -0.7270994186
1.0220146179 0.1882052422 -0.0857992172 0.1013898849
0.6841526031 -0.2768747807 -0.3605308533 0.1968774796
0.5367870331 -0.2746810913 0.3747930527 -0.4813613892
0.1761608124 0.0631601810 -0.0406875610 -1.0816650391
0.5212116241 -0.3774228096 0.1758499146 -0.0242872238
0.1761608124 -0.1496360302 0.2642688751 -0.3620023727
0.2899799347 -0.1854674816 0.3387036324 -0.1078386307
0.7117080688 -0.1646265984 0.4158449173 0.0620718002
-0.0970039368 -0.3203847408 0.0621676445 0.0136260986
0.4792785645 -0.6999075413 -0.1909098625 -0.1892833710
0.4948539734 -0.3829071522 0.3585529327 -0.1450500488
0.4792785645 -0.7510955334 -0.0352740288 0.1357936859
0.4792785645 -0.3638944626 0.3165988922 0.0620718002
0.2061138153 -0.4739489555 0.0436720848 -0.6603994370
0.6577930450 -0.2293429375 0.1618652344 -0.2538776398
0.4193725586 0.0744946003 0.2128415108 -0.3971080780
0.8063564301 -0.5576779842 0.5457673073 0.0845394135
0.6086711884 -0.7796146870 -0.4033870697 -0.7839698792
0.9657039642 -0.2841873169 0.1943454742 -0.5691251755
0.3546772003 -0.5328152180 0.4993019104 -0.5234870911
0.6925392151 -0.5119743347 1.0600433350 -0.3978099823
0.4037990570 0.0609664917 0.7668156624 -0.4469575882
0.8482894897 0.0251348019 0.2949452400 -0.5951023102
0.9357509613 -0.5159962177 0.0490851402 -0.3149604797
0.5367870331 -0.3317191601 0.4456191063 -0.3676195145
0.7153015137 -0.2198367119 0.4131383896 0.4699983597
1.1094741821 -0.2329993248 0.1902856827 -0.2496643066
0.3199310303 -0.5748624802 -0.0767769814 -0.1036262512
0.3966102600 -0.3638944626 0.2390065193 -0.4975099564
0.9129867554 0.0079503059 0.1740450859 -0.4715318680
0.8291206360 -0.6088659763 -0.0488076210 0.2530460358
0.3582706451 -0.7949712276 0.1253242493 -0.4687232971
0.2216873169 -0.1342794895 -0.1615872383 0.0290727615
0.3846282959 0.0287909508 0.5534362793 -0.6758451462
0.5176162720 -0.1627986431 0.3030653000 -0.5733375549
0.4948539734 -0.1383013725 0.4713325500 -0.2833662033
0.7033214569 -0.2633464336 0.4659194946 -0.7523756027
1.1370296478 -0.2787029743 0.4762949944 0.2944707870
0.3163375854 0.1084980965 0.5660676956 -0.2587919235
0.6314353943 -0.4209325314 0.5687747002 -0.4483613968
0.8446960449 -0.0772414207 0.3486285210 -0.3170671463
0.9046001434 0.0840010643 0.3671240807 0.1421127319
0.5895023346 0.1691925526 0.6418557167 -0.4350214005
0.6613883972 -0.4286108017 0.2511868477 -0.2616004944
0.8626670837 0.0061221123 0.2962985039 -0.2152614594
0.7943763733 -0.4684643745 0.0301384926 -0.3381309509
0.4984474182 -0.1419577599 -0.1552715302 -0.1829643250
0.8746490479 0.1501798630 0.5493764877 0.1610698700
0.5631446838 -0.1591422558 0.1528425217 -0.4483613968
0.2216873169 0.0251348019 0.0969038010 -0.7973108292
0.8063564301 0.0269629955 0.1975035667 -0.2995147705
0.2216873169 0.7538332939 -0.0664010048 -0.0916900635
0.2863845825 -0.5708405972 0.5362939835 -0.3718318939
0.9357509613 0.4368329048 0.3265233040 -0.4139585495
0.5751247406 -0.0889415741 0.6621561050 0.0213499069
0.8818378448 0.0989918709 0.1952476501 -0.8857765198
0.7608299255 0.1596863270 0.1654739380 -0.6737394333
0.3426952362 0.0156283379 0.4411077499 -0.1934957504
0.4792785645 0.3154442310 -0.0569276810 -0.3416414261
0.0132198334 -0.2026522160 0.4027628899 -0.0881795883
0.7224903107 0.6591353416 0.4374990463 0.0894546509
-0.0143356323 0.1220264435 0.5466694832 -0.2496643066
0.5823135376 -0.3697445393 -0.1733164787 -0.1576881409
0.5559558868 -0.1401295662 -0.0036954880 -0.3809595108
0.6086711884 -0.4553017616 0.1641206741 -0.6231870651
0.3355064392 -0.2044801712 0.3504328728 -0.4652128220
0.4565143585 -0.0830914974 -0.2454953194 -0.6884832382
0.5020408630 -0.4929616451 0.3797554970 -0.4013204575
0.6242465973 -0.1591422558 0.0513410568 -0.0116491318
0.2827911377 0.2660841942 0.3459215164 -0.5543804169
0.6086711884 0.2624280453 -0.2251949310 -0.4532766342
-0.1688899994 -0.0659067631 0.3188543320 -0.4153623581
0.6805572510 -0.2216649055 0.8529796600 -0.0937967300
0.6314353943 -0.2066740990 -0.2960209846 -0.3900871277
0.9848728180 0.3629758358 -0.0442962646 0.0683908463
0.6697750092 0.2927751541 0.1961503029 0.0318813324
0.5631446838 -0.0260534286 0.2191572189 -0.6049327850
0.7380657196 -0.0849196911 0.4695281982 -0.3549814224
0.7943763733 0.1315329075 -0.0569276810 -0.8871803284
0.0395774841 -0.0242252350 0.3265233040 0.1027946472
0.3283176422 0.1958835125 0.2728404999 -0.6435480118
1.1370296478 -0.1573140621 0.4605059624 0.1786222458
0.9309577942 -0.0052125454 -0.0772280693 0.3197460175
0.5020408630 -0.2234928608 0.3761467934 -0.4230861664
0.3426952362 0.1198327541 -0.3596286774 0.2368974686
0.7296791077 0.8090434074 0.1880297661 -0.6126556396
0.7452545166 -0.5613341331 -0.1160244942 -0.4609994888
1.1142673492 0.0518257618 0.5606541634 -0.6891851425
0.9273643494 0.2927751541 0.2069768906 -0.2707281113
0.6925392151 0.4598677158 0.1979546547 -0.5571889877
0.2863845825 -0.3810789585 0.4293785095 -0.3170671463
0.8482894897 0.0478036404 0.1144976616 -0.1696243286
0.7907810211 -0.6410412788 -0.4462432861 -0.5375299454
0.6122665405 0.0251348019 -0.0239958763 -0.3107481003
0.8171405792 -0.2936937809 -0.1818876266 -1.6180772781
0.7069149017 -0.3584101200 -0.4412813187 -0.0762434006
0.8590736389 0.0799791813 -0.0515141487 -0.7488651276
0.7680187225 -0.6754105091 0.1023173332 -0.2784509659
0.5667381287 -0.2596902847 0.1956992149 0.1041984558
0.5331916809 -0.3679163456 -0.0623412132 -0.5824651718
0.5631446838 -0.1211168766 -0.2301573753 0.0676889420
0.5703334808 0.2262306213 -0.0939192772 -0.0706262589
0.6470108032 0.0138001442 -0.4665436745 -0.4055328369
0.5559558868 0.3969793320 -0.2842917442 0.0382003784
0.5403804779 0.4558458328 0.0919418335 -0.2194738388
0.9956550598 0.5432310104 -0.2342176437 -0.2159633636
0.3546772003 -0.3584101200 -0.1773762703 -0.4315109253
0.6350307465 -0.0282471180 -0.0199360847 -0.2398347855
1.0567588806 -0.3412256241 -0.0952730179 -0.6098470688
0.4756832123 -0.4227607250 0.0630698204 -0.1478586197
1.4365539551 -0.0223970413 -0.2112102509 -0.3065357208
0.7835941315 -0.2329993248 0.2999076843 -0.2159633636
0.8171405792 -0.3584101200 -0.1340689659 -1.0226879120
0.8482894897 0.1125199795 -0.1277532578 -0.2945995331
0.5703334808 0.1198327541 -0.7033810616 -0.3746404648
0.7488479614 0.2679123878 -0.1697072983 -0.0586910248
0.6350307465 0.1768708229 0.0364542007 0.0487318039
0.4337501526 -0.5423214436 -0.2671489716 -0.7636089325
0.6925392151 -0.2044801712 -0.0230937004 -0.3577899933
0.2971687317 -0.3565819263 0.1379556656 -0.6863775253
0.6434173584 -0.5481715202 0.0048756599 -0.5220832825
0.1462078094 0.4313485622 0.0987086296 -0.0692224503
0.6242465973 -0.0147187710 -0.3271479607 -0.8120546341
0.6661796570 -0.0699288845 -0.0086579323 -0.3921928406
0.7835941315 -0.1551203728 -0.1660985947 -0.0930938721
1.3071594238 -0.0187406540 -0.5224823952 -0.4911909103
0.3283176422 0.0174565315 0.1199111938 -0.3472576141
0.8255271912 -0.3203847408 0.2047214508 -0.1078386307
0.7380657196 -0.2995438576 0.6116309166 -0.3219823837
1.1633892059 0.0156283379 0.2092328072 -0.6758451462
0.5631446838 -0.3013720512 0.2146458626 -0.9236898422
1.0950965881 -0.1097824574 -0.1187310219 -0.5017223358
0.4457321167 -0.0052125454 0.1889324188 0.1400060654
0.8590736389 -0.0564005375 0.4018602371 -0.0846691132
0.6769638062 0.0024657249 0.0684833527 -0.2728347778
0.5930976868 -0.2198367119 0.4641146660 -0.2967061996
0.4229679108 -0.2977156639 0.1384067535 -0.2805576324
0.7033214569 0.1542017460 -0.0009889603 -0.8345222473
0.8171405792 -0.5671842098 0.1009640694 -0.2145595551
1.1633892059 -0.1211168766 0.0084843636 -0.2503671646
0.9728927612 -0.4172763824 -0.2937650681 -0.2026233673
1.3754501343 -0.4132544994 0.1753988266 -0.3844699860
0.8674602509 -0.9105098248 0.1884813309 0.2825345993
0.6961326599 -0.1342794895 0.0278825760 -0.5845708847
1.0268058777 -0.1324512959 0.5953903198 -0.5852727890
1.0795211792 0.0042939186 0.4347920418 -0.4237880707
1.3419036865 0.1808927059 0.3788533211 -0.4462556839
1.4856758118 -0.3924136162 1.0798921585 -0.3002166748
0.9956550598 -0.1854674816 0.1569027901 -0.0158624649
0.9764862061 -0.1759612560 0.6959900856 -0.0242872238
1.7396717072 0.0916793346 0.7320795059 -0.3261947632
1.5347976685 0.1103262901 0.4185519218 -0.4209794998
1.5156269073 -0.1573140621 0.3770489693 -0.3430452347
1.0184192657 0.1030137539 0.7036590576 0.0087118149
1.1933403015 -0.5463433266 0.6323823929 -0.2917909622
1.3982143402 -0.4893052578 0.4749417305 0.0206480026
1.1478137970 -0.9657199383 0.1587071419 -0.1513690948
1.5120334625 -0.2425057888 0.6553893089 -0.2616004944
1.1933403015 -0.0337314606 0.7857627869 -0.6077404022
1.1250495911 -0.6278786659 0.6197509766 0.0719013214
2.0056476593 -0.5880250931 0.8006496429 -0.1071367264
1.6030883789 -0.8366527557 0.3630642891 0.0522422791
1.8007736206 -0.1989958286 0.3468236923 -0.3746404648
1.8007736206 -0.5576779842 0.7713270187 -0.4076395035
1.6797657013 -0.5481715202 0.9535789490 0.0971775055
1.7672271729 -0.0659067631 1.2874069214 -0.3760442734
1.4976558685 -0.5708405972 0.9869618416 -0.0306062698
2.4693088531 -0.7492675781 1.3293614388 -0.2651109695
2.3291320801 -0.7682802677 1.6492047310 0.0908584595
1.9984588623 -0.0450661182 1.4471035004 -0.3072376251
2.2560482025 -0.1781549454 1.6726627350 -0.2608985901
2.6813716888 -0.5803468227 1.5671010017 -0.5536785126
2.6969470978 -0.7397611141 1.5283045769 -0.3957033157
3.0839309692 -0.6867449284 1.7024364471 -0.3297052383
2.4693088531 -0.5309870243 2.0493474007 -0.6863775253
2.9126033783 -1.3112392426 1.1615447998 -0.8001184464
2.4153938293 -0.6999075413 1.4759750366 -0.4673185349
2.2871990204 -1.1024651527 1.7511577606 0.0536470413
2.2488594055 -0.5350089073 1.4606370926 -0.4694252014
2.3518962860 -0.9503633976 1.5774765015 -0.1956024170
2.6250610352 -0.8443310261 2.1607737541 -0.2215805054
2.8562927246 -0.6904013157 1.6690540314 -0.0327129364
2.4237804413 -0.6410412788 1.3911643028 -0.2461538315
2.0859203339 -0.7872929573 1.4746217728 0.1119222641
2.3854427338 -0.7741303444 1.4511632919 -0.2756423950
1.9529304504 -0.4227607250 0.9364366531 -0.6990146637
2.5292129517 -0.4571299553 1.3140230179 -0.1527738571
1.7708206177 -0.7777864933 0.9377899170 -0.3346204758
1.8810462952 -0.2900373936 1.4804859161 -0.4883823395
1.5312023163 -0.6999075413 0.5236625671 0.4728059769
0.6841526031 -0.1741330624 1.1886119843 -0.5298061371
1.4892692566 -0.7854647636 0.8367390633 -0.0987110138
1.0268058777 -0.3145346642 1.1209440231 -0.2763452530
1.1777648926 -0.8706562519 1.1872587204 -0.3093442917
1.1442184448 -0.3810789585 1.1295156479 -0.3999166489
1.6378326416 -0.2293429375 0.5344896317 -0.4694252014
1.1406250000 -0.5481715202 0.8692197800 -0.3886823654
1.6941432953 -0.1876614094 1.0212469101 -0.2819614410
1.0639476776 -0.3964354992 0.6048641205 -0.5094451904
1.2089157104 -0.7646238804 0.7582445145 -0.6344213486
0.7680187225 -0.0110626221 0.5841126442 -0.3739385605
1.1322383881 -0.9448790550 0.8814001083 0.2172384262
1.2352733612 0.1882052422 0.7505755424 -0.2981100082
0.9273643494 -0.1478078365 0.4780993462 0.2109193802
1.1406250000 -0.8271465302 0.4036650658 -0.0818605423
1.2125110626 0.1161763668 0.5913305283 0.0487318039
0.8710536957 -0.4911334515 0.6824564934 -0.3339176178
0.5403804779 0.0554819107 0.9707217216 -0.0355215073
0.6086711884 -0.7569456100 0.6310291290 -0.5389337540
0.5020408630 -0.3430535793 0.5155425072 -0.0334148407
1.2005290985 -0.1818113327 1.0298180580 -0.3430452347
0.6961326599 -0.1686487198 0.1961503029 -0.7151632309
0.6541996002 -0.1097824574 0.5313315392 0.2326850891
0.7991676331 -0.4834551811 0.6901254654 -0.2222824097
1.2316799164 -0.4362890720 0.0175070763 -0.3240880966
0.4720897675 -0.3829071522 0.4361453056 -0.2953014374
0.6613883972 -0.0889415741 0.0815658569 -0.5656137466
0.5104274750 0.0649883747 0.3062233925 -0.8984146118
0.6613883972 -0.3032000065 0.2281794548 -0.0629034042
0.4337501526 -0.6337287426 0.0996108055 -0.2356224060
0.8554782867 0.0211129189 -0.2775249481 -0.2068357468
0.3127441406 -0.4476234913 0.4442658424 -0.7530775070
1.0795211792 -0.3262348175 0.3387036324 -0.7102489471
0.8446960449 0.0423192978 0.4898285866 -0.1085405350
-0.1652946472 -0.1211168766 0.5904283524 -0.0285005569
0.6541996002 -0.2578620911 0.7938828468 -0.0544776917
0.7536411285 -0.3262348175 0.4194540977 -0.2384309769
1.0268058777 -0.0070405006 0.5651655197 -0.2742385864
0.8590736389 -0.3489036560 0.5083246231 -0.1015195847
0.5248050690 -0.3280627728 -0.0316648483 -0.2103462219
1.0495700836 -0.3222126961 0.2972006798 -0.3128547668
1.2508487701 -1.0531051159 0.3359971046 -0.2187719345
0.4193725586 0.0858292580 0.2060747147 -0.3451519012
0.7716121674 -0.0735850334 0.0233716965 -0.4483613968
0.5176162720 0.0536537170 0.2250218391 -0.5087432861
1.3143482208 0.0116064548 -0.0600852966 -1.0542821884
0.6086711884 0.1103262901 0.4131383896 -0.4560852051
0.7943763733 -0.3470754623 0.2408108711 -0.3809595108
1.2232933044 0.0916793346 -0.2509088516 -1.1497697830
0.8135452271 -0.7967991829 0.8877158165 -0.4708290100
1.3946208954 0.1198327541 0.5254669189 -0.4090433121
0.9621086121 0.4503612518 -0.2238416672 -0.4645099640
0.9201755524 -0.0300753117 0.3887777328 -0.9812631607
0.0168151855 0.0649883747 0.7266659737 0.0136260986
0.3355064392 -0.2425057888 0.4961442947 0.4496364594
0.5631446838 -0.4340953827 0.6896743774 -0.0144577026
0.7260856628 -0.1342794895 0.5818567276 -0.5585927963
0.2863845825 -0.2596902847 0.4406566620 -0.3009185791
0.0695304871 0.0002720356 0.1163020134 -0.5045309067
1.4665050507 -0.3335473537 -0.1169266701 0.3267679214
0.6541996002 -0.1211168766 0.1099863052 -0.5880813599
0.7380657196 0.4368329048 0.6206531525 -0.3353223801
1.0567588806 -0.4037480354 0.2421641350 -0.2250909805
0.9201755524 -0.1287951469 0.3486285210 -0.5277004242
0.7452545166 0.0423192978 0.0084843636 -0.3844699860
0.6470108032 -0.0128905773 0.2570509911 -0.4111499786
0.4948539734 -0.1836395264 0.0680322647 -0.2960042953
0.8399028778 0.2982597351 0.2755470276 -0.0242872238
0.5439758301 0.2605998516 0.5408048630 -0.4609994888
0.5703334808 -0.3222126961 0.4496788979 -0.2208786011
0.8063564301 -0.2841873169 -0.5734591484 -0.0909881592
1.0220146179 0.0364692211 -0.0497097969 -0.6091451645
0.5331916809 -0.1437859535 0.6414046288 -0.1527738571
0.1761608124 -0.3887572289 0.5448651314 -0.0959024429
0.6506042480 -0.5631623268 0.3987026215 -0.5754432678
0.6242465973 -0.1759612560 -0.1020398140 -0.0060329437
0.6997261047 -0.4000918865 0.2484798431 0.0403070450
0.5978889465 0.2946033478 -0.2522621155 -0.1022214890
0.5248050690 0.0518257618 0.2561488152 -0.1780490875
0.5703334808 -0.0373878479 0.3084788322 -0.6231870651
0.6158599854 0.1103262901 0.4181008339 -0.4785528183
0.6314353943 -0.2180085182 0.3653197289 0.0529441833
0.7536411285 -0.1799831390 0.1000618935 -0.3802576065
0.2827911377 -0.0223970413 0.5205049515 -0.6653137207
0.9728927612 -0.3145346642 0.3693799973 -0.8590965271
0.7907810211 -0.4209325314 0.0770545006 -0.3655128479
0.6541996002 -0.2955219746 -0.2306084633 0.0178394318
0.2971687317 0.0269629955 0.7054634094 -0.5129556656
0.5176162720 0.5147120953 -0.1205353737 -0.2286014557
0.7764053345 0.1008200645 -0.2563223839 -0.0643081665
0.2444515228 -0.1039323807 0.4352431297 -0.5333175659
0.5020408630 -0.2578620911 0.4880242348 0.3078107834
0.4565143585 0.3571259975 0.2448711395 -0.5740394592
0.4265613556 -0.4304389954 0.5475716591 -0.0720310211
0.3462905884 -0.3050282001 0.0314917564 -0.0032243729
1.3454990387 -0.1704766750 -0.0194849968 -0.2833662033
0.7536411285 -0.1627986431 -0.0316648483 -0.2658128738
0.5930976868 -0.0545723438 0.2976517677 -0.9854755402
0.2899799347 -0.4340953827 0.4686260223 -0.1310081482
0.5559558868 -0.0907695293 -0.1521139145 0.0052013397
0.4265613556 -0.4245889187 -0.0429430008 0.0052013397
1.0268058777 -0.2691965103 -0.4146652222 -0.1071367264
0.6697750092 -0.3240408897 0.4956932068 -0.2868766785
0.4337501526 -0.1306231022 -0.0515141487 -0.4645099640
0.0815105438 -0.4648082256 0.0026202202 -0.0895833969
1.7624340057 -0.1894893646 -0.1909098625 -0.2981100082
0.5331916809 -0.5613341331 0.1573538780 -0.1604967117
0.0431728363 0.0251348019 -0.2590289116 -0.1864748001
0.7153015137 0.1713862419 0.4275741577 0.0894546509
0.2600269318 -0.2348275185 0.0793104172 -0.6000175476
0.8590736389 -0.0794351101 0.5985484123 0.3014917374
0.4385433197 0.0251348019 0.5430607796 -0.0327129364
0.6278419495 -0.0205688477 0.1808118820 -0.4673185349
0.7344722748 -0.1609704494 0.1492338181 -0.1836662292
0.7764053345 0.2547497749 0.3653197289 -0.7783536911
0.1306324005 -0.4399454594 0.8850088120 -0.3430452347
0.8902244568 0.4313485622 -0.4525589943 -0.2651109695
0.9129867554 -0.4856488705 -0.1011371613 -0.3886823654
0.5595493317 0.0518257618 0.3468236923 -0.1759433746
0.0048332214 -0.3507318497 0.6463670731 0.1505374908
0.3510818481 -0.2293429375 0.6012549400 -0.6056346893
-0.1880588531 -0.7627956867 0.5854659081 -0.4139585495
0.5930976868 -0.3185565472 0.1947965622 -0.4455537796
-0.0059490204 -0.1894893646 0.4997534752 -0.4125537872
0.5403804779 -0.0984477997 0.2033681870 -0.3409385681
0.4002037048 -0.2746810913 0.1149487495 -0.4736375809
0.4457321167 0.1275107861 0.1036705971 -0.7348222733
0.6386241913 0.4861929417 0.8101229668 -0.0242872238
0.5703334808 -0.0373878479 0.2814116478 -0.4272985458
0.5104274750 -0.0794351101 0.2299842834 -0.0643081665
0.7452545166 -0.3072221279 0.1866765022 -0.3928947449
0.4649009705 -0.0717568398 -0.1710605621 -0.9875822067
0.6841526031 -0.2348275185 0.0057778358 0.3520431519
0.4265613556 0.0002720356 -0.0451984406 -0.5810604095
0.0240039825 -0.2216649055 0.3815598488 -0.2974081039
-0.2263984680 0.4254984856 0.3955445290 -0.0418405533
0.3055553436 0.3648040295 0.3075766563 -0.2749404907
0.6769638062 0.1940553188 -0.1124153137 0.2242593765
0.4720897675 0.0916793346 -0.0839948654 -0.3409385681
0.7452545166 0.3136160374 0.0170559883 -0.1759433746
0.6805572510 -0.5138022900 0.5615563393 -0.1169662476
0.3846282959 0.2375652790 0.4424610138 -0.6484632492
0.3810348511 0.6646199226 0.3193054199 0.3064060211
0.4457321167 0.0441474915 0.3368992805 -0.5312108994
0.2708091736 -0.1836395264 0.4695281982 -0.0018196106
0.8219318390 -0.1551203728 0.0351004601 0.2024936676
0.6613883972 -0.4000918865 0.3238167763 -0.6042299271
0.0922946930 -0.2805311680 0.2877273560 -0.7516736984
0.4301567078 0.1655364037 0.1695342064 -0.3957033157
0.0012397766 0.2415871620 0.2218637466 -0.4729356766
0.2744045258 -1.0037453175 0.3540415764 -0.2426433563
0.5667381287 0.0554819107 0.1916389465 -0.6042299271
0.5667381287 0.0858292580 0.2890806198 -0.0249891281
0.5403804779 -0.1627986431 -0.1164755821 -0.3191738129
0.7835941315 -0.5576779842 0.3978004456 -0.3802576065
0.5020408630 -0.3412256241 0.2146458626 -0.1303062439
1.0831165314 -0.2673685551 0.5629100800 -0.1619005203
0.0012397766 0.4558458328 -0.4115071297 -0.1991128922
1.0795211792 -0.4436016083 0.1438202858 -1.2445545197
0.4984474182 -0.1532921791 0.5687747002 -0.8527774811
0.3582706451 -0.4553017616 -0.0420408249 -0.4455537796
0.0467662811 0.1406733990 0.0242738724 -0.3451519012
0.9728927612 0.0876572132 -0.0623412132 -0.3156633377
0.5331916809 -0.3298909664 -0.1656475067 -0.5234870911
0.2779979706 -0.0812633038 0.5818567276 -0.5052328110
0.5331916809 -0.1478078365 -0.1128664017 -0.3900871277
0.7224903107 -0.5386652946 0.4248676300 -0.7664175034
0.4421367645 0.3498132229 0.3387036324 -0.2096443176
0.3810348511 -0.1551203728 0.3341927528 -0.1703262329
0.5859088898 -0.4132544994 0.6247134209 0.2467269897
0.4876651764 -0.1478078365 -0.0064024925 -0.4153623581
0.7380657196 0.3684604168 0.4072737694 -0.6533775330
0.5212116241 0.2112398148 -0.0614390373 -0.1724328995
0.1114635468 -0.0395815372 0.3423128128 -0.2468566895
0.0311908722 -0.7017357349 0.6544871330 -0.3142585754
0.3582706451 -0.3942418098 -0.0118155479 -0.5213813782
0.2180938721 -0.1723048687 0.1402115822 0.0690927505
0.9956550598 0.1161763668 0.2110371590 -0.1036262512
0.6206531525 0.0097782612 0.0675811768 0.4384031296
0.2372627258 -0.3262348175 -0.6298489571 -0.5922946930
0.7907810211 -0.2370212078 0.4338898659 -0.1057319641
0.6805572510 -0.0015561581 0.2552466393 -0.3156633377
0.0695304871 -0.1646265984 0.3675751686 -0.2026233673
0.9920616150 -0.2823593616 0.2953963280 -0.4546804428
0.8938179016 0.0935072899 -0.1309113503 -0.1359224319
0.6661796570 -0.2370212078 0.1167531013 -0.5873794556
0.5403804779 0.2946033478 0.2056236267 -0.3121528625
0.1761608124 -0.2348275185 0.5498275757 -0.4216814041
0.7680187225 0.2072179317 0.0793104172 -0.5859756470
1.3035659790 -0.2066740990 0.3937401772 -0.3669166565
0.9273643494 0.1940553188 0.4442658424 -0.1956024170
0.9046001434 0.2488996983 0.1528425217 -0.4869775772
0.7033214569 0.0441474915 -0.0835437775 -0.2264947891
0.5176162720 0.4028294086 -0.2500066757 0.0403070450
0.8135452271 0.3988075256 0.3887777328 -0.5635080338
0.4457321167 0.0744946003 0.7614021301 -0.4343194962
0.6997261047 -0.5499997139 0.0513410568 -0.1583900452
0.2145004272 -0.0490880013 0.4889264107 0.3681917191
0.7536411285 -0.1287951469 0.1271290779 -0.7994165421
0.8518848419 -0.4834551811 0.3630642891 0.0353918076
0.3738460541 0.1977117062 0.3544931412 -0.6632070541
0.4876651764 0.2927751541 0.1081819534 0.1687927246
1.1250495911 -0.3602383137 -0.0844459534 -0.3472576141
0.6769638062 -0.0414097309 0.5439629555 -0.6962070465
0.4109859467 -0.2044801712 -0.0474543571 0.1013898849
0.8063564301 -0.2787029743 0.0770545006 0.0367965698
0.6613883972 -0.0717568398 0.3450193405 0.1716012955
0.4265613556 -0.5843687057 0.5326848030 -0.3437471390
0.4193725586 -0.1704766750 0.0729947090 -0.2314100266
1.3598747253 0.0953354836 -0.3934626579 -0.1106472015
0.8902244568 -0.5821750164 0.4916329384 -0.3339176178
0.7799987793 0.0024657249 0.0152511597 -0.3339176178
0.8818378448 0.3534696102 0.4947910309 -0.2040271759
0.4337501526 -0.3964354992 0.6711783409 -0.0916900635
0.5703334808 -0.1591422558 0.0955505371 -0.2742385864
0.7296791077 0.0989918709 0.1307377815 -0.1857728958
0.4792785645 -0.2465276718 0.2502841949 -0.5754432678
0.6242465973 -0.1551203728 0.5245647430 -0.8260965347
0.6470108032 -0.2121584415 -0.0199360847 -0.0362234116
0.8518848419 0.2755906582 -0.2179770470 -0.2854719162
0.6769638062 0.0573101044 0.1753988266 -0.1597948074
0.5523624420 -0.2026522160 -0.0654988289 0.1245594025
0.9728927612 -0.2578620911 0.0143489838 0.2354936600
0.7943763733 0.1198327541 0.2841181755 -0.6316127777
0.3618640900 -0.5708405972 0.0815658569 -0.7214822769
-0.0550708771 -0.1532921791 0.0729947090 -0.0095434189
0.1641807556 -0.2977156639 0.0869793892 0.1140279770
0.8518848419 0.3154442310 -0.0975284576 -0.3114500046
0.3882236481 0.0382974148 0.4934377670 -0.3360242844
0.6541996002 0.1900334358 0.4203562737 -0.5459547043
0.5787200928 -0.6260504723 0.5791501999 -0.2075376511
0.1234455109 0.0002720356 0.4898285866 -0.1274976730
0.4649009705 -0.2348275185 -0.2170748711 0.1533460617
0.5787200928 0.3117878437 -0.1097087860 -0.6639099121
0.4948539734 0.1084980965 0.2394576073 -0.4160652161
0.9848728180 -0.2216649055 -0.0614390373 -0.1970062256
0.5859088898 0.1673643589 -0.0212893486 -0.4167671204
0.7572345734 0.1768708229 0.2705845833 0.0536470413
1.2508487701 -0.2216649055 0.1086330414 -0.5277004242
0.8974113464 -0.1097824574 -0.2581267357 -0.1647090912
0.3319129944 -0.8479874134 0.0824680328 -0.3325138092
0.6014842987 0.0631601810 0.4618592262 -0.0495634079
0.1533966064 0.0726664066 0.2047214508 -0.1050300598
0.4109859467 -0.1021041870 0.3468236923 -0.2166652679
0.8291206360 0.4331767559 -0.1990303993 -0.0692224503
0.3355064392 -0.1894893646 -0.1133174896 -0.5445508957
0.6769638062 -0.1324512959 -0.2712092400 -0.3865756989
0.6386241913 -0.4322671890 0.0459275246 -0.6428461075
1.2352733612 0.3059377670 0.2083301544 -0.3212795258
0.7907810211 -0.6944231987 -0.1146707535 -0.9377326965
0.5475692749 0.0287909508 -0.2626380920 -0.6238889694
0.7380657196 -0.4893052578 0.3630642891 -0.7341203690
1.1633892059 -0.3679163456 -0.1692562103 -0.1141576767
0.4529209137 -0.1836395264 -0.1291065216 -0.2180700302
0.1797542572 0.2642562389 0.5453162193 -0.4160652161
0.2971687317 -0.1002759933 -0.0636944771 -0.3430452347
0.6541996002 -0.1854674816 0.5926837921 0.3302783966
0.5475692749 -0.1514639854 -0.0808367729 -0.7369289398
0.3426952362 0.1428673267 0.1812629700 -0.0783500671
0.2145004272 0.1446955204 -0.0330185890 -0.0593929291
0.2827911377 -0.0128905773 -0.1552715302 -0.4280004501
0.1833496094 0.1637082100 0.4731373787 -0.4118518829
0.5403804779 -0.0490880013 -0.2360219955 -0.4989137650
0.6386241913 -0.0585942268 -0.4038381577 -0.6070384979
-0.0670528412 0.5205621719 0.1997590065 -0.0214786530
0.4229679108 -0.5975315571 0.0102891922 -0.1619005203
0.3582706451 -0.2556684017 0.1555495262 -0.1415395737
0.6470108032 -0.6523756981 0.1875786781 -0.1998147964
0.4109859467 -0.1971676350 0.2029170990 -0.2756423950
0.5248050690 -0.3470754623 0.3314857483 -0.2180700302
0.5631446838 -0.2823593616 0.4221606255 -0.1471567154
0.6470108032 -0.3810789585 0.3968982697 -0.4546804428
0.2971687317 0.0423192978 -0.1715121269 -0.2264947891
0.3882236481 0.0894854069 -0.2874493599 -0.1611986160
0.7871875763 0.2719342709 0.1050238609 -0.3304071426
0.8291206360 -0.1478078365 -0.2531642914 -0.6126556396
0.7452545166 -0.5046615601 0.7226061821 -0.8583936691
0.6206531525 -0.0128905773 -0.1850457191 -0.8682231903
0.7069149017 -0.4381172657 0.0991597176 -0.6014213562
0.2899799347 0.4463393688 0.2453222275 -0.1120510101
0.7296791077 -0.0147187710 -0.0907616615 -0.2910890579
0.3510818481 -0.0468940735 0.4803552628 -0.6281023026
0.5248050690 0.1578581333 0.0987086296 -0.4820632935
0.4876651764 -0.4019198418 0.3080277443 -0.7200784683
0.3283176422 0.1560299397 0.9571881294 -0.4308090210
0.1953296661 0.2262306213 0.2981028557 -0.1611986160
0.6697750092 0.2832689285 -0.1638426781 -0.3261947632
0.1833496094 -0.2841873169 -0.7516508102 -0.4048309326
0.8674602509 0.2320806980 0.2024660110 -0.4062347412
0.6769638062 -0.3697445393 0.1032195091 -0.5621032715
0.7069149017 0.0097782612 -0.0528674126 -0.4076395035
-0.1281547546 -0.3375692368 0.4970464706 0.4629764557
-0.1197681427 0.2357370853 -0.1615872383 0.2193450928
0.2097072601 0.4693739414 0.3175010681 0.0431146622
0.8974113464 -0.4721207619 0.2570509911 -0.5192747116
0.4792785645 -0.1627986431 0.0743479729 -0.5529766083
0.4720897675 0.1256828308 0.3671240807 -0.3732357025
0.4720897675 -0.2234928608 0.0138978958 -0.3219823837
0.0851058960 0.2737624645 0.1275801659 -0.1008176804
0.4649009705 -0.3280627728 0.1298356056 -0.3788528442
0.5559558868 0.6781482697 0.3689289093 -0.5227851868
0.2672157288 -0.0414097309 0.1280312538 0.0346899033
0.9429397583 -0.0282471180 -0.5373692513 -0.1408376694
0.1306324005 -0.1116104126 -0.1719632149 0.1442193985
0.8902244568 0.3249504566 0.5399026871 -0.2152614594
0.4265613556 -0.1266012192 0.4036650658 -0.5255937576
0.5331916809 -0.5159962177 0.1293845177 -0.0011177063
0.3199310303 -0.2728528976 0.0441231728 0.0606679916
0.2744045258 -0.2841873169 0.5872702599 -0.3655128479
0.6242465973 -0.2483556271 0.0797615051 -0.0860729218
0.8063564301 -0.4739489555 0.3215613365 -0.0973072052
0.6242465973 -0.2538402081 0.1081819534 -0.6877813339
0.2863845825 -0.6088659763 -0.1273021698 -0.3163652420
0.6541996002 0.0631601810 0.5899772644 -0.6505699158
0.3918170929 0.1768708229 0.2940430641 -0.5571889877
0.8363094330 0.0554819107 0.2814116478 -0.1415395737
0.3738460541 0.2225744724 -0.0519652367 -0.5094451904
0.3127441406 -0.0147187710 -0.0785813332 0.2221527100
0.7835941315 -0.2253210545 0.2326908112 -0.2805576324
0.2324714661 -0.4417734146 0.0941972733 -0.5171689987
1.0986919403 -0.1342794895 0.0590100288 -0.2840681076
0.6541996002 -0.4286108017 -0.2833895683 -0.0088405609
0.7991676331 0.1293389797 0.5236625671 0.1070070267
0.1533966064 -0.1646265984 -0.0248980522 -0.7151632309
0.3007621765 -0.2329993248 0.0572056770 -0.0292024612
0.2444515228 -0.4531080723 0.2092328072 -0.7530775070
0.3127441406 -0.0128905773 0.3378014565 -0.0341167450
0.7835941315 -0.0830914974 0.2322397232 -0.1590929031
0.2145004272 -0.4553017616 0.0811147690 -0.6948022842
0.5140228271 0.1732144356 0.2408108711 -0.2426433563
0.8135452271 -0.0187406540 -0.2260971069 -0.0692224503
0.9393444061 0.3666322231 -0.4633860588 0.0396041870
0.7608299255 0.4558458328 0.8502726555 0.0143289566
0.3810348511 0.0916793346 0.1767520905 -0.5986137390
1.1478137970 0.4064857960 0.5223093033 -0.3528747559
0.7764053345 0.1143481731 0.6003527641 -0.4230861664
0.9501285553 0.2927751541 0.2863740921 -0.4069375992
0.5331916809 0.1370172501 -0.0334696770 -0.1864748001
0.7991676331 0.2832689285 0.1099863052 0.0052013397
1.0639476776 0.1428673267 0.9210982323 -0.4764461517
0.3966102600 0.1560299397 0.7514777184 -0.7811622620
0.9465332031 0.4766864777 0.6675696373 -0.2229843140
1.3598747253 0.2470715046 -0.4872951508 -0.2342185974
0.5787200928 0.3172724247 0.2448711395 -0.5578908920
0.4840698242 0.2452433109 0.1794586182 0.1863451004
1.1478137970 -0.2198367119 0.6450138092 0.0550508499
0.3882236481 -0.3072221279 0.0026202202 -0.4385318756
0.2827911377 0.0649883747 0.3567485809 0.1400060654
1.0220146179 -0.0925977230 0.6296753883 -0.1562843323
0.5703334808 0.0840010643 0.0220179558 -0.3676195145
0.4229679108 -0.0282471180 0.7257637978 -0.6856746674
0.7380657196 -0.3335473537 0.0964527130 -0.3507680893
0.6158599854 -0.3829071522 0.1947965622 -0.3935976028
0.9585151672 0.1732144356 -0.0636944771 0.0936670303
0.2516403198 0.3498132229 -0.0190339088 -0.3072376251
0.5978889465 -0.3734009266 0.5602030754 -0.5031261444
-0.1509189606 -0.2275149822 0.2430663109 -0.3535766602
0.7188968658 0.0211129189 -0.2527132034 -0.7474603653
0.5523624420 0.1238546371 0.5962924957 -0.7123546600
0.5787200928 -0.7017357349 -0.1088061333 0.1203470230
0.6242465973 -0.1152667999 -0.3275990486 -0.5438489914
0.4337501526 0.3611478806 0.3815598488 -0.4441490173
1.0148258209 -0.5975315571 0.2480287552 -0.9812631607
0.4840698242 0.1618800163 0.1884813309 -0.4701271057
0.8363094330 -0.1854674816 0.2272772789 -0.3627042770
0.5930976868 -0.4666361809 0.5908794403 -0.4834671021
0.4109859467 -0.4436016083 0.4550924301 -0.5466575623
0.8902244568 -0.1551203728 0.7943339348 -0.2419414520
0.6434173584 -0.1836395264 -0.5869927406 -0.4090433121
0.6386241913 -0.3280627728 0.3238167763 -0.3992137909
0.6961326599 -0.5861968994 -0.1566247940 -0.9482641220
0.6014842987 0.3041095734 0.3350949287 -0.2082405090
0.1725673676 -0.4721207619 -0.5635342598 -0.4251918793
0.3582706451 0.2434153557 0.1555495262 -0.0685205460
0.1533966064 -0.0699288845 0.2033681870 -0.3907890320
0.3738460541 -0.1573140621 0.7275681496 -0.1471567154
0.7224903107 -0.5024678707 -0.0226426125 -0.5979108810
0.6613883972 -0.3185565472 0.0098381042 -0.2784509659
0.1150588989 0.7084953785 0.0175070763 -0.1289014816
0.6613883972 -0.2253210545 0.0576567650 -0.0741376877
0.5559558868 -0.4132544994 0.7144861221 -0.0565843582
0.6014842987 0.1256828308 0.4979486465 0.0669870377
0.2600269318 -0.3072221279 0.4063715935 -0.5115518570
1.4748916626 0.0287909508 0.2453222275 -0.4308090210
1.0795211792 0.2434153557 0.4591526985 -0.1977081299
0.4840698242 -0.7075858116 0.1884813309 -0.0832643509
0.8135452271 -0.1591422558 0.5421586037 -0.0769453049
1.1322383881 0.2605998516 0.4532880783 -0.6182727814
0.6613883972 -0.4132544994 -0.1223397255 -0.5389337540
1.0447769165 0.6971609592 0.9314742088 -0.1478586197
1.3646678925 -0.6885731220 0.5353918076 -0.6386337280
0.8674602509 0.0536537170 0.2457733154 -0.4006185532
1.0495700836 -0.4739489555 0.3427639008 -0.6175699234
1.1286430359 0.2148962021 0.5074224472 -0.2896852493
1.0687389374 -0.4381172657 0.4993019104 -0.2047300339
0.8099517822 -0.1002759933 0.0549497604 0.2853431702
0.9956550598 0.3457913399 0.2137436867 0.1105175018
0.9992504120 -0.1116104126 0.4785504341 -0.0930938721
1.4593181610 -0.1247730255 -0.0921149254 0.0515403748
1.3371124268 -0.6428694725 -0.3000807762 -0.2054319382
1.5503730774 0.2737624645 -0.4336118698 0.3127250671
1.2388687134 -0.6772384644 0.6057662964 -0.4771480560
1.4066009521 0.1786990166 0.4614081383 -0.6105489731
1.2352733612 -0.3810789585 -0.0975284576 0.3499374390
1.0268058777 0.1333608627 0.2728404999 0.0466260910
0.8710536957 -0.1646265984 0.2489309311 0.2439184189
1.0687389374 -0.0128905773 0.4162960052 -0.9257965088
1.1178607941 -0.1591422558 0.2886295319 0.1561546326
0.8255271912 -0.0545723438 0.4591526985 -0.1998147964
1.5276088715 -0.1097824574 0.2087812424 -0.1310081482
1.2232933044 -0.1704766750 0.2376532555 -0.1134557724
1.1214561462 0.0858292580 0.0657768250 -1.0177726746
1.3526878357 0.2832689285 0.8290700912 -0.4757442474
0.4912586212 0.5527374744 0.4559946060 -0.3142585754
0.7153015137 0.0536537170 0.0757012367 -0.0727329254
1.3598747253 0.2927751541 0.1596093178 -0.7895870209
1.1322383881 0.0591382980 0.2908849716 0.4327859879
1.3490924835 -0.4381172657 0.1722407341 0.0501365662
1.1550025940 0.4141640663 0.5859169960 -0.6814622879
1.1933403015 0.2927751541 0.1853232384 -0.3886823654
0.7536411285 -0.1627986431 0.4456191063 -0.4272985458
1.0567588806 0.0478036404 -0.0014400482 -0.2370271683
0.6541996002 0.2584061623 0.0599122047 -0.0916900635
0.9956550598 -0.0925977230 0.0770545006 -0.7966079712
0.8674602509 0.0478036404 0.5065202713 0.0627746582
1.0867099762 0.1637082100 -0.0370783806 0.0304775238
1.1741714478 0.5110557079 -0.0948214531 -0.5206794739
0.8818378448 0.0858292580 -0.2039923668 -0.3072376251
0.7069149017 0.5984411240 0.4095292091 -0.5101470947
0.7991676331 0.0306191444 -0.5387229919 0.3183422089
0.3055553436 0.4159922600 0.0793104172 -0.4174690247
0.9956550598 -0.1609704494 0.0450253487 0.0353918076
0.6613883972 0.0269629955 -0.0203871727 -0.4581909180
0.9657039642 0.6324446201 0.7162904739 -0.6442508698
0.6961326599 0.2185525894 0.2579536438 0.5521450043
0.8518848419 0.1333608627 0.4086270332 -0.6182727814
0.5403804779 -0.1437859535 0.6138863564 0.4763164520
1.2232933044 0.4331767559 0.3905825615 -0.4048309326
0.6925392151 0.3648040295 0.2408108711 0.0150308609
0.7608299255 -0.2578620911 0.2299842834 0.2123231888
1.3371124268 0.1786990166 -0.1250467300 0.0122222900
0.9501285553 -0.3982636929 0.6314802170 -0.5543804169
0.9884662628 -0.3412256241 0.6256155968 -0.5887842178
0.6841526031 0.1008200645 0.3098320961 -0.7158660889
0.5475692749 0.2697405815 0.4248676300 -1.0823669434
1.1705780029 0.3611478806 0.2218637466 -0.1485605240
1.2460575104 0.2755906582 0.1505870819 -0.2637071609
0.9429397583 0.5509092808 0.5313315392 0.3555536270
0.9237709045 -0.0092344284 0.9847064018 -0.3388328552
0.9657039642 0.5812563896 -0.0217404366 -0.3268966675
1.5048446655 0.2167243958 -0.1354222298 -0.1120510101
0.6470108032 0.5490810871 0.1009640694 -0.7060365677
1.0040416718 0.3231225014 0.0887837410 0.2649822235
0.6506042480 0.3439631462 0.3224635124 -0.2131547928
0.9657039642 0.6247663498 -0.0763258934 -0.2756423950
1.2089157104 0.0916793346 0.0251760483 -0.1956024170
1.3454990387 -0.2253210545 0.2254729271 -0.1963043213
1.3227348328 0.0781509876 -0.0636944771 -0.8366289139
1.1022853851 0.6382946968 -0.2324128151 -0.0263938904
1.6342391968 0.4141640663 0.4731373787 -0.2461538315
1.2196979523 -0.0395815372 0.2015633583 -0.3444499969
0.7117080688 0.5490810871 0.5620079041 -0.6828660965
1.3838367462 0.8430469036 0.6860651970 -0.2166652679
1.1406250000 0.1940553188 0.6856141090 -0.6140594482
1.0723342896 0.7633397579 0.3477263451 0.0866460800
1.6797657013 0.6551134586 0.1961503029 -0.0327129364
1.4593181610 0.2832689285 0.9481654167 -0.6948022842
0.8363094330 0.5867409706 0.5741877556 -0.3360242844
1.3299236298 1.0404863358 -0.2283530235 -0.5936985016
1.0411834717 0.8924067020 0.4289274216 -0.5480613708
0.9585151672 1.0594992638 0.4659194946 0.6300792694
1.4293651581 0.8982567787 0.2403597832 -0.3641090393
1.4137897491 1.0536489487 0.3147945404 -0.1998147964
1.6486148834 0.9190979004 -0.2676000595 0.2727050781
1.4593181610 1.4240312576 0.5525341034 -0.4883823395
1.0723342896 0.6627917290 0.6382470131 -0.6273994446
2.0284118652 1.0653491020 0.6802010536 -0.1934957504
1.1597938538 0.5907628536 0.4361453056 -0.6575908661
2.2416706085 0.9457883835 -0.0776791573 0.2635774612
1.4209785461 1.1885662079 0.5227603912 -0.5831670761
1.4293651581 0.8280560970 0.3666729927 -0.2665157318
1.2005290985 0.8050215244 -0.1033930779 -0.6877813339
1.4293651581 0.9607791901 -0.3993272781 -0.1232852936
1.2125110626 0.6287882328 -0.2143683434 -0.5045309067
1.8235378265 0.4503612518 0.6599006653 0.2628755569
1.8079624176 1.1867380142 0.6914787292 -0.1092424393
1.7624340057 0.8470687866 0.4614081383 -1.2024278641
1.9601192474 1.3366460800 0.7875671387 -0.1780490875
1.2316799164 1.3026423454 0.5087757111 0.0796251297
1.8762531281 1.0006327629 0.5895261765 -0.4560852051
1.8918285370 1.6097707748 0.3765978813 -0.0867748260
2.1278533936 1.0291519165 0.3797554970 -0.6421442032
1.7025299072 1.1201934814 0.3928380013 0.0950708389
2.2907924652 1.1373782158 0.8421525955 -0.2054319382
1.5084381104 0.7461552620 0.5137381554 -0.1338167191
1.8463001251 1.3253116608 0.4059205055 0.1701965332
1.5958995819 0.8203778267 0.2281794548 0.1280708313
1.4976558685 0.9721140862 0.0689344406 -0.4160652161
1.5156269073 0.8982567787 0.4316344261 -0.0306062698
1.3371124268 0.4576737881 0.2268261909 0.0768165588
0.8974113464 0.9797921181 0.1636695862 0.2368974686
1.4066009521 0.2642562389 0.4050183296 -0.2335157394
1.3526878357 0.3421351910 0.1275801659 -0.1317100525
1.2161045074 0.1940553188 0.4532880783 -0.1078386307
1.4066009521 0.6039254665 0.4496788979 -0.5045309067
0.7943763733 0.7311644554 0.9635038376 -0.0685205460
0.7069149017 0.6876544952 -0.0727167130 -0.0762434006
0.6733684540 0.5754063129 0.0220179558 -0.1253910065
0.9501285553 0.7863743305 0.0666790009 -0.1071367264
0.9201755524 0.2148962021 0.2687802315 -0.4378299713
1.5611553192 0.5223901272 0.1902856827 -0.2552814484
1.1022853851 0.6894826889 0.1853232384 -0.6786537170
0.6350307465 0.5414028168 0.6346378326 -0.4673185349
1.2089157104 0.6020972729 0.1650228500 -0.3311090469
1.5575599670 0.2642562389 -0.2414355278 -0.0088405609
0.6158599854 0.5604155064 0.2597579956 -0.3114500046
0.8063564301 0.5282402039 -0.1633915901 -0.0481595993
0.5930976868 0.6039254665 0.3350949287 -0.4869775772
1.0112304688 0.6057536602 0.2489309311 -0.1984109879
0.5631446838 0.3761386871 0.4018602371 -0.3240880966
0.7680187225 0.0876572132 0.2994565964 -0.4518728256
1.2688198090 0.1786990166 -0.2869982719 -0.3486623764
0.5104274750 0.8203778267 0.5223093033 -0.4167671204
0.9585151672 0.0953354836 0.2376532555 0.0382003784
1.0867099762 0.2755906582 0.4821596146 -0.4237880707
0.8518848419 0.3326287270 0.1230688095 -0.4532766342
0.7069149017 0.2357370853 0.8047099113 -0.2005167007
1.3191413879 0.1618800163 0.5953903198 -0.2819614410
1.3454990387 0.1827208996 0.6905765533 -0.3928947449
1.4066009521 0.5165400505 0.4564456940 -0.0685205460
1.0567588806 0.0364692211 0.3820114136 -0.1015195847
0.6158599854 0.2280588150 -0.1327157021 -0.4778499603
0.6434173584 0.4807085991 0.5132865906 -0.0537757874
1.1550025940 0.0916793346 0.5692257881 -0.2433452606
1.3143482208 0.3838167191 0.1952476501 0.0522422791
1.0112304688 0.2053897381 0.0215668678 -0.1260929108
1.2616329193 -0.1931457520 0.2944941521 -0.0692224503
1.0687389374 0.7882025242 0.3423128128 -0.2019214630
1.5659465790 -0.0830914974 -0.1205353737 0.0859441757
1.2316799164 0.2814407349 -0.0551233292 -0.5087432861
1.7480583191 0.3498132229 -0.0912127495 -0.0832643509
1.8463001251 0.1542017460 -0.1101598740 0.0817308426
1.5120334625 0.3498132229 0.5538873672 -1.1230897903
2.0020523071 -0.3430535793 0.1402115822 -0.6997175217
2.4764976501 0.2357370853 -0.0745215416 0.2467269897
1.9529304504 -0.0794351101 0.0901370049 -1.1006221771
1.9900722504 -0.2596902847 -0.1394824982 -0.3304071426
2.6669940948 -0.0187406540 0.0684833527 -0.0446481705
2.9928741455 -0.2275149822 0.7338838577 -0.7383327484
2.7652378082 0.3154442310 -0.2170748711 -0.2967061996
3.1821727753 -0.1759612560 -0.2048945427 -0.1780490875
3.5392045975 -0.1192886829 0.1163020134 -0.2468566895
3.0228271484 -0.4209325314 0.2624645233 -0.0432443619
3.4864892960 -0.0794351101 0.1997590065 0.0325832367
3.9908857346 -0.4191045761 -0.1282043457 -0.7860765457
3.5320167542 -0.3072221279 0.2877273560 0.2333869934
3.9992723465 -0.2180085182 0.0120935440 0.1884517670
4.6102991104 -0.3982636929 -0.4160184860 -0.0137557983
4.8535118103 -0.7569456100 -0.5730080605 0.1568565369
4.4353780746 -0.2085022926 0.1068286896 -0.1106472015
4.2760314941 -0.4286108017 0.1681809425 0.4180421829
4.9781131744 -0.9467072487 0.2421641350 0.4124250412
5.0428104401 -1.0852806568 0.2520890236 0.1891536713
5.2177314758 -0.8384809494 0.9838042259 0.2031965256
4.8451251984 -0.9335443974 0.1384067535 0.3555536270
6.2193365097 -0.8461592197 0.5895261765 0.1645803452
5.8934555054 -1.1518250704 -0.5080466270 0.1301765442
6.6374711990 -1.2392103672 -0.2851939201 0.8042020798
7.0927457809 -0.5631623268 0.1032195091 -0.0046281815
6.1055183411 -1.0947868824 -0.1038441658 -0.1984109879
6.1510457993 -0.0735850334 0.3901314735 0.1196451187
7.2604789734 -1.0187361240 -0.2617359161 0.1603670120
7.2413091660 -1.2542011738 -0.5265426636 0.1744098663
7.2604789734 -1.2713856697 0.1293845177 0.3843402863
7.7073669434 -1.4933224916 0.0743479729 0.8322868347
8.1326894760 -1.1309841871 0.1442713737 -0.2117509842
8.1290950775 -1.5807077885 0.1794586182 0.5170392990
8.2393198013 -1.1346404552 -0.1399335861 0.0613698959
8.2165565491 -0.9240381718 0.2796072960 -0.1534757614
8.4178352356 -1.0911304951 0.0477318764 0.0480298996
9.2301416397 -1.7247656584 -0.1764740944 -0.1057319641
8.7173585892 -1.3053891659 -0.2315106392 0.1568565369
9.3403663635 -1.1686439514 0.0635209084 -0.2335157394
9.1546621323 -0.9390289783 -0.3609819412 0.1041984558
10.4486017227 -1.0472550392 0.2087812424 -0.3318119049
10.5971651077 -1.1554813385 -0.6875920296 0.0452213287
11.0069122314 -1.2768701315 -0.1778273582 -0.1352205276
11.2537193298 -1.1499968767 -0.2107591629 -0.8015232086
12.2972574234 -0.3280627728 0.1271290779 0.0887517929
12.6806468964 -1.0092296600 0.0517921448 -0.2552814484
12.5296878815 -1.1499968767 -0.2215862274 -0.5277004242
13.1934299469 -0.5595059395 -0.2373752594 -1.0914945602
14.1806583405 -0.3734009266 -0.4719572067 -0.0397338867
14.0776224136 -0.1287951469 -0.4530100822 -0.8513727188
15.4757957458 -0.0432379246 -0.6884942055 -0.5108499527
15.1031894684 -0.1419577599 -0.7060880661 -0.7278013229
15.6722831726 0.0441474915 -0.8418750763 -1.0999193192
15.9119014740 -0.1836395264 -0.7705979347 -0.9545831680
16.9554386139 0.1315329075 -0.5784211159 -1.1406421661
17.1375503540 0.2814407349 -0.9623236656 -1.1399402618
18.3979415894 0.1406733990 -0.2098569870 -1.1940021515
18.4518566132 0.0156283379 -0.5333094597 -2.0463638306
19.3588123322 -0.0432379246 -0.7498464584 -1.9270048141
20.3220787048 -0.1152667999 -0.4494013786 -1.6180772781
21.1763172150 0.3571259975 -0.6469912529 -2.3693342209
21.4267196655 0.3988075256 -0.1480536461 -2.8959169388
22.3037223816 0.2642562389 0.4018602371 -2.8235993385
22.9674644470 -0.3412256241 0.3278770447 -2.6066474915
23.2753753662 0.4200141430 1.0329761505 -3.2266106606
23.7761764526 -0.0282471180 1.0947794914 -3.1844840050
23.7198677063 -0.4059419632 1.1669583321 -2.7906002998
23.2945442200 -0.5613341331 0.9968862534 -3.0349345207
23.4239387512 -0.5463433266 1.0392918587 -2.9240012169
22.4510879517 -0.4436016083 1.2513175011 -3.3733515739
22.1252059937 -0.6410412788 1.1863565445 -3.5678358078
22.3911819458 -0.5861968994 1.2044010162 -4.8688454628
22.8764095306 0.0536537170 1.9762659073 -6.1466856003
23.7126789093 0.5318965912 2.8419635296 -7.1724681854
24.9035816193 0.8031933308 3.9106645584 -9.1257381439
26.9726867676 0.4200141430 4.7195210457 -11.4125099182
30.0410003662 0.9779639244 6.2835507393 -13.3390998840
33.3165817261 0.4861929417 8.3884725571 -16.2486419678
35.6552581787 -0.0984477997 9.7725057602 -18.1260833740
37.0558280945 -0.5404932499 11.6469058990 -20.5097465515
37.5841903687 -1.6395741701 11.2611980438 -21.4983177185
37.3673324585 -1.5770515203 12.1142644882 -21.7475662231
37.6177368164 -1.8501764536 12.6222248077 -22.0887928009
37.1660537720 -2.5353651047 12.5631275177 -22.1730461121
35.9967155457 -3.5126914978 12.0835886002 -21.2645149231
34.9184341431 -3.7686319351 12.0384769440 -20.9703330994
33.7155494690 -4.4655208588 11.5693130493 -19.7872772217
33.3932609558 -5.1697220802 10.6697807312 -18.4174594879
30.5453968048 -5.1181688309 9.1445484161 -17.7272872925
30.3177604675 -4.7803273201 8.9203414917 -17.1290893555
29.2430706024 -5.6688060760 7.3824768066 -17.0708122253
27.9635086060 -5.1810569763 6.9642896652 -16.8271808624
27.1056747437 -4.8011679649 5.7277722359 -16.1545600891
26.4682903290 -4.4161605835 4.1881027222 -15.1470317841
25.1503887177 -4.3437662125 3.5484158993 -15.0122270584
24.9766654968 -2.8827128410 2.9705324173 -14.8809328079
24.9838542938 -2.8487091064 2.2158102989 -14.4870491028
23.9858436584 -1.7247656584 1.6009349823 -14.1507377625
23.8983821869 -0.6999075413 1.2928204536 -14.5060062408
23.1879138947 0.5468873978 1.6248440742 -12.9824275970
23.1160278320 1.1713814735 1.9676947594 -12.5408000946
21.6244049072 1.9267711639 2.6696360111 -11.3830213547
21.0085849762 1.8927679062 3.8971309662 -8.9151048660
20.5916481018 1.6364617348 5.1724443436 -7.2426791191
19.8931617737 0.8145277500 5.9749851227 -5.2634315491
19.1767024994 0.9172697067 5.8080711365 -4.7544016838
18.7358036041 0.4766864777 5.7002539635 -3.7798733711
19.3324546814 0.9702858925 5.1435728073 -2.9324264526
19.0820522308 0.4558458328 5.1539487839 -3.0279135704
19.4834136963 0.9000849724 4.7028293610 -2.9471707344
20.5077819824 1.5834455490 4.4059934616 -3.0623168945
20.9259166718 1.2777795792 3.7893135548 -3.1269111633
21.8975696564 1.8755831718 3.4175913334 -2.8285140991
22.8392696381 1.9896593094 3.4302227497 -2.5617122650
23.9019775391 2.2514495850 3.4608988762 -2.5497770309
24.7142829895 2.7790522575 2.9696302414 -2.4570980072
25.8991966248 2.8854503632 2.9745924473 -2.2022323608
27.0373840332 2.8302407265 2.6118927002 -1.4025287628
27.7969741821 2.2817969322 2.9344427586 -1.5857801437
29.2059288025 2.0408473015 3.2213544846 -1.8757514954
30.2722320557 1.6174492836 3.4419517517 -1.6637144089
31.3960418701 0.8203778267 3.1830093861 -2.1053409576
32.8157806396 0.6192817688 2.5586607456 -1.8055400848
33.4723358154 -0.5671842098 3.1496267319 -2.0119609833
34.6081275940 -0.4666361809 2.6096370220 -1.3119573593
36.3465576172 -0.8765063286 3.0395536423 -1.6714372635
36.7563056946 -2.4479799271 2.2149081230 -1.8392410278
38.1832351685 -2.9342663288 3.0206065178 -2.0646190643
