39.5992 -4.01248 2.56717 -1.69319
39.1578 -4.55763 2.27383 -1.43094
39.1969 -4.4267 2.59048 -2.39542
38.1031 -4.9696 2.87039 -1.64046
37.6891 -5.61407 2.42007 -1.92221
36.0094 -4.86802 3.25003 -1.18097
34.2984 -5.669 2.59598 -0.930286
32.7203 -5.58096 2.62247 -0.725116
30.7984 -5.36613 2.6271 -0.571231
29.3062 -6.21377 3.17862 -0.374713
27.7672 -6.48728 3.15396 -0.474414
26.0133 -5.61407 2.8815 -0.785068
24.1344 -5.92483 2.57229 -0.905719
23.5641 -7.15508 2.53152 -1.53426
22.6109 -7.04184 2.14297 -1.51981
21.8648 -7.11031 2.96219 -1.70548
21.443 -6.89135 2.40567 -1.20337
20.8219 -7.09451 2.142 -2.01396
20.9898 -7.78601 2.40848 -1.96123
20.7984 -8.44027 2.73245 -1.91355
20.8766 -8.05952 2.80398 -2.38385
21.2984 -8.35223 2.55008 -3.2667
21.8609 -8.44215 2.77615 -2.77397
21.1969 -8.65509 2.33841 -2.85996
22.0172 -8.53996 3.38833 -3.62863
22.2359 -8.83079 3.88601 -3.69149
22.5016 -9.19986 4.01224 -3.98192
22.9234 -8.97939 4.52334 -4.93193
23.068 -9.20776 4.5795 -4.97745
23.6109 -9.17466 5.28372 -5.72808
23.9391 -9.26833 5.53531 -5.62188
24.2672 -8.89512 6.19436 -6.68822
24.4547 -8.31122 6.68594 -6.33783
24.9859 -8.86389 7.65335 -6.61164
25.4859 -8.76457 8.69229 -7.06028
25.525 -8.61596 8.84915 -7.20261
25.8375 -8.89324 10.1642 -7.00682
26.6305 -8.14907 10.6776 -7.84342
26.8062 -7.83492 11.4106 -7.19466
26.3297 -7.67277 11.9755 -7.34565
26.9 -7.48315 12.4243 -7.17731
26.1656 -7.26269 13.6521 -7.31169
26.65 -6.81535 13.5834 -7.26184
25.8219 -6.89323 13.9928 -6.95769
25.8219 -6.76644 13.9088 -6.88184
25.2633 -6.46584 13.4232 -6.46932
25.65 -6.85223 14.0119 -5.87546
24.4078 -6.55162 14.0332 -5.63127
23.2477 -5.38758 13.8151 -5.99178
22.8375 -5.17088 13.1183 -5.81911
21.8609 -5.19044 12.9875 -6.04451
22.3453 -4.91692 12.6165 -5.34952
21.2359 -4.89134 12.4328 -5.82128
19.7437 -4.49518 11.9801 -5.2173
18.8883 -3.95003 10.5546 -5.64934
18.1734 -3.68253 10.2923 -5.2527
17.3844 -3.47373 10.0653 -5.64644
16.6695 -3.45792 8.74698 -5.23682
15.3414 -2.73181 9.09976 -5.66306
14.7672 -2.46808 8.66629 -5.51134
14.1109 -2.6419 7.57168 -5.12267
13.0602 -2.46244 7.15664 -4.77517
12.9117 -2.54446 6.90701 -4.87558
12.3609 -1.43497 5.34683 -5.1689
11.525 -1.44663 5.3074 -4.6733
11.2594 -1.9741 4.81534 -4.56493
10.1852 -1.50909 3.75235 -3.67054
9.70859 -1.89208 2.97195 -3.89377
8.62265 -1.96243 3.0751 -3.96241
8.17734 -1.32963 2.78958 -3.14388
8.58749 -1.39396 2.09976 -3.32088
7.90781 -1.35107 2.15872 -3.31076
7.29062 -1.18892 1.31534 -3.49282
7.51328 -1.76304 1.27395 -2.93869
7.17343 -1.72579 0.790312 -2.61794
6.66562 -1.89396 0.903959 -1.66285
6.56406 -1.69456 0.86038 -1.87598
6.48593 -1.53843 0.537748 -1.42444
6.37656 -1.72015 0.53079 -1.56316
5.72812 -2.03843 1.03909 -1.54148
4.97031 -1.14791 0.485258 -0.723667
5.83749 -0.968071 0.427275 -1.14341
5.76328 -1.33339 0.188261 -1.25322
5.56406 -1.65958 0.13809 -1.42949
5.64609 -1.72015 0.248076 -1.01554
5.07187 -1.08922 0.141386 -1.02275
4.64218 -1.31985 1.0906 -0.715
5.10312 -1.34129 0.575834 -0.327045
5.11484 -0.794258 0.710966 -0.558948
5.11874 -0.438728 0.965727 -0.142093
4.91562 -0.382294 0.262968 -0.316196
5.08749 -1.16334 0.583281 -0.335712
4.49374 -0.421417 0.0791303 -0.71355
4.39609 -0.770935 0.541044 -0.0814088
4.75156 -0.788612 0.508085 0.0601927
3.77109 -0.704338 0.750883 -0.37038
4.64999 -0.925186 0.595366 -0.000491473
4.5289 -0.790497 0.102812 -0.0900758
4.61093 -0.913521 0.427275 0.0999266
4.25156 -0.241585 0.0165082 -0.439014
4.29062 -0.444748 0.257841 -0.580615
4.51328 -0.446625 0.222563 -0.290912
3.40781 -0.657692 -0.112154 -0.48743
3.95468 -0.854828 -0.201265 -0.288028
3.65781 -0.354828 0.134794 0.0450255
3.58749 -0.954529 -0.241182 -0.16666
2.88828 -0.805923 -0.388765 0.458981
3.16562 -0.433083 -0.441255 0.049359
3.29062 -1.17914 -0.251314 0.0500762
2.32968 -1.01134 -0.466768 -0.00987563
3.06796 -0.583572 -0.201753 0.0139586
2.14999 -0.757385 -0.614839 -0.027942
1.77499 -0.130226 -0.262056 0.0233428
2.00937 -0.362732 -0.0442828 -0.250461
1.37656 -0.483871 -0.205904 -0.188327
1.83359 -0.0756683 -0.139009 -0.033008
2.14218 -0.448509 -0.0754107 0.347012
1.49374 -0.509079 -0.212374 0.136777
1.54062 -0.239708 -0.364595 0.178677
1.69687 0.242615 -0.0419635 -0.671649
1.48593 -0.407501 -0.166841 -0.37688
1.48593 0.0435944 0.209135 0.00312486
0.556245 0.139153 0.0025922 0.0529753
1.14609 -0.376274 0.679838 0.495114
0.79062 -0.128342 -0.0303668 0.175061
1.04843 -0.487633 0.202177 -0.168094
0.556245 -0.393959 0.484892 -0.022159
0.567964 -0.521118 0.182158 -0.146427
0.442964 -0.134361 0.189116 -0.0387758
0.19687 -0.747604 0.270903 -0.910785
0.82187 -0.141884 0.531279 -0.389896
-0.232818 -0.0696487 0.0991498 -0.207111
0.282807 -0.475975 0.36978 -0.488864
0.501557 -0.425186 -0.00253475 -0.537998
0.185151 -0.16935 0.305205 -0.019275
0.306245 -0.433083 0.365507 -0.190494
0.0484324 -0.39019 0.152006 0.238644
0.462495 0.018013 0.389677 0.0919768
0.423432 -0.448509 -0.081026 0.0688597
0.368745 -0.241585 0.259306 -0.0777925
0.501557 0.297546 -0.31357 -0.453464
-0.314849 -0.0248795 0.0123578 0.352063
0.0679636 0.822754 -0.171968 0.146893
0.0562449 0.031929 0.144072 0.370846
-0.58438 0.0123672 0.403593 -0.227344
-0.182036 -0.0286407 0.424467 0.290661
0.0132761 -0.161446 0.0819379 0.526898
0.19687 -0.331505 0.0137006 -0.189777
0.0445261 -0.0873337 -0.153414 -0.241794
-0.0531301 0.0454712 -0.164522 0.08981
0.200776 -0.0873337 0.238798 0.00312486
-0.185943 -0.149788 0.372465 -0.0445589
-0.162505 0.0864792 -0.392427 0.338345
0.126557 -0.239708 -0.165499 0.374463
0.0406199 0.106049 -0.0364703 -0.125476
-0.412505 -0.146027 -0.0113238 -0.408679
-0.107818 -0.120438 0.409208 -0.311862
0.595307 -0.327744 0.0327436 0.0724761
-0.14688 0.656837 -0.227632 0.265378
0.169526 -0.2239 -0.0768756 0.292096
-0.00625511 0.107925 0.173369 -0.13776
0.235932 0.000701904 0.420317 -0.439014
0.489839 0.283623 -0.274629 0.413479
0.142182 -0.194931 -0.557222 0.511731
-0.0101614 -0.192673 0.19937 -0.18616
-0.381255 0.154953 -0.228121 -0.803851
-0.0257864 -0.298393 -0.00534237 0.284161
-0.381255 -0.0640106 0.0856 -0.0633424
-0.264068 -0.100876 0.16226 0.198178
0.169526 -0.0794296 0.241606 0.373013
-0.662505 -0.239708 -0.122286 0.323163
-0.0687551 -0.630226 -0.382784 0.114377
-0.0531301 -0.304039 0.182646 0.159894
-0.0687551 -0.682899 -0.222628 0.44888
-0.0687551 -0.284477 0.139433 0.373013
-0.350005 -0.39772 -0.141329 -0.37038
0.114839 -0.146027 -0.0197467 0.0479094
-0.131255 0.166618 0.0327436 -0.09946
0.267182 -0.483871 0.375273 0.39613
0.0640574 -0.712242 -0.601412 -0.497531
0.431245 -0.202461 0.0137006 -0.276462
-0.197661 -0.45829 0.327543 -0.229511
0.149995 -0.436844 0.904448 -0.100192
-0.14688 0.152695 0.602812 -0.15076
0.310151 0.115829 0.117216 -0.303195
0.399995 -0.440987 -0.135836 -0.0149415
-0.0101614 -0.251366 0.272246 -0.0691255
0.173432 -0.136246 0.238798 0.792767
0.579682 -0.149788 0.00955021 0.0522429
-0.232818 -0.501556 -0.26523 0.202511
-0.154693 -0.284477 0.059599 -0.202777
0.376557 0.0981445 -0.00717343 -0.176044
0.29062 -0.536545 -0.236544 0.569516
-0.193755 -0.728043 -0.0573443 -0.17316
-0.33438 -0.0482025 -0.35251 0.339062
-0.166411 0.119591 0.383207 -0.386279
-0.0296926 -0.0775528 0.125517 -0.280795
-0.0531301 -0.0523453 0.298735 0.0175749
0.161714 -0.181015 0.29312 -0.46503
0.607026 -0.196815 0.303862 0.612149
-0.236724 0.201607 0.396147 0.0428587
0.0874949 -0.343163 0.398955 -0.15221
0.306245 0.0104828 0.172392 -0.0171083
0.368745 0.176399 0.191435 0.45538
0.0445261 0.264061 0.47415 -0.138477
0.118745 -0.351067 0.0721723 0.0399596
0.325776 0.0962677 0.118559 0.0876433
0.255464 -0.392075 -0.155245 -0.0387758
-0.0492239 -0.0561066 -0.346041 0.120877
0.337495 0.244499 0.379057 0.474881
0.0171824 -0.0737915 -0.029024 -0.15221
-0.33438 0.115829 -0.0865191 -0.511264
0.267182 0.117706 0.0169965 0.000958112
-0.33438 0.865646 -0.25461 0.214795
-0.267974 -0.497421 0.365507 -0.073459
0.399995 0.539459 0.149687 -0.116809
0.0289011 -0.0015564 0.495024 0.331113
0.345307 0.191826 0.0146772 -0.602298
0.220307 0.25428 -0.0159625 -0.384113
-0.20938 0.106049 0.267607 0.110043
-0.0687551 0.414551 -0.244844 -0.0423921
-0.549224 -0.118561 0.228178 0.218411
0.181245 0.768204 0.263945 0.401196
-0.576568 0.21553 0.376249 0.0522429
0.0367136 -0.290497 -0.364595 0.146893
0.00936989 -0.0542221 -0.190035 -0.0828432
0.0640574 -0.378532 -0.0174273 -0.332095
-0.217193 -0.120438 0.174345 -0.169544
-0.0921926 0.0044632 -0.438936 -0.39928
-0.0453176 -0.417282 0.204497 -0.103809
0.0796824 -0.0737915 -0.133516 0.297162
-0.27188 0.363762 0.169706 -0.261295
0.0640574 0.360001 -0.418062 -0.15726
-0.736724 0.0221481 0.141752 -0.118244
0.138276 -0.138123 0.691435 0.212628
0.0874949 -0.122696 -0.490938 -0.0922426
0.450776 0.463463 -0.231905 0.379513
0.126557 0.391228 0.0155317 0.341946
0.0171824 0.0631561 0.0392133 -0.313312
0.19687 0.00258636 0.296904 -0.056125
0.255464 0.225311 -0.244844 -0.603732
-0.52188 0.0650406 0.149687 0.414914
-0.225005 0.291527 0.0945111 -0.353046
0.607026 -0.071907 0.287626 0.492947
0.396089 0.0846024 -0.265718 0.63815
-0.0453176 -0.140007 0.200712 -0.126193
-0.20938 0.213272 -0.556368 0.552899
0.189057 0.922455 0.00723087 -0.321262
0.204682 -0.487633 -0.305635 -0.16521
0.583589 0.143295 0.390654 -0.400012
0.392182 0.391228 0.0266401 0.0305754
0.149995 0.563156 0.0173627 -0.264179
-0.267974 -0.302155 0.255522 -0.0171083
0.310151 0.139153 -0.0684527 0.13461
0.251557 -0.569656 -0.645479 -0.243961
0.0679636 0.115829 -0.211031 -0.0106081
0.278901 -0.212242 -0.373384 -1.35581
0.16562 -0.278831 -0.640352 0.230694
0.32187 0.172264 -0.239351 -0.461414
0.22812 -0.605019 -0.081026 0.0226256
0.0210886 -0.177254 0.0150434 0.416363
-0.0140676 -0.288612 -0.25046 -0.290195
0.0171824 -0.0346603 -0.423067 0.378796
0.0249949 0.322754 -0.28293 0.236478
0.10312 0.104164 -0.666353 -0.108142
0.00936989 0.498451 -0.478853 0.348447
-0.00625511 0.559021 -0.0916461 0.0833098
0.462495 0.648941 -0.427339 0.0869261
-0.197661 -0.278831 -0.368746 -0.13486
0.0914011 0.0608978 -0.206758 0.0623595
0.524995 -0.261147 -0.284273 -0.318363
-0.0726614 -0.345047 -0.121431 0.15701
0.91562 0.0669174 -0.403658 -0.00627455
0.243745 -0.149788 0.122343 0.0869261
0.278901 -0.278831 -0.32419 -0.743167
0.310151 0.205742 -0.31772 0.00600877
0.0249949 0.213272 -0.910005 -0.0763429
0.208589 0.365639 -0.360933 0.248761
0.0914011 0.271957 -0.148775 0.359296
-0.11563 -0.468071 -0.461153 -0.476581
0.149995 -0.120438 -0.210054 -0.0590089
-0.256255 -0.276947 -0.0442828 -0.397113
0.0992136 -0.474091 -0.181246 -0.228061
-0.412505 0.533813 -0.0846881 0.237912
0.0796824 0.0748215 -0.52292 -0.526431
0.122651 0.018013 -0.195162 -0.0944093
0.243745 -0.0696487 -0.357149 0.21336
0.782807 0.0706787 -0.72397 -0.196277
-0.225005 0.107925 -0.0628375 -0.0481752
0.286714 -0.239708 0.0243207 0.198178
0.19687 -0.218262 0.443022 -0.022159
0.63437 0.106049 0.0289594 -0.386279
0.0171824 -0.220139 0.0345746 -0.6413
0.564057 -0.0230026 -0.308443 -0.207111
-0.103911 0.0846024 0.00808536 0.453213
0.32187 0.031929 0.227202 0.222027
0.13437 0.0924988 -0.115816 0.0284087
0.0484324 -0.136246 0.291288 0.00384202
-0.127349 -0.216377 -0.0439166 0.0204588
0.161714 0.248634 -0.187349 -0.549549
0.278901 -0.493652 -0.0823687 0.0883757
0.63437 -0.0346603 -0.177584 0.0515257
0.439057 -0.339401 -0.488619 0.100659
0.85312 -0.335266 -0.00583065 -0.0864595
0.329682 -0.846931 0.00771915 0.599866
0.153901 -0.0482025 -0.157564 -0.292362
0.493745 -0.0463257 0.42642 -0.293079
0.548432 0.0943832 0.261137 -0.126926
0.817964 0.2761 0.20352 -0.150043
0.966401 -0.31382 0.924955 0.00022569
0.462495 -0.100876 -0.0248736 0.292828
0.442964 -0.091095 0.529936 0.284161
1.22812 0.184303 0.567045 -0.0264924
1.01718 0.203491 0.244413 -0.124027
0.997651 -0.071907 0.201689 -0.0438417
0.485932 0.195961 0.537748 0.318112
0.66562 -0.472214 0.464384 0.00890794
0.876557 -0.413521 0.302397 0.330395
0.618745 -0.90374 -0.0229205 0.153393
0.993745 -0.159569 0.488066 0.0399596
0.66562 0.0552597 0.622221 -0.316196
0.595307 -0.556107 0.451445 0.38313
1.50156 -0.515099 0.637602 0.19891
1.08749 -0.770935 0.187285 0.362897
1.29062 -0.114799 0.170561 -0.0763429
1.29062 -0.483871 0.607451 -0.110309
1.16562 -0.474091 0.794951 0.409131
1.25546 0.0221481 1.13846 -0.0777925
0.97812 -0.497421 0.829252 0.277646
1.97812 -0.681015 1.18155 0.0363585
1.83359 -0.700577 1.51077 0.40263
1.49374 0.0435944 1.30276 -0.00699172
1.75937 -0.0933533 1.53482 0.040692
2.19687 -0.507202 1.42618 -0.260578
2.21249 -0.671234 1.38626 -0.0980256
2.61093 -0.616684 1.56546 -0.0301088
1.97812 -0.456406 1.92251 -0.397113
2.43515 -1.25927 1.00894 -0.514148
1.92343 -0.630226 1.33243 -0.17171
1.79062 -1.04445 1.61563 0.364346
1.75156 -0.460548 1.31668 -0.173877
1.85703 -0.887939 1.43692 0.107876
2.13828 -0.778831 2.03714 0.0811431
2.37656 -0.620445 1.53116 0.275479
1.93124 -0.569656 1.24515 0.0558592
1.58359 -0.720146 1.33108 0.424313
1.89218 -0.706596 1.30691 0.0255248
1.44687 -0.345047 0.77725 -0.410114
2.04062 -0.380409 1.1658 0.151944
1.25937 -0.710358 0.778715 -0.0351747
1.37265 -0.208481 1.33706 -0.193378
1.01328 -0.630226 0.352568 0.795651
0.142182 -0.0892105 1.03677 -0.236011
0.970307 -0.718262 0.674711 0.207577
0.493745 -0.233681 0.967192 0.0247923
0.649995 -0.805923 1.03543 -0.00915847
0.614839 -0.302155 0.975981 -0.102359
1.12265 -0.146027 0.363676 -0.173877
0.610932 -0.474091 0.708159 -0.090793
1.18124 -0.103134 0.864531 0.0190093
0.532807 -0.317955 0.436064 -0.215061
0.681245 -0.696815 0.593901 -0.343662
0.22812 0.0785828 0.414702 -0.0756257
0.60312 -0.882294 0.72061 0.532681
0.708589 0.283623 0.586088 0.00239244
0.392182 -0.0621262 0.305693 0.526181
0.610932 -0.761154 0.229033 0.224911
0.685151 0.209511 0.422148 0.359296
0.333589 -0.415398 0.515898 -0.0344423
-0.00625511 0.147057 0.812529 0.272595
0.0640574 -0.688919 0.463041 -0.245395
-0.0453176 -0.263031 0.344145 0.274762
0.673432 -0.0971146 0.87332 -0.0438417
0.153901 -0.0835724 0.0155317 -0.42673
0.110932 -0.0230026 0.360502 0.548566
0.25937 -0.407501 0.523832 0.0804259
0.704682 -0.358971 -0.168306 -0.0243257
-0.0765676 -0.304039 0.26248 0.00529161
0.118745 -0.0015564 -0.102388 -0.272861
-0.0375051 0.156837 0.128813 -0.615299
0.118745 -0.222023 0.0484906 0.244427
-0.11563 -0.562126 -0.0838336 0.066693
0.317964 0.111687 -0.471895 0.0963103
-0.24063 -0.370628 0.270903 -0.465747
0.548432 -0.24572 0.16226 -0.42168
0.306245 0.133507 0.317778 0.197461
-0.732818 -0.0346603 0.421293 0.279828
0.110932 -0.175369 0.630644 0.253094
0.212495 -0.24572 0.245268 0.0638091
0.493745 0.0827179 0.395292 0.0269591
0.32187 -0.269051 0.336821 0.204678
-0.0218801 -0.247604 -0.218843 0.0927092
0.517182 -0.241585 0.119536 -0.0127748
0.724214 -0.99366 0.159453 0.0840422
-0.131255 0.178284 0.0257856 -0.0460084
0.232026 0.0142441 -0.162203 -0.15221
-0.0296926 0.145172 0.0453168 -0.214343
0.79062 0.101906 -0.24814 -0.775684
0.0640574 0.203491 0.238798 -0.160159
0.255464 -0.267166 0.0615522 -0.0828432
0.69687 0.184303 -0.444429 -0.873935
0.274995 -0.729927 0.727202 -0.175327
0.872651 0.213272 0.354399 -0.111743
0.427339 0.553375 -0.416597 -0.168826
0.38437 0.059021 0.213774 -0.700549
-0.545318 0.156837 0.56143 0.323163
-0.217193 -0.159569 0.324247 0.771802
0.0171824 -0.356712 0.523344 0.294263
0.185151 -0.0482025 0.412382 -0.265628
-0.267974 -0.177254 0.267119 -0.000491473
-0.49063 0.0902481 -0.0666217 -0.209995
0.94687 -0.25325 -0.306612 0.645383
0.110932 -0.0346603 -0.0730914 -0.295978
0.19687 0.539459 0.452299 -0.0358919
0.524995 -0.325485 0.0628949 0.0775267
0.38437 -0.0425644 0.172392 -0.233844
0.204682 0.133507 -0.177584 -0.0864595
0.10312 0.0766983 0.0782758 -0.11391
-0.0531301 -0.098999 -0.116304 0.00455919
0.302339 0.396866 0.0971967 0.284161
-0.00234886 0.358116 0.370146 -0.16521
0.0249949 -0.241585 0.276396 0.0818755
0.267182 -0.202461 -0.776338 0.215527
0.489839 0.127495 -0.237398 -0.317645
-0.0140676 -0.057991 0.473662 0.151944
-0.381255 -0.310059 0.374418 0.210461
0.107026 -0.489517 0.224028 -0.282977
0.0796824 -0.091095 -0.291231 0.302945
0.157807 -0.321724 0.0693647 0.350613
0.0523386 0.393105 -0.445894 0.203961
-0.0218801 0.143295 0.0772992 0.125943
0.0249949 0.0514908 0.131132 -0.332095
0.0718699 0.203491 0.243925 -0.183277
0.0874949 -0.134361 0.189604 0.363629
0.212495 -0.0952377 -0.0833453 -0.082126
-0.27188 0.0669174 0.349272 -0.375446
0.439057 -0.233681 0.193754 -0.574848
0.251557 -0.343163 -0.107027 -0.0669588
0.110932 -0.214119 -0.423555 0.327496
-0.256255 0.117706 0.53958 -0.218677
-0.0296926 0.619591 -0.310274 0.0739256
0.235932 0.193703 -0.450045 0.242978
-0.310943 -0.0169754 0.261625 -0.239627
-0.0453176 -0.175369 0.315825 0.625867
-0.0921926 0.457443 0.0657026 -0.281528
-0.123443 -0.352951 0.377104 0.235028
-0.205474 -0.2239 -0.153902 0.305829
0.82187 -0.0854492 -0.206392 0.0175749
0.212495 -0.0775528 -0.218843 0.0356261
0.0484324 0.0338135 0.120024 -0.704883
-0.264068 -0.356712 0.295927 0.174344
0.00936989 -0.00343323 -0.342867 0.314496
-0.123443 -0.346931 -0.23044 0.314496
0.493745 -0.187035 -0.613008 0.19891
0.126557 -0.243469 0.323759 0.0139586
-0.11563 -0.0444412 -0.239351 -0.168826
-0.478911 -0.388313 -0.183565 0.216962
1.25156 -0.105019 -0.382784 0.00239244
-0.0140676 -0.487633 -0.0243853 0.143994
-0.517974 0.115829 -0.452852 0.117261
0.173432 0.266319 0.253691 0.401196
-0.295318 -0.151665 -0.104708 -0.308261
0.32187 0.00822449 0.429594 0.619366
-0.111724 0.115829 0.372465 0.275479
0.0835886 0.0688019 -0.000215418 -0.17171
0.192964 -0.0756683 -0.0326861 0.12016
0.235932 0.352097 0.189604 -0.491763
-0.42813 -0.362732 0.724394 -0.0438417
0.35312 0.533813 -0.651949 0.0363585
0.376557 -0.40976 -0.290377 -0.090793
0.0132761 0.143295 0.170561 0.12811
-0.557036 -0.270927 0.478788 0.464047
-0.201568 -0.146027 0.432402 -0.314029
-0.756255 -0.694939 0.416166 -0.116809
0.0484324 -0.237823 0.0141889 -0.14931
-0.568755 -0.105019 0.32791 -0.11536
-0.00625511 -0.0113373 0.0229779 -0.0416749
-0.150786 -0.192673 -0.0679644 -0.178211
-0.103911 0.221169 -0.0795611 -0.446964
0.0953074 0.590248 0.647368 0.284161
0.0249949 0.0514908 0.1033 -0.130527
-0.0375051 0.00822449 0.0503217 0.242978
0.204682 -0.226158 0.00576603 -0.0951265
-0.0843801 0.0161285 -0.362276 -0.70705
0.142182 -0.151665 -0.180391 0.671384
-0.123443 0.0902481 -0.232759 -0.288745
-0.537505 -0.138123 0.206328 0.00312486
-0.795318 0.527794 0.220732 0.266095
-0.248443 0.46534 0.130156 0.0262419
0.13437 0.289642 -0.301973 0.539899
-0.0765676 0.184303 -0.272676 -0.0416749
0.204682 0.412666 -0.168795 0.12811
0.138276 -0.438728 0.391508 0.188794
-0.166411 0.334412 0.26895 -0.358112
-0.170318 0.773842 0.142241 0.624432
-0.103911 0.135391 0.160429 -0.23746
-0.283599 -0.098999 0.296904 0.307278
0.282807 -0.0696487 -0.150118 0.517499
0.118745 -0.321724 0.146879 -0.312595
-0.467193 -0.198692 0.10977 -0.464298
-0.119536 0.2603 -0.0118121 -0.0980256
-0.560943 0.338554 0.0420209 -0.177493
-0.279693 -0.942863 0.178007 0.0594756
0.0210886 0.147057 0.010893 -0.312595
0.0210886 0.178284 0.111235 0.283429
-0.00625511 -0.0775528 -0.306124 -0.019275
0.243745 -0.483871 0.223051 -0.082126
-0.0453176 -0.261147 0.0345746 0.175061
0.552339 -0.18515 0.392973 0.14256
-0.560943 0.559021 -0.609712 0.10426
0.548432 -0.366493 -0.0383014 -0.971469
-0.0492239 -0.0677719 0.398955 -0.568332
-0.193755 -0.378532 -0.229586 -0.14931
-0.514068 0.234718 -0.161348 -0.0460084
0.439057 0.180161 -0.25046 -0.0156587
-0.0140676 -0.249489 -0.356783 -0.229511
-0.275786 0.00634766 0.412382 -0.210727
-0.0140676 -0.0621262 -0.302462 -0.0922426
0.181245 -0.46431 0.250883 -0.47948
-0.107818 0.449913 0.16226 0.0934264
-0.170318 -0.0696487 0.157622 0.133893
0.0406199 -0.335266 0.456572 0.563016
-0.0609426 -0.0621262 -0.192842 -0.118244
0.19687 0.469101 0.232817 -0.363162
-0.0257864 0.307327 -0.249483 0.131711
-0.447661 0.0492325 0.165922 0.0551421
-0.529693 -0.632103 0.487211 -0.0142244
-0.193755 -0.315704 -0.198458 -0.227344
-0.338286 -0.0873337 -0.0419635 0.380246
0.462495 0.209511 0.0309125 0.202511
0.0757761 0.100029 -0.116793 0.760251
-0.318755 -0.24572 -0.834444 -0.300311
0.251557 -0.153923 0.260161 0.200345
0.138276 0.0883636 0.0763227 -0.0156587
-0.49063 -0.0794296 0.191923 0.100659
0.458589 -0.200577 0.117705 -0.15871
0.357026 0.18618 -0.321016 0.169278
0.122651 -0.153923 -0.0661334 -0.295245
-0.00625511 0.393105 0.0252973 -0.0120424
-0.381255 -0.151665 0.379423 -0.124759
0.22812 0.303185 -0.104708 -0.293811
0.778901 -0.122696 0.218901 -0.0684083
0.392182 0.289642 0.270903 0.107876
0.368745 0.346077 -0.029024 -0.191943
0.161714 0.135391 -0.27231 0.0760924
-0.0296926 0.504471 -0.443575 0.350613
0.274995 0.500328 0.213774 -0.270694
-0.103911 0.166618 0.597197 -0.13776
0.157807 -0.475975 -0.133516 0.146161
-0.342193 0.0394516 0.316801 0.688
0.212495 -0.0425644 -0.0555133 -0.513431
0.314057 -0.407501 0.187285 0.345563
-0.17813 0.293404 0.178496 -0.373279
-0.0609426 0.391228 -0.0749224 0.482831
0.595307 -0.280716 -0.273165 -0.0481752
0.13437 0.0473557 0.373442 -0.40723
-0.139068 -0.120438 -0.235079 0.413479
0.267182 -0.196815 -0.107027 0.347012
0.118745 0.0161285 0.16873 0.485715
-0.123443 -0.511337 0.361845 -0.0445589
-0.131255 -0.0854492 -0.111177 0.0710265
0.837495 0.188065 -0.591158 0.195294
0.35312 -0.509079 0.319609 -0.0344423
0.239839 0.0924988 -0.170626 -0.0344423
0.345307 0.453674 0.322905 0.0992095
-0.11563 -0.317955 0.504301 0.214795
0.0249949 -0.0737915 -0.087984 0.0269591
0.189057 0.191826 -0.0517291 0.117993
-0.0687551 -0.163704 0.0711957 -0.282977
0.0796824 -0.0696487 0.353422 -0.540882
0.10312 -0.128342 -0.206758 0.271878
0.314057 0.373543 -0.410616 0.0154082
0.13437 0.148933 -0.00583065 0.144726
0.00546364 -0.118561 -0.253633 0.437314
0.439057 -0.175369 -0.17148 0.551465
0.255464 0.213272 0.106108 -0.340762
-0.189849 -0.497421 -0.102388 -0.433246
-0.619536 -0.0677719 -0.111177 0.299328
-0.392974 -0.216377 -0.096773 0.42648
0.314057 0.414551 -0.286592 -0.0113252
-0.162505 0.129372 0.32144 -0.036609
0.110932 0.285507 0.246245 -0.252628
0.0328074 -0.55423 0.409697 0.0955931
-0.435943 0.0902481 0.317778 0.17796
-0.0843801 -0.151665 -0.409639 0.466931
0.0328074 0.410789 -0.299166 -0.373996
-0.0531301 0.201607 0.0600873 -0.118976
0.450776 -0.138123 -0.249483 0.106427
0.0406199 0.262177 -0.208223 -0.119693
0.216401 0.271957 0.0921918 0.364346
0.724214 -0.138123 -0.0745562 -0.233844
0.360932 -0.0230026 -0.451876 0.139661
-0.221099 -0.782593 -0.101412 -0.033008
0.0562449 0.154953 0.288969 0.258145
-0.404693 0.164734 0.0243207 0.201077
-0.139068 -0.0150986 0.170561 0.086209
0.29062 0.535698 -0.391085 0.237912
-0.217193 -0.105019 -0.302828 -0.251178
0.13437 -0.0463257 -0.465303 -0.0886262
0.0953074 -0.354828 -0.139009 -0.352329
0.708589 0.40477 0.0281049 -0.0214418
0.251557 -0.62458 -0.304293 -0.65575
0.00155739 0.119591 -0.456514 -0.332813
0.19687 -0.413521 0.187285 -0.446246
0.63437 -0.288612 -0.360445 0.191678
-0.0960989 -0.098999 -0.319185 0.0847594
-0.377349 0.361877 0.374785 -0.118976
-0.256255 -0.0132141 -0.251802 -0.0438417
0.110932 -0.100876 0.423613 0.648999
0.00155739 -0.0658875 -0.269503 -0.44913
-0.20938 0.236969 0.000272863 0.228528
-0.342193 0.238853 -0.220308 0.248028
-0.27188 0.0766983 -0.346041 -0.131259
-0.373443 0.258415 0.300566 -0.114642
-0.00625511 0.0394516 -0.42917 -0.204227
0.0953074 0.0296707 -0.601778 -0.315479
-0.631255 0.62561 0.0193158 0.287045
-0.127349 -0.524879 -0.175753 0.14256
-0.193755 -0.173111 -0.0262164 0.16351
0.10312 -0.581314 0.00674259 0.103543
-0.139068 -0.112915 0.0224897 0.0255248
-0.0218801 -0.267166 0.154814 0.0847594
0.0171824 -0.200577 0.248076 0.157727
0.10312 -0.302155 0.222075 -0.15871
-0.256255 0.133507 -0.362764 0.0760924
-0.162505 0.182045 -0.482027 0.143277
0.247651 0.369781 -0.0782183 -0.0308412
0.29062 -0.0621262 -0.446749 -0.321262
0.204682 -0.429321 0.55728 -0.574115
0.0757761 0.0766983 -0.37668 -0.584232
0.16562 -0.360847 -0.0841998 -0.309696
-0.264068 0.54924 0.0661908 0.193844
0.189057 0.0748215 -0.279634 0.0096251
-0.201568 0.0417099 0.308012 -0.337146
-0.0218801 0.252396 -0.0846881 -0.186878
-0.0609426 -0.323601 0.130644 -0.431796
-0.225005 0.250519 0.798613 -0.134143
-0.361724 0.322754 0.120512 0.143277
0.126557 0.381439 -0.35483 -0.0264924
-0.373443 -0.202461 -0.959688 -0.10741
0.329682 0.328773 0.0220014 -0.108859
0.13437 -0.290497 -0.0800494 -0.269245
0.16562 0.100029 -0.240694 -0.110309
-0.693755 -0.257385 0.325224 0.785535
-0.685943 0.332535 -0.35251 0.534848
-0.346099 0.572937 0.14041 0.353512
0.360932 -0.395836 0.0782758 -0.225177
-0.0687551 -0.0775528 -0.109835 -0.259845
-0.0765676 0.219292 0.191435 -0.0749086
-0.0765676 -0.140007 -0.171968 -0.022159
-0.475005 0.371658 -0.055025 0.205411
-0.0843801 -0.247604 -0.0527057 -0.0806764
0.00936989 0.787766 0.193388 -0.228778
-0.287505 0.0473557 -0.0545367 0.344845
0.407807 0.0608978 -0.739229 0.164227
-0.42813 -0.0248795 -0.363253 0.457547
0.35312 0.424332 0.369291 0.0876433
-0.123443 -0.0403061 0.229033 -0.231677
-0.0140676 -0.440987 -0.0531939 0.307995
-0.232818 -0.190796 -0.14084 0.371564
-0.279693 -0.202461 0.417997 -0.0669588
0.0796824 -0.165588 -0.104219 0.220578
0.267182 -0.39772 0.14456 0.209027
0.0796824 -0.171234 -0.0749224 -0.398563
-0.267974 -0.536545 -0.317232 -0.0163911
0.110932 0.154953 0.420805 -0.360278
-0.158599 0.271957 0.11624 -0.264179
0.298432 0.147057 0.1033 0.16351
-0.17813 0.318993 -0.239717 -0.215061
-0.24063 0.0748215 -0.267183 0.537732
0.243745 -0.141884 0.0531293 0.0204588
-0.322661 -0.364609 -0.0893267 -0.22301
0.567964 -0.0482025 -0.125582 0.0168425
0.110932 -0.351067 -0.477877 0.300046
0.25937 0.223053 0.352568 0.419247
-0.404693 -0.0794296 -0.211885 -0.42673
-0.252349 -0.149788 -0.127413 0.279095
-0.310943 -0.376274 0.0289594 -0.465747
-0.24063 0.0766983 0.161284 0.274045
0.243745 0.0044632 0.052641 0.145444
-0.342193 -0.378532 -0.102877 -0.40578
-0.0335989 0.268196 0.0615522 0.0594756
0.274995 0.0706787 -0.418917 0.237912
0.403901 0.467224 -0.663057 0.349896
0.220307 0.559021 0.688627 0.323895
-0.170318 0.184303 -0.00436581 -0.306812
0.618745 0.508232 0.351103 -0.0539583
0.235932 0.207626 0.431425 -0.126193
0.41562 0.391228 0.108427 -0.109577
-0.0140676 0.230949 -0.220674 0.117261
0.25937 0.381439 -0.0730914 0.314496
0.532807 0.236969 0.761503 -0.18111
-0.154693 0.250519 0.586943 -0.494647
0.411714 0.580467 0.500639 0.0796935
0.837495 0.344193 -0.687715 0.0681426
0.0328074 0.416428 0.0657026 -0.264911
-0.0648489 0.342316 -0.00168026 0.500897
0.618745 -0.136246 0.477446 0.365796
-0.162505 -0.226158 -0.183565 -0.142093
-0.27188 0.156837 0.180815 0.453213
0.489839 -0.00531769 0.461699 0.148327
0.0249949 0.176399 -0.163668 -0.0691255
-0.127349 0.0608978 0.560454 -0.396396
0.19687 -0.25325 -0.0870074 -0.0517915
0.0718699 -0.304039 0.0141889 -0.0958589
0.423432 0.268196 -0.251802 0.40553
-0.30313 0.449913 -0.205904 -0.00699172
0.0523386 -0.294258 0.390165 -0.20856
-0.717193 -0.144142 0.0638715 -0.0546754
0.177339 0.111687 -0.446382 -0.459964
0.00546364 0.217407 0.427275 -0.423847
0.0328074 -0.632103 -0.298189 0.43298
0.0796824 -0.0286407 -0.523409 -0.250461
-0.11563 0.461578 0.206328 -0.147876
0.482026 -0.524879 0.0688764 -0.700549
-0.0648489 0.256538 0.00771915 -0.17461
0.298432 -0.100876 0.0476361 -0.0640596
0.0484324 -0.39019 0.42166 -0.188327
-0.139068 -0.366493 0.282011 -0.253345
0.35312 -0.0696487 0.63101 0.0601927
0.0992136 -0.098999 -0.790254 -0.111743
0.0953074 -0.247604 0.146879 -0.101642
0.153901 -0.513222 -0.347505 -0.666583
0.0562449 0.402885 0.158476 0.094876
-0.385161 -0.395836 -0.766207 -0.12836
-0.193755 0.340431 -0.0262164 0.238644
-0.404693 0.018013 0.0229779 -0.0929597
-0.17813 -0.071907 0.562407 0.157727
0.181245 -0.427063 -0.209566 -0.306094
0.118745 -0.237823 -0.176119 0.0226256
-0.443755 0.818993 -0.168306 0.17651
0.118745 -0.141884 -0.126924 0.232861
0.00936989 -0.335266 0.548857 0.250928
0.0562449 0.219292 0.326079 0.378079
-0.295318 -0.226158 0.23184 -0.217227
0.954682 0.119591 0.0661908 -0.134143
0.548432 0.340431 0.286162 0.10571
-0.0648489 -0.638123 0.00771915 0.223462
0.274995 -0.0737915 0.371611 0.229977
0.60312 0.358116 0.28018 -0.327045
0.118745 -0.335266 -0.312227 -0.245395
0.513276 0.807327 0.772123 0.15701
0.841401 -0.618561 0.364653 -0.347995
0.329682 0.145172 0.066557 -0.103076
0.517182 -0.39772 0.166411 -0.326312
0.599214 0.311089 0.335844 0.0110747
0.536714 -0.360847 0.327543 0.0984923
0.271089 -0.0132141 -0.129732 0.602749
0.462495 0.445778 0.0335981 0.422864
0.466401 -0.0248795 0.306181 0.21336
0.939057 -0.0384216 -0.281099 0.362179
0.814057 -0.571533 -0.495088 0.0977599
1.03281 0.371658 -0.632418 0.630932
0.712495 -0.606895 0.43704 -0.181827
0.88437 0.273842 0.288481 -0.319095
0.708589 -0.302155 -0.286592 0.669217
0.493745 0.227188 0.0945111 0.357129
0.333589 -0.0794296 0.0698529 0.560132
0.536714 0.0766983 0.242094 -0.643466
0.587495 -0.0737915 0.110746 0.46983
0.286714 0.0338135 0.286162 0.103543
1.00937 -0.0230026 0.0285932 0.174344
0.69687 -0.0854492 0.0582563 0.19241
0.591401 0.178284 -0.118624 -0.738117
0.829682 0.381439 0.666777 -0.180377
-0.0570364 0.658722 0.282866 -0.0142244
0.173432 0.145172 -0.10837 0.234311
0.837495 0.391228 -0.022066 -0.503314
0.60312 0.150818 0.113066 0.754468
0.825776 -0.360847 -0.00900448 0.36073
0.626557 0.516129 0.416655 -0.392063
0.66562 0.391228 0.00442325 -0.090793
0.212495 -0.0775528 0.272246 -0.130527
0.524995 0.139153 -0.187715 0.0652587
0.110932 0.355858 -0.124605 0.214795
0.462495 -0.00531769 -0.107027 -0.510547
0.329682 0.139153 0.334868 0.373746
0.556245 0.258415 -0.224459 0.340512
0.646089 0.615829 -0.283907 -0.226611
0.345307 0.178284 -0.396212 -0.00699172
0.16562 0.70575 0.235136 -0.215778
0.25937 0.121468 -0.740572 0.636716
-0.248443 0.518013 -0.104708 -0.12041
0.462495 -0.0756683 -0.139986 0.345563
0.118745 0.117706 -0.207247 -0.162326
0.431245 0.740738 0.55081 -0.353763
0.153901 0.31485 0.0791303 0.877286
0.314057 0.227188 0.23416 -0.327045
-0.00625511 -0.057991 0.445341 0.799267
0.69687 0.535698 0.215605 -0.10741
0.149995 0.46534 0.0615522 0.324612
0.220307 -0.175369 0.0503217 0.527615
0.814057 0.273842 -0.314913 0.321728
0.41562 -0.319839 0.46353 -0.261295
0.454682 -0.261147 0.457426 -0.296695
0.142182 0.193703 0.132475 -0.427463
0.00155739 0.367523 0.250883 -0.804584
0.642182 0.461578 0.0420209 0.156277
0.720307 0.373543 -0.0313433 0.0377928
0.407807 0.656837 0.360502 0.675
0.388276 0.0804596 0.826933 -0.0395082
0.431245 0.688065 -0.208712 -0.0272249
0.985932 0.312973 -0.325655 0.193844
0.10312 0.654961 -0.0823687 -0.417346
0.470307 0.422447 -0.094942 0.581799
0.107026 0.443893 0.145537 0.08981
0.431245 0.732834 -0.264864 0.0255248
0.681245 0.184303 -0.160372 0.107876
0.82187 -0.141884 0.045683 0.107159
0.798432 0.17038 -0.251802 -0.551715
0.57187 0.746758 -0.425386 0.281994
1.11874 0.516129 0.300566 0.0558592
0.692964 0.0492325 0.0211469 -0.045276
0.169526 0.654961 0.391997 -0.393512
0.860932 0.957443 0.519682 0.086209
0.610932 0.289642 0.519194 -0.322711
0.54062 0.875427 0.171538 0.398297
1.16562 0.764061 0.0155317 0.275479
0.939057 0.381439 0.789335 -0.40578
0.298432 0.69371 0.40457 -0.036609
0.806245 1.16061 -0.421236 -0.301746
0.50937 1.00823 0.255034 -0.254794
0.423432 1.18017 0.29312 0.957486
0.907807 1.01425 0.0610639 -0.0655092
0.892182 1.17415 0.137602 0.103543
1.13437 1.0357 -0.461641 0.589749
0.939057 1.55526 0.382231 -0.193378
0.54062 0.771965 0.470488 -0.336429
1.52499 1.18619 0.513579 0.110043
0.630464 0.697845 0.26248 -0.367496
1.74374 1.06316 -0.266207 0.580365
0.899995 1.31297 0.351591 -0.290912
0.907807 0.942017 0.191069 0.0349089
0.673432 0.918312 -0.292696 -0.398563
0.907807 1.07858 -0.597139 0.182294
0.685151 0.736977 -0.406832 -0.209995
1.31406 0.553375 0.492705 0.579632
1.29843 1.3111 0.525175 0.196744
1.25156 0.961578 0.288481 -0.928119
1.45468 1.46535 0.624052 0.125943
0.704682 1.43036 0.337187 0.39108
1.36874 1.11959 0.420317 -0.160159
1.38437 1.74638 0.201201 0.219861
1.62656 1.14894 0.204497 -0.351596
1.18906 1.24262 0.217924 0.406964
1.79453 1.2603 0.680327 0.0977599
0.989839 0.857742 0.342314 0.17146
1.33749 1.45368 0.231352 0.48428
1.07968 0.934113 0.0484906 0.44093
0.97812 1.09025 -0.115328 -0.118976
0.997651 1.01425 0.257841 0.277646
0.814057 0.560898 0.0471479 0.38818
0.360932 1.09815 -0.0179156 0.552899
0.88437 0.361877 0.230497 0.0688597
0.829682 0.442017 -0.055025 0.173627
0.689057 0.289642 0.28018 0.198178
0.88437 0.711388 0.276396 -0.209995
0.255464 0.842316 0.805082 0.238644
0.16562 0.797546 -0.26108 0.230694
0.130464 0.682045 -0.163668 0.180127
0.41562 0.899124 -0.117647 0.19891
0.38437 0.311089 0.0902387 -0.141376
1.04453 0.627495 0.00955021 0.0464751
0.57187 0.799431 0.00442325 -0.389163
0.0914011 0.647057 0.466704 -0.17171
0.681245 0.709511 -0.0164508 -0.0315584
1.04062 0.361877 -0.434664 0.300046
0.0718699 0.666618 0.0809613 -0.0113252
0.267182 0.633514 -0.354463 0.259595
0.0484324 0.711388 0.158476 -0.191943
0.47812 0.713272 0.0698529 0.104993
0.0171824 0.477005 0.227202 -0.0243257
0.22812 0.180161 0.121855 -0.155811
0.743745 0.273842 -0.481661 -0.0496248
-0.0375051 0.934113 0.351103 -0.119693
0.423432 0.188065 0.0582563 0.348447
0.556245 0.373543 0.309843 -0.126926
0.314057 0.432236 -0.0596637 -0.15726
0.16562 0.332535 0.641752 0.102826
0.794526 0.256538 0.42642 0.0190093
0.82187 0.277977 0.524321 -0.0951265
0.88437 0.621475 0.283354 0.238644
0.524995 0.127495 0.206816 0.204678
0.0718699 0.324631 -0.322847 -0.182544
0.0992136 0.584602 0.341826 0.253812
0.626557 0.184303 0.399443 0.0587431
0.79062 0.484901 0.0146772 0.362897
0.47812 0.301308 -0.164034 0.179394
0.735932 -0.10878 0.116728 0.237912
0.536714 0.901009 0.165922 0.101376
1.04843 0.0044632 -0.310274 0.39758
0.704682 0.379562 -0.243013 -0.214343
1.23593 0.449913 -0.280123 0.223462
1.33749 0.248634 -0.299654 0.393246
0.993745 0.449913 0.383696 -0.846485
1.49765 -0.263031 -0.0419635 -0.410846
1.98593 0.332535 -0.262911 0.563016
1.44687 0.00822449 -0.0934771 -0.823367
1.48593 -0.177254 -0.329805 -0.0308412
2.18124 0.0706787 -0.115816 0.263196
2.51718 -0.144142 0.568876 -0.45058
2.28281 0.414551 -0.409639 0.00384202
2.71249 -0.091095 -0.397066 0.125943
3.07968 -0.0327835 -0.0666217 0.0551421
2.54843 -0.343163 0.083769 0.264645
3.02499 0.00822449 0.0193158 0.342679
3.54453 -0.341286 -0.318209 -0.499698
3.07187 -0.226158 0.10977 0.549298
3.55234 -0.134361 -0.173799 0.503064
4.18124 -0.319839 -0.614351 0.294995
4.43124 -0.688919 -0.77585 0.470547
4.00156 -0.12458 -0.0763873 0.195294
3.83749 -0.351067 -0.0132769 0.7393
4.56015 -0.884178 0.0628949 0.733517
4.62656 -1.02676 0.0731488 0.503781
4.80624 -0.772812 0.826079 0.518231
4.42343 -0.870628 -0.0439166 0.675
5.83749 -0.780716 0.420317 0.478497
5.50156 -1.09524 -0.709078 0.443097
6.26718 -1.18516 -0.479708 1.13664
6.73593 -0.489517 -0.0800494 0.304379
5.72031 -1.03654 -0.293184 0.104993
5.76718 0.0142441 0.215117 0.432263
6.90781 -0.95829 -0.45566 0.474164
6.88828 -1.20058 -0.728121 0.488614
6.90781 -1.21826 -0.0531939 0.704617
7.36874 -1.44663 -0.109835 1.16554
7.80624 -1.07379 -0.0378131 0.0912596
7.80234 -1.53655 -0.00168026 0.841168
7.91562 -1.07755 -0.330294 0.372296
7.89218 -0.860847 0.101469 0.151227
8.09921 -1.03278 -0.137178 0.358563
8.93515 -1.68478 -0.367891 0.200345
8.40781 -1.25325 -0.424532 0.470547
9.04843 -1.11254 -0.120943 0.0688597
8.85703 -0.876274 -0.557711 0.416363
10.1891 -0.98764 0.0285932 -0.0322755
10.3414 -1.099 -0.89377 0.355679
10.7633 -1.22391 -0.369234 0.17001
11.0172 -1.09336 -0.40317 -0.515598
12.0914 -0.247604 -0.0555133 0.400464
12.4859 -0.948509 -0.133028 0.0464751
12.3297 -1.09336 -0.414278 -0.233844
13.0133 -0.485756 -0.430513 -0.813968
14.0289 -0.294258 -0.671968 0.268262
13.9234 -0.0425644 -0.652437 -0.566898
15.3609 0.0454712 -0.894747 -0.21651
14.9781 -0.0561066 -0.912813 -0.439746
15.5641 0.135391 -1.05258 -0.822635
15.8102 -0.098999 -0.979219 -0.673099
16.8844 0.225311 -0.781465 -0.864536
17.0719 0.379562 -1.17648 -0.863819
18.3687 0.234718 -0.402193 -0.919452
18.4234 0.106049 -0.735079 -1.7965
19.357 0.0454712 -0.957857 -1.67369
20.3492 -0.0286407 -0.648653 -1.35581
21.2281 0.457443 -0.852022 -2.12883
21.4859 0.500328 -0.338594 -2.67067
22.3883 0.361877 0.227202 -2.59626
23.0719 -0.261147 0.151152 -2.37302
23.3883 0.522148 0.876616 -3.01094
23.9039 0.0608978 0.940214 -2.96759
23.8453 -0.327744 1.01443 -2.5623
23.4078 -0.487633 0.839506 -2.81371
23.5406 -0.472214 0.883085 -2.69957
22.5406 -0.366493 1.10135 -3.16193
22.2047 -0.569656 1.03445 -3.36205
22.4781 -0.513222 1.05301 -4.70076
22.9781 0.145172 1.8472 -6.01561
23.8375 0.637276 2.73807 -7.07112
25.0641 0.916435 3.83768 -9.08098
27.193 0.522148 4.66995 -11.434
30.3492 1.09627 6.27933 -13.4164
33.7203 0.590248 8.44534 -16.4102
36.1266 -0.0113373 9.86941 -18.3421
37.568 -0.466194 11.7981 -20.7948
38.1109 -1.59712 11.4013 -21.812
37.8883 -1.53278 12.2791 -22.0685
38.1461 -1.81383 12.8018 -22.4196
37.6812 -2.51887 12.7409 -22.5063
36.4781 -3.52452 12.2475 -21.5714
35.3687 -3.78787 12.2011 -21.2687
34.1305 -4.50496 11.7183 -20.0514
33.7984 -5.22957 10.7928 -18.6419
30.8687 -5.17652 9.2233 -17.9317
30.6344 -4.82889 8.99258 -17.3162
29.5289 -5.74311 7.41055 -17.2562
28.2125 -5.24123 6.98025 -17.0055
27.3297 -4.85033 5.70706 -16.3134
26.6734 -4.45417 4.1232 -15.2767
25.318 -4.37968 3.46499 -15.138
25.1383 -2.87628 2.87039 -15.0029
25.1461 -2.84129 2.09378 -14.5976
24.1187 -1.68478 1.46109 -14.2516
24.0289 -0.630226 1.14395 -14.6171
23.2984 0.652702 1.48562 -13.0494
23.2242 1.29529 1.83841 -12.595
21.6891 2.07257 2.5607 -11.4037
21.0562 2.03758 3.82376 -8.86425
20.6266 1.77385 5.13565 -7.14336
19.9078 0.928093 5.96145 -5.10677
19.1695 1.03381 5.7897 -4.583
18.7164 0.580467 5.67874 -3.58023
19.3297 1.08837 5.10635 -2.70824
19.0719 0.559021 5.11661 -2.80649
19.4859 1.01614 4.65286 -2.72341
20.5406 1.7193 4.34744 -2.84189
20.9703 1.40477 3.7128 -2.90836
21.9703 2.0199 3.33035 -2.60131
22.9391 2.13728 3.34329 -2.32679
24.0328 2.40665 3.37491 -2.3145
24.8687 2.94955 2.86941 -2.21913
26.0875 3.05903 2.87454 -1.95688
27.2594 3.00222 2.50125 -1.13402
28.0406 2.43788 2.83316 -1.32257
29.4898 2.18995 3.12845 -1.62094
30.5875 1.75429 3.35538 -1.40277
31.7437 0.934113 3.08902 -1.8572
33.2047 0.727196 2.44656 -1.54871
33.8805 -0.493652 3.05459 -1.7611
35.0484 -0.39019 2.49893 -1.04082
36.8375 -0.811943 2.94131 -1.41071
37.2594 -2.42896 2.0928 -1.58338
38.7281 -2.92896 2.9219 -1.8153
