38.4336357117 -2.8552906513 3.0855677128 -2.1355314255
38.4372291565 -3.4933130741 3.1640625000 -1.9494724274
38.1293182373 -4.0849008560 3.2024075985 -1.7451591492
37.5242843628 -4.6139659882 3.2001519203 -1.5380363464
36.6496734619 -5.0680770874 3.1595511436 -1.3435516357
35.5414428711 -5.4417500496 3.0869209766 -1.1771516800
34.2475013733 -5.7338876724 2.9912838936 -1.0479640961
32.8169784546 -5.9488773346 2.8830151558 -0.9651145935
31.3061866760 -6.0965919495 2.7729423046 -0.9321155548
29.7678356171 -6.1898269653 2.6709892750 -0.9489660263
28.2534465790 -6.2446713448 2.5852766037 -1.0121564865
26.8109436035 -6.2786750793 2.5225710869 -1.1160678864
25.4774684906 -6.3097534180 2.4864816666 -1.2515754700
24.2865638733 -6.3532633781 2.4774591923 -1.4095506668
23.2597999573 -6.4234638214 2.4936995506 -1.5822696686
22.4091548920 -6.5298624039 2.5324957371 -1.7613077164
21.7394199371 -6.6783075333 2.5879833698 -1.9410476685
21.2470054626 -6.8695316315 2.6552002430 -2.1179790497
20.9235191345 -7.1006088257 2.7300858498 -2.2913999557
20.7509956360 -7.3638620377 2.8094828129 -2.4634170532
20.7126560211 -7.6486868858 2.8924887180 -2.6382427216
20.7881355286 -7.9422869682 2.9804570675 -2.8221955299
20.9558677673 -8.2304019928 3.0783498287 -3.0222964287
21.1966857910 -8.4987735748 3.1920318604 -3.2462697029
21.4914150238 -8.7346048355 3.3318786621 -3.4983272552
21.8244857788 -8.9265604019 3.5073640347 -3.7840857506
22.1839122772 -9.0665960312 3.7302169800 -4.1035456657
22.5589160919 -9.1503257751 4.0112638474 -4.4567070007
22.9423046112 -9.1762847900 4.3586254120 -4.8372507095
23.3268928528 -9.1470346451 4.7795200348 -5.2374534607
23.7090835571 -9.0680580139 5.2762017250 -5.6467833519
24.0840873718 -8.9470348358 5.8482208252 -6.0511984825
24.4507026672 -8.7938365936 6.4892611504 -6.4380612373
24.8017444611 -8.6183347702 7.1902999878 -6.7919244766
25.1336154938 -8.4311332703 7.9369020462 -7.1001510620
25.4403266907 -8.2406406403 8.7119245529 -7.3501019478
25.7134914398 -8.0549011230 9.4950675964 -7.5340547562
25.9471206665 -7.8786673546 10.2655792236 -7.6470947266
26.1316261292 -7.7144999504 11.0018043518 -7.6864128113
26.2598228455 -7.5627641678 11.6834459305 -7.6562218666
26.3209247589 -7.4212656021 12.2915544510 -7.5628414154
26.3101425171 -7.2852516174 12.8112430573 -7.4146957397
26.2202854156 -7.1488718987 13.2307844162 -7.2258286476
26.0477600098 -7.0062766075 13.5425071716 -7.0088768005
25.7913684845 -6.8501529694 13.7432556152 -6.7792863846
25.4487133026 -6.6753826141 13.8348331451 -6.5503988266
25.0245895386 -6.4764804840 13.8212985992 -6.3348512650
24.5225887299 -6.2512531281 13.7112255096 -6.1438770294
23.9487018585 -5.9986028671 13.5145378113 -5.9837961197
23.3113174438 -5.7192625999 13.2425136566 -5.8588204384
22.6188201904 -5.4172530174 12.9068813324 -5.7710566521
21.8807945251 -5.0973277092 12.5202713013 -5.7162923813
21.1068286896 -4.7657022476 12.0930614471 -5.6910161972
20.3088989258 -4.4296889305 11.6333713531 -5.6861014366
19.4929981232 -4.0973324776 11.1497726440 -5.6938247681
18.6699085236 -3.7755787373 10.6467742920 -5.7036542892
17.8468189240 -3.4713754654 10.1279869080 -5.7071647644
17.0285224915 -3.1898410320 9.5961179733 -5.6945266724
16.2234058380 -2.9353632927 9.0511665344 -5.6601233482
15.4362583160 -2.7094044685 8.4944858551 -5.5983376503
14.6694793701 -2.5134274960 7.9269776344 -5.5063614845
13.9290590286 -2.3463349342 7.3490939140 -5.3841943741
13.2161941528 -2.2062990665 6.7635412216 -5.2325387001
12.5356779099 -2.0900290012 6.1743798256 -5.0556068420
11.8875102997 -1.9938685894 5.5847673416 -4.8576116562
11.2752847672 -1.9145271778 5.0019216537 -4.6441702843
10.7002010345 -1.8483482599 4.4321579933 -4.4216017723
10.1634559631 -1.7920414209 3.8835973740 -4.1948199272
9.6650495529 -1.7437783480 3.3634569645 -3.9694428444
9.2073783875 -1.7009997368 2.8803086281 -3.7482781410
8.7880458832 -1.6637055874 2.4404673576 -3.5348367691
8.4058551788 -1.6315302849 2.0484452248 -3.3305230141
8.0608043671 -1.6041080952 1.7092032433 -3.1346340179
7.7493000031 -1.5821703672 1.4236450195 -2.9471707344
7.4689464569 -1.5664483309 1.1917700768 -2.7667288780
7.2173471451 -1.5562107563 1.0113224983 -2.5904989243
6.9909076691 -1.5514575243 0.8777909279 -2.4177799225
6.7860345840 -1.5510919094 0.7853116989 -2.2464656830
6.5991315842 -1.5532857180 0.7280197144 -2.0758523941
6.4278049469 -1.5558450222 0.6977944374 -1.9066438675
6.2708549500 -1.5554794073 0.6874189377 -1.7381372452
6.1246871948 -1.5499950647 0.6901254654 -1.5731420517
5.9893035889 -1.5353698730 0.7000498772 -1.4137630463
5.8635034561 -1.5097758770 0.7113280296 -1.2628087997
5.7460908890 -1.4710191488 0.7208018303 -1.1230897903
5.6394605637 -1.4180029631 0.7257637978 -0.9967098236
5.5412168503 -1.3507272005 0.7248616219 -0.8871803284
5.4537563324 -1.2699232101 0.7180948257 -0.7959060669
5.3758802414 -1.1788815260 0.7063655853 -0.7228870392
5.3087873459 -1.0805273056 0.6910276413 -0.6674203873
5.2500801086 -0.9792480469 0.6734342575 -0.6302080154
5.1997604370 -0.8797969818 0.6544871330 -0.6063365936
5.1554307938 -0.7876584530 0.6355400085 -0.5951023102
5.1146955490 -0.7072200775 0.6170439720 -0.5915918350
5.0739612579 -0.6428694725 0.5985484123 -0.5929965973
5.0308294296 -0.5971658230 0.5796012878 -0.5951023102
4.9817075729 -0.5723030567 0.5588498116 -0.5951023102
4.9241991043 -0.5686466694 0.5340380669 -0.5901880264
4.8547096252 -0.5851001740 0.5038132668 -0.5789546967
4.7708435059 -0.6183722019 0.4668216705 -0.5606994629
4.6714019775 -0.6648070812 0.4208073616 -0.5354232788
4.5563850403 -0.7192859650 0.3662219048 -0.5038280487
4.4245948792 -0.7763240337 0.3030653000 -0.4680204391
4.2796258926 -0.8297059536 0.2326908112 -0.4301071167
4.1214780807 -0.8743126392 0.1564517021 -0.3921928406
3.9525470734 -0.9050254822 0.0779571533 -0.3570871353
3.7788238525 -0.9181880951 0.0008153915 -0.3268966675
3.6003074646 -0.9116067886 -0.0718145370 -0.3023233414
3.4229898453 -0.8841845989 -0.1354222298 -0.2854719162
3.2492675781 -0.8373839855 -0.1863989830 -0.2763452530
3.0803356171 -0.7733991146 -0.2215862274 -0.2742385864
2.9197921753 -0.6958856583 -0.2391796112 -0.2777490616
2.7688312531 -0.6095972061 -0.2378263474 -0.2861747742
2.6274566650 -0.5203838348 -0.2170748711 -0.2981100082
2.4968643188 -0.4333639145 -0.1787300110 -0.3107481003
2.3746604919 -0.3543882370 -0.1250467300 -0.3233861923
2.2596435547 -0.2878437042 -0.0582809448 -0.3339176178
2.1506156921 -0.2373869419 0.0161538124 -0.3423433304
2.0475807190 -0.2055771351 0.0950994492 -0.3479604721
1.9457435608 -0.1931457520 0.1740450859 -0.3514709473
1.8463001251 -0.1989958286 0.2480287552 -0.3528747559
1.7480583191 -0.2220304012 0.3143434525 -0.3542795181
1.6486148834 -0.2578620911 0.3702821732 -0.3563852310
1.5503730774 -0.3032000065 0.4131383896 -0.3605976105
1.4545249939 -0.3529255390 0.4429121017 -0.3690233231
1.3598747253 -0.4022855759 0.4596037865 -0.3816614151
1.2688198090 -0.4465267658 0.4641146660 -0.3992137909
1.1825580597 -0.4812614918 0.4587016106 -0.4202775955
1.1034832001 -0.5039303303 0.4456191063 -0.4455537796
1.0315990448 -0.5119743347 0.4280252457 -0.4715318680
0.9692974091 -0.5050272942 0.4077248573 -0.4975099564
0.9153842926 -0.4834551811 0.3883266449 -0.5206794739
0.8710536957 -0.4487204552 0.3707332611 -0.5382318497
0.8351116180 -0.4033825397 0.3567485809 -0.5480613708
0.8063564301 -0.3510975838 0.3468236923 -0.5480613708
0.7823944092 -0.2951562405 0.3414106369 -0.5375299454
0.7632255554 -0.2395806313 0.3391547203 -0.5150623322
0.7464523315 -0.1880269051 0.3396058083 -0.4813613892
0.7296791077 -0.1437859535 0.3409595490 -0.4385318756
0.7117080688 -0.1083197594 0.3414106369 -0.3879804611
0.6913394928 -0.0838227272 0.3396058083 -0.3332157135
0.6685771942 -0.0702943802 0.3346438408 -0.2770471573
0.6422176361 -0.0673694611 0.3256211281 -0.2236862183
0.6134643555 -0.0735850334 0.3120875359 -0.1766452789
0.5823135376 -0.0871133804 0.2940430641 -0.1387310028
0.5535602570 -0.1050291061 0.2732915878 -0.1127529144
0.5248050690 -0.1247730255 0.2498331070 -0.1001157761
0.5020408630 -0.1434202194 0.2263751030 -0.1015195847
0.4828720093 -0.1591422558 0.2042703629 -0.1169662476
0.4720897675 -0.1697454453 0.1848721504 -0.1436462402
0.4696941376 -0.1737673283 0.1695342064 -0.1808576584
0.4744853973 -0.1708424091 0.1596093178 -0.2236862183
0.4876651764 -0.1617016792 0.1555495262 -0.2700262070
0.5080318451 -0.1467108727 0.1569027901 -0.3142585754
0.5331916809 -0.1276981831 0.1632184982 -0.3542795181
0.5619468689 -0.1064918041 0.1735939980 -0.3858737946
0.5907001495 -0.0852851868 0.1857743263 -0.4062347412
0.6170578003 -0.0670037270 0.1988568306 -0.4146604538
0.6386241913 -0.0531098843 0.2101349831 -0.4104480743
0.6530017853 -0.0454316139 0.2182550430 -0.3935976028
0.6577930450 -0.0454316139 0.2218637466 -0.3662147522
0.6530017853 -0.0534753799 0.2196083069 -0.3297052383
0.6386241913 -0.0699288845 0.2119393349 -0.2889823914
0.6146621704 -0.0940604210 0.1988568306 -0.2454519272
0.5811157227 -0.1247730255 0.1812629700 -0.2033252716
0.5427761078 -0.1606047153 0.1609630585 -0.1668157578
0.4996452332 -0.1993615627 0.1393089294 -0.1373271942
0.4577121735 -0.2392151356 0.1194601059 -0.1183700562
0.4181747437 -0.2779717445 0.1027684212 -0.1099452972
0.3846282959 -0.3138034344 0.0919418335 -0.1127529144
0.3594684601 -0.3456130028 0.0878815651 -0.1267957687
0.3450908661 -0.3719384670 0.0923929214 -0.1499652863
0.3438930511 -0.3920478821 0.1054754257 -0.1808576584
0.3546772003 -0.4055762291 0.1271290779 -0.2159633636
0.3774394989 -0.4128887653 0.1555495262 -0.2524728775
0.4121856689 -0.4147169590 0.1898345947 -0.2882804871
0.4541187286 -0.4117918015 0.2268261909 -0.3212795258
0.5032405853 -0.4052104950 0.2647204399 -0.3479604721
0.5547580719 -0.3964354992 0.3008098602 -0.3676195145
0.6050777435 -0.3858323097 0.3319368362 -0.3795547485
0.6518039703 -0.3752291203 0.3558464050 -0.3830652237
0.6925392151 -0.3649914265 0.3716354370 -0.3795547485
0.7224903107 -0.3558506966 0.3775000572 -0.3690233231
0.7428588867 -0.3478069305 0.3738908768 -0.3542795181
0.7512454987 -0.3412256241 0.3612594604 -0.3367261887
0.7476501465 -0.3353755474 0.3414106369 -0.3184719086
0.7332744598 -0.3306221962 0.3161478043 -0.3002166748
0.7117080688 -0.3262348175 0.2877273560 -0.2847700119
0.6817550659 -0.3214814663 0.2593069077 -0.2721319199
0.6494064331 -0.3159971237 0.2335929871 -0.2644090652
0.6158599854 -0.3094158173 0.2132925987 -0.2601966858
0.5835113525 -0.3013720512 0.2002100945 -0.2601966858
0.5571537018 -0.2918655872 0.1952476501 -0.2630052567
0.5379848480 -0.2812623978 0.2002100945 -0.2679195404
0.5272026062 -0.2691965103 0.2137436867 -0.2735366821
0.5260028839 -0.2560338974 0.2349462509 -0.2798557281
0.5331916809 -0.2421400547 0.2629156113 -0.2847700119
0.5487670898 -0.2278804779 0.2944941521 -0.2882804871
0.5727291107 -0.2136209011 0.3269748688 -0.2889823914
0.6014842987 -0.1993615627 0.3585529327 -0.2875785828
0.6326332092 -0.1851019859 0.3856201172 -0.2847700119
0.6637840271 -0.1712081432 0.4059205055 -0.2798557281
0.6925392151 -0.1569485664 0.4181008339 -0.2742385864
0.7176990509 -0.1426889896 0.4212584496 -0.2686214447
0.7356700897 -0.1276981831 0.4149427414 -0.2644090652
0.7452545166 -0.1112449169 0.3991537094 -0.2616004944
0.7476501465 -0.0940604210 0.3761467934 -0.2608985901
0.7404613495 -0.0750474930 0.3472747803 -0.2637071609
0.7248859406 -0.0545723438 0.3152456284 -0.2686214447
0.7021236420 -0.0326347351 0.2818627357 -0.2756423950
0.6745662689 -0.0095999241 0.2507357597 -0.2847700119
0.6434173584 0.0134346485 0.2236685753 -0.2953014374
0.6098709106 0.0364692211 0.2024660110 -0.3058338165
0.5763225555 0.0576758385 0.1889324188 -0.3163652420
0.5451736450 0.0766885281 0.1830677986 -0.3247900009
0.5176162720 0.0920448303 0.1857743263 -0.3318119049
0.4948539734 0.1030137539 0.1947965622 -0.3367261887
0.4768810272 0.1081326008 0.2101349831 -0.3395347595
0.4649009705 0.1074013710 0.2286305428 -0.3402366638
0.4589099884 0.1004543304 0.2480287552 -0.3395347595
0.4565143585 0.0872917175 0.2665247917 -0.3374280930
0.4577121735 0.0679132938 0.2818627357 -0.3353223801
0.4613075256 0.0441474915 0.2913360596 -0.3339176178
0.4672966003 0.0163595676 0.2944941521 -0.3332157135
0.4732875824 -0.0136218071 0.2895317078 -0.3346204758
0.4780807495 -0.0436034203 0.2773513794 -0.3374280930
0.4816741943 -0.0724883080 0.2584047318 -0.3423433304
0.4828720093 -0.0980823040 0.2335929871 -0.3486623764
0.4828720093 -0.1185574532 0.2051725388 -0.3549814224
0.4816741943 -0.1324512959 0.1749477386 -0.3613004684
0.4804763794 -0.1390326023 0.1460757256 -0.3655128479
0.4780807495 -0.1372044086 0.1203622818 -0.3676195145
0.4780807495 -0.1273324490 0.1005129814 -0.3655128479
0.4804763794 -0.1094167233 0.0874304771 -0.3598957062
0.4852676392 -0.0845539570 0.0829191208 -0.3493642807
0.4936542511 -0.0542068481 0.0869793892 -0.3339176178
0.5068340302 -0.0198376179 0.0991597176 -0.3156633377
0.5248050690 0.0159940720 0.1190085411 -0.2938976288
0.5463714600 0.0510942936 0.1442713737 -0.2714300156
0.5727291107 0.0832698345 0.1726918221 -0.2489624023
0.6014842987 0.1106920242 0.2015633583 -0.2293033600
0.6314353943 0.1311671734 0.2290816307 -0.2145595551
0.6613883972 0.1435985565 0.2516379356 -0.2054319382
0.6901416779 0.1465234756 0.2678780556 -0.2033252716
0.7153015137 0.1399421692 0.2750959396 -0.2103462219
0.7368679047 0.1238546371 0.2728404999 -0.2257928848
0.7536411285 0.0993573666 0.2606601715 -0.2489624023
0.7632255554 0.0679132938 0.2385554314 -0.2798557281
0.7680187225 0.0306191444 0.2074279785 -0.3156633377
0.7656211853 -0.0095999241 0.1690831184 -0.3542795181
0.7572345734 -0.0509161949 0.1257753372 -0.3928947449
0.7440567017 -0.0907695293 0.0802125931 -0.4301071167
0.7284812927 -0.1266012192 0.0341982841 -0.4617023468
0.7093124390 -0.1565828323 -0.0095601082 -0.4862756729
0.6913394928 -0.1792519093 -0.0483565331 -0.5010204315
0.6721706390 -0.1935114861 -0.0808367729 -0.5059347153
0.6565952301 -0.1982645988 -0.1060996056 -0.4996156693
0.6446151733 -0.1942427158 -0.1227912903 -0.4827651978
0.6374263763 -0.1818113327 -0.1318135262 -0.4560852051
0.6350307465 -0.1620674133 -0.1327157021 -0.4223833084
0.6374263763 -0.1364731789 -0.1282043457 -0.3837680817
0.6446151733 -0.1075885296 -0.1187310219 -0.3423433304
0.6553974152 -0.0772414207 -0.1065506935 -0.3016204834
0.6709728241 -0.0476253033 -0.0939192772 -0.2651109695
0.6865482330 -0.0209345818 -0.0821905136 -0.2342185974
0.7045192719 0.0010032654 -0.0736188889 -0.2117509842
0.7200946808 0.0170907974 -0.0695590973 -0.1991128922
0.7344722748 0.0258660316 -0.0700101852 -0.1970062256
0.7452545166 0.0269629955 -0.0758748055 -0.2047300339
0.7524433136 0.0207471848 -0.0862503052 -0.2215805054
0.7548389435 0.0079503059 -0.1006860733 -0.2461538315
0.7524433136 -0.0103311539 -0.1178288460 -0.2763452530
0.7452545166 -0.0330002308 -0.1363244057 -0.3100461960
0.7344722748 -0.0578629971 -0.1539182663 -0.3444499969
0.7200946808 -0.0827257633 -0.1688051224 -0.3767461777
0.7045192719 -0.1061260700 -0.1796321869 -0.4055328369
0.6877460480 -0.1262357235 -0.1850457191 -0.4287023544
0.6709728241 -0.1419577599 -0.1836919785 -0.4448509216
0.6565952301 -0.1521952152 -0.1755719185 -0.4546804428
0.6446151733 -0.1562173367 -0.1602339745 -0.4567871094
0.6362285614 -0.1540234089 -0.1385803223 -0.4525747299
0.6314353943 -0.1470766068 -0.1115131378 -0.4434471130
0.6314353943 -0.1353764534 -0.0799345970 -0.4301071167
0.6338310242 -0.1207511425 -0.0465517044 -0.4153623581
0.6410198212 -0.1050291061 -0.0127182007 -0.3999166489
0.6506042480 -0.0896728039 0.0202136040 -0.3858737946
0.6625862122 -0.0765101910 0.0499873161 -0.3746404648
0.6757659912 -0.0670037270 0.0757012367 -0.3662147522
0.6901416779 -0.0626161098 0.0960016251 -0.3613004684
0.7033214569 -0.0637130737 0.1099863052 -0.3591938019
0.7153015137 -0.0710256100 0.1185574532 -0.3605976105
0.7260856628 -0.0845539570 0.1217155457 -0.3634061813
0.7356700897 -0.1032009125 0.1199111938 -0.3669166565
0.7440567017 -0.1262357235 0.1153998375 -0.3704271317
0.7512454987 -0.1518297195 0.1095352173 -0.3725337982
0.7584342957 -0.1785206795 0.1032195091 -0.3725337982
0.7668209076 -0.2041146755 0.0991597176 -0.3697252274
0.7776031494 -0.2271492481 0.0982570648 -0.3634061813
0.7919807434 -0.2461619377 0.1027684212 -0.3542795181
0.8087539673 -0.2596902847 0.1126933098 -0.3430452347
0.8303184509 -0.2670028210 0.1289334297 -0.3297052383
0.8578758240 -0.2677340508 0.1519403458 -0.3163652420
0.8890247345 -0.2622497082 0.1803607941 -0.3030252457
0.9261665344 -0.2512807846 0.2141947746 -0.2910890579
0.9669017792 -0.2359242439 0.2520890236 -0.2819614410
1.0100326538 -0.2176430225 0.2922387123 -0.2756423950
1.0555610657 -0.1986300945 0.3328390121 -0.2728347778
1.1022853851 -0.1807143688 0.3725376129 -0.2728347778
1.1466159821 -0.1653580666 0.4095292091 -0.2749404907
1.1885490417 -0.1547546387 0.4420099258 -0.2784509659
1.2280845642 -0.1500015259 0.4699792862 -0.2826642990
1.2616329193 -0.1521952152 0.4916329384 -0.2854719162
1.2891883850 -0.1613359451 0.5078735352 -0.2854719162
1.3119525909 -0.1777894497 0.5187001228 -0.2826642990
1.3287258148 -0.2004582882 0.5254669189 -0.2749404907
1.3419036865 -0.2289774418 0.5286250114 -0.2630052567
1.3526878357 -0.2611527443 0.5308804512 -0.2461538315
1.3622722626 -0.2958874702 0.5340380669 -0.2257928848
1.3718566895 -0.3313534260 0.5399026871 -0.2026233673
1.3850364685 -0.3653569221 0.5511808395 -0.1787519455
1.4042053223 -0.3971667290 0.5692257881 -0.1555824280
1.4305629730 -0.4253201485 0.5958414078 -0.1352205276
1.4665050507 -0.4487204552 0.6328334808 -0.1204767227
1.5144290924 -0.4673674107 0.6802010536 -0.1120510101
1.5731353760 -0.4816269875 0.7388463020 -0.1113491058
1.6438236237 -0.4918646812 0.8078675270 -0.1197748184
1.7264919281 -0.4991772175 0.8868136406 -0.1373271942
1.8187446594 -0.5050272942 0.9734282494 -0.1633052826
1.9193840027 -0.5105116367 1.0659074783 -0.1956024170
2.0248165131 -0.5170931816 1.1619958878 -0.2335157394
2.1338424683 -0.5262336731 1.2585353851 -0.2735366821
2.2416706085 -0.5390307903 1.3532705307 -0.3142585754
2.3447074890 -0.5558497906 1.4421410561 -0.3514709473
2.4393558502 -0.5770561695 1.5237936974 -0.3830652237
2.5232238770 -0.6026501656 1.5946192741 -0.4062347412
2.5927124023 -0.6315350533 1.6528134346 -0.4209794998
2.6442298889 -0.6626133919 1.6970233917 -0.4244899750
2.6777763367 -0.6944231987 1.7254438400 -0.4167671204
2.6909561157 -0.7251360416 1.7380752563 -0.3999166489
2.6837673187 -0.7525582314 1.7353682518 -0.3739385605
2.6574096680 -0.7752270699 1.7168726921 -0.3423433304
2.6106834412 -0.7909491062 1.6848430634 -0.3072376251
2.5471839905 -0.7989931107 1.6401820183 -0.2714300156
2.4693088531 -0.7982618809 1.5851459503 -0.2377290726
2.3794517517 -0.7883896828 1.5224399567 -0.2096443176
2.2788124084 -0.7697427273 1.4538702965 -0.1885814667
2.1733798981 -0.7426862717 1.3825931549 -0.1766452789
2.0643539429 -0.7086827755 1.3108654022 -0.1745386124
1.9553279877 -0.6695604324 1.2404909134 -0.1829643250
1.8474998474 -0.6271474361 1.1737251282 -0.1991128922
1.7456607819 -0.5832719803 1.1119217873 -0.2229843140
1.6486148834 -0.5404932499 1.0568852425 -0.2517709732
1.5599575043 -0.5006396770 1.0086154938 -0.2819614410
1.4796848297 -0.4651737213 0.9675636292 -0.3114500046
1.4089965820 -0.4355578423 0.9341807365 -0.3374280930
1.3466968536 -0.4121575356 0.9066624641 -0.3563852310
1.2915840149 -0.3953385353 0.8854598999 -0.3676195145
1.2460575104 -0.3851010799 0.8683176041 -0.3683214188
1.2065200806 -0.3803477287 0.8547840118 -0.3598957062
1.1717758179 -0.3803477287 0.8426036835 -0.3416414261
1.1430206299 -0.3832728863 0.8308744431 -0.3156633377
1.1178607941 -0.3876605034 0.8177924156 -0.2840681076
1.0938987732 -0.3916823864 0.8029050827 -0.2489624023
1.0723342896 -0.3942418098 0.7848606110 -0.2138566971
1.0507678986 -0.3942418098 0.7632069588 -0.1815605164
1.0280036926 -0.3905854225 0.7374930382 -0.1548795700
1.0052394867 -0.3825416565 0.7081704140 -0.1359224319
0.9812793732 -0.3704757690 0.6752386093 -0.1274976730
0.9549198151 -0.3543882370 0.6391491890 -0.1289014816
0.9261665344 -0.3357410431 0.6017060280 -0.1415395737
0.8962135315 -0.3149001598 0.5629100800 -0.1633052826
0.8650627136 -0.2933280468 0.5245647430 -0.1934957504
0.8327159882 -0.2724871635 0.4880242348 -0.2293033600
0.7979698181 -0.2538402081 0.4537391663 -0.2679195404
0.7644233704 -0.2381181717 0.4230628014 -0.3058338165
0.7320747375 -0.2267837524 0.3964471817 -0.3402366638
0.7009258270 -0.2202022076 0.3747930527 -0.3690233231
0.6709728241 -0.2183742523 0.3581018448 -0.3893842697
0.6458129883 -0.2216649055 0.3459215164 -0.4006185532
0.6242465973 -0.2286117077 0.3382525444 -0.4020223618
0.6086711884 -0.2392151356 0.3346438408 -0.3935976028
0.5978889465 -0.2512807846 0.3337416649 -0.3767461777
0.5942955017 -0.2644433975 0.3350949287 -0.3528747559
0.5966911316 -0.2768747807 0.3373503685 -0.3261947632
0.6062755585 -0.2871124744 0.3396058083 -0.2981100082
0.6218509674 -0.2940592766 0.3414106369 -0.2721319199
0.6434173584 -0.2969844341 0.3414106369 -0.2510690689
0.6685771942 -0.2951562405 0.3396058083 -0.2377290726
0.6985282898 -0.2885749340 0.3350949287 -0.2328138351
0.7308769226 -0.2772405148 0.3287792206 -0.2384309769
0.7632255554 -0.2618839741 0.3202080727 -0.2545795441
0.7955741882 -0.2428712845 0.3102831841 -0.2798557281
0.8243293762 -0.2220304012 0.2999076843 -0.3128547668
0.8506870270 -0.2000927925 0.2895317078 -0.3514709473
0.8710536957 -0.1785206795 0.2800583839 -0.3928947449
0.8842334747 -0.1584110260 0.2723894119 -0.4343194962
0.8926200867 -0.1404953003 0.2674269676 -0.4729356766
0.8926200867 -0.1258699894 0.2656226158 -0.5052328110
0.8854312897 -0.1145355701 0.2674269676 -0.5291042328
0.8710536957 -0.1072230339 0.2728404999 -0.5431470871
0.8518848419 -0.1035666466 0.2814116478 -0.5459547043
0.8279228210 -0.1032009125 0.2926898003 -0.5382318497
0.8015651703 -0.1046636105 0.3062233925 -0.5192747116
0.7740077972 -0.1079542637 0.3211102486 -0.4918928146
0.7452545166 -0.1119761467 0.3359971046 -0.4574890137
0.7188968658 -0.1152667999 0.3495306969 -0.4181709290
0.6961326599 -0.1170949936 0.3612594604 -0.3781509399
0.6781616211 -0.1170949936 0.3698310852 -0.3381309509
0.6649818420 -0.1149010658 0.3743419647 -0.3023233414
0.6565952301 -0.1101479530 0.3743419647 -0.2714300156
0.6541996002 -0.1032009125 0.3693799973 -0.2482604980
0.6565952301 -0.0940604210 0.3594551086 -0.2321119308
0.6637840271 -0.0841882229 0.3454704285 -0.2243890762
0.6733684540 -0.0739507675 0.3274259567 -0.2243890762
0.6853504181 -0.0644443035 0.3066744804 -0.2307081223
0.6985282898 -0.0567660332 0.2841181755 -0.2412395477
0.7105102539 -0.0516474247 0.2611112595 -0.2559833527
0.7200946808 -0.0501847267 0.2385554314 -0.2707281113
0.7260856628 -0.0523786545 0.2178039551 -0.2854719162
0.7284812927 -0.0585942268 0.1993079185 -0.2981100082
0.7260856628 -0.0688319206 0.1848721504 -0.3065357208
0.7200946808 -0.0823602676 0.1740450859 -0.3114500046
0.7093124390 -0.0980823040 0.1681809425 -0.3114500046
0.6949348450 -0.1156325340 0.1663761139 -0.3079395294
0.6781616211 -0.1331825256 0.1686320305 -0.3002166748
0.6589908600 -0.1492702961 0.1744961739 -0.2910890579
0.6398220062 -0.1631641388 0.1830677986 -0.2805576324
0.6206531525 -0.1737673283 0.1938943863 -0.2707281113
0.6038799286 -0.1792519093 0.2060747147 -0.2623023987
0.5895023346 -0.1799831390 0.2182550430 -0.2573881149
0.5787200928 -0.1748642921 0.2295327187 -0.2559833527
0.5715312958 -0.1649923325 0.2399086952 -0.2594938278
0.5691356659 -0.1500015259 0.2484798431 -0.2665157318
0.5691356659 -0.1313545704 0.2543444633 -0.2777490616
0.5727291107 -0.1105136871 0.2579536438 -0.2910890579
0.5775222778 -0.0889415741 0.2588558197 -0.3058338165
0.5847091675 -0.0677349567 0.2570509911 -0.3212795258
0.5918979645 -0.0494534969 0.2529911995 -0.3346204758
0.5990867615 -0.0351939201 0.2466754913 -0.3458538055
0.6038799286 -0.0260534286 0.2385554314 -0.3521728516
0.6074733734 -0.0234940052 0.2295327187 -0.3542795181
0.6074733734 -0.0275158882 0.2187061310 -0.3500661850
0.6062755585 -0.0388503075 0.2074279785 -0.3416414261
0.6026821136 -0.0571317673 0.1947965622 -0.3268966675
0.5966911316 -0.0808975697 0.1821656227 -0.3086423874
0.5907001495 -0.1090509892 0.1686320305 -0.2875785828
0.5835113525 -0.1401295662 0.1546473503 -0.2644090652
0.5775222778 -0.1726706028 0.1402115822 -0.2412395477
0.5727291107 -0.2037489414 0.1262269020 -0.2194738388
0.5715312958 -0.2322680950 0.1117906570 -0.1998147964
0.5727291107 -0.2563996315 0.0982570648 -0.1843681335
0.5763225555 -0.2743153572 0.0851750374 -0.1731348038
0.5847091675 -0.2849185467 0.0738968849 -0.1661138535
0.5954933167 -0.2878437042 0.0644235611 -0.1647090912
0.6074733734 -0.2830905914 0.0576567650 -0.1675176620
0.6206531525 -0.2706592083 0.0540475845 -0.1738367081
0.6350307465 -0.2516465187 0.0549497604 -0.1829643250
0.6470108032 -0.2275149822 0.0603632927 -0.1941976547
0.6577930450 -0.2000927925 0.0707387924 -0.2061338425
0.6637840271 -0.1708424091 0.0860772133 -0.2180700302
0.6649818420 -0.1419577599 0.1068286896 -0.2293033600
0.6613883972 -0.1156325340 0.1320910454 -0.2391328812
0.6506042480 -0.0933289528 0.1614141464 -0.2468566895
0.6362285614 -0.0768756866 0.1943454742 -0.2538776398
0.6146621704 -0.0670037270 0.2286305428 -0.2594938278
0.5895023346 -0.0640788078 0.2638177872 -0.2651109695
0.5595493317 -0.0684661865 0.2976517677 -0.2700262070
0.5284004211 -0.0798008442 0.3292303085 -0.2763452530
0.4972496033 -0.0962541103 0.3567485809 -0.2840681076
0.4672966003 -0.1174604893 0.3788533211 -0.2931957245
0.4385433197 -0.1408607960 0.3946423531 -0.3051309586
0.4157791138 -0.1646265984 0.4032139778 -0.3191738129
0.3966102600 -0.1869301796 0.4041161537 -0.3346204758
0.3846282959 -0.2055771351 0.3978004456 -0.3514709473
0.3786392212 -0.2187397480 0.3842668533 -0.3683214188
0.3786392212 -0.2249555588 0.3648686409 -0.3844699860
0.3834304810 -0.2234928608 0.3400568962 -0.3978099823
0.3942127228 -0.2132554054 0.3120875359 -0.4083414078
0.4085903168 -0.1946082115 0.2818627357 -0.4132566452
0.4241657257 -0.1682829857 0.2511868477 -0.4132566452
0.4409389496 -0.1350107193 0.2218637466 -0.4062347412
0.4565143585 -0.0966196060 0.1956992149 -0.3928947449
0.4696941376 -0.0545723438 0.1735939980 -0.3739385605
0.4780807495 -0.0114281178 0.1569027901 -0.3486623764
0.4840698242 0.0306191444 0.1456246376 -0.3191738129
0.4840698242 0.0693757534 0.1406626701 -0.2875785828
0.4792785645 0.1030137539 0.1420159340 -0.2538776398
0.4696941376 0.1297047138 0.1483316422 -0.2215805054
0.4577121735 0.1479861736 0.1600604057 -0.1927938461
0.4433345795 0.1571269035 0.1753988266 -0.1682195663
0.4289588928 0.1560299397 0.1934432983 -0.1499652863
0.4157791138 0.1457922459 0.2128415108 -0.1401357651
0.4037990570 0.1264140606 0.2322397232 -0.1380290985
0.3966102600 0.0993573666 0.2502841949 -0.1450500488
0.3930149078 0.0660851002 0.2665247917 -0.1611986160
0.3966102600 0.0284254551 0.2796072960 -0.1843681335
0.4049968719 -0.0121593475 0.2890806198 -0.2138566971
0.4181747437 -0.0527441502 0.2944941521 -0.2475585938
0.4361457825 -0.0922322273 0.2962985039 -0.2840681076
0.4577121735 -0.1284294128 0.2935919762 -0.3205776215
0.4816741943 -0.1598734856 0.2877273560 -0.3556833267
0.5044384003 -0.1851019859 0.2782535553 -0.3858737946
0.5248050690 -0.2037489414 0.2660737038 -0.4104480743
0.5415782928 -0.2150835991 0.2516379356 -0.4280004501
0.5523624420 -0.2191054821 0.2358484268 -0.4364261627
0.5547580719 -0.2161803246 0.2187061310 -0.4364261627
0.5487670898 -0.2070395947 0.2015633583 -0.4272985458
0.5331916809 -0.1924145222 0.1835188866 -0.4097461700
0.5080318451 -0.1737673283 0.1659250259 -0.3844699860
0.4744853973 -0.1521952152 0.1487827301 -0.3535766602
0.4313545227 -0.1287951469 0.1316399574 -0.3177690506
0.3834304810 -0.1050291061 0.1149487495 -0.2784509659
0.2552356720 -0.0860164165 0.0292358398 -0.2307081223
0.3103466034 -0.0944259167 0.0612654686 -0.2728347778
0.3630638123 -0.1002759933 0.0955505371 -0.3107481003
0.4097881317 -0.1039323807 0.1311888695 -0.3423433304
0.4505233765 -0.1053948402 0.1663761139 -0.3662147522
0.4816741943 -0.1053948402 0.1984057426 -0.3809595108
0.5032405853 -0.1042978764 0.2268261909 -0.3865756989
0.5152206421 -0.1032009125 0.2498331070 -0.3830652237
0.5188140869 -0.1028354168 0.2660737038 -0.3704271317
0.5140228271 -0.1035666466 0.2755470276 -0.3514709473
0.5032405853 -0.1061260700 0.2778024673 -0.3261947632
0.4876651764 -0.1108791828 0.2728404999 -0.2981100082
0.4708919525 -0.1178262234 0.2620134354 -0.2679195404
0.4541187286 -0.1269669533 0.2466754913 -0.2384309769
0.4409389496 -0.1368389130 0.2272772789 -0.2124528885
0.4325523376 -0.1474421024 0.2065258026 -0.1913900375
0.4301567078 -0.1569485664 0.1853232384 -0.1766452789
0.4361457825 -0.1649923325 0.1659250259 -0.1696243286
0.4493255615 -0.1697454453 0.1492338181 -0.1696243286
0.4720897675 -0.1704766750 0.1366024017 -0.1787519455
0.5020408630 -0.1657235622 0.1293845177 -0.1941976547
0.5367870331 -0.1554858685 0.1271290779 -0.2159633636
0.5775222778 -0.1390326023 0.1302866936 -0.2419414520
0.6182575226 -0.1170949936 0.1384067535 -0.2707281113
0.6589908600 -0.0900382996 0.1505870819 -0.3002166748
0.6973304749 -0.0593254566 0.1663761139 -0.3283014297
0.7308769226 -0.0260534286 0.1835188866 -0.3528747559
0.7560367584 0.0075845718 0.2015633583 -0.3725337982
0.7740077972 0.0397598743 0.2191572189 -0.3858737946
0.7835941315 0.0679132938 0.2349462509 -0.3928947449
0.7835941315 0.0909478664 0.2480287552 -0.3921928406
0.7740077972 0.1066699028 0.2575020790 -0.3837680817
0.7584342957 0.1139826775 0.2633666992 -0.3697252274
0.7356700897 0.1121544838 0.2656226158 -0.3493642807
0.7093124390 0.1008200645 0.2642688751 -0.3254928589
0.6817550659 0.0807104111 0.2597579956 -0.2988128662
0.6553974152 0.0525569916 0.2534422874 -0.2707281113
0.6314353943 0.0185534954 0.2457733154 -0.2440481186
0.6122665405 -0.0202033520 0.2372021675 -0.2194738388
0.5990867615 -0.0607881546 0.2295327187 -0.1977081299
0.5930976868 -0.1010072231 0.2223148346 -0.1808576584
0.5942955017 -0.1386671066 0.2173528671 -0.1696243286
0.6026821136 -0.1712081432 0.2141947746 -0.1626033783
0.6182575226 -0.1971676350 0.2132925987 -0.1619005203
0.6386241913 -0.2154490948 0.2137436867 -0.1647090912
0.6625862122 -0.2249555588 0.2159991264 -0.1724328995
0.6877460480 -0.2260522842 0.2196083069 -0.1829643250
0.7141036987 -0.2191054821 0.2227659225 -0.1956024170
0.7368679047 -0.2052116394 0.2259240150 -0.2096443176
0.7560367584 -0.1861987114 0.2277283669 -0.2229843140
0.7704143524 -0.1638953686 0.2281794548 -0.2363243103
0.7776031494 -0.1401295662 0.2263751030 -0.2475585938
0.7776031494 -0.1170949936 0.2218637466 -0.2559833527
0.7704143524 -0.0969853401 0.2155480385 -0.2630052567
0.7560367584 -0.0805320740 0.2069768906 -0.2665157318
0.7356700897 -0.0695631504 0.1966013908 -0.2686214447
0.7117080688 -0.0644443035 0.1848721504 -0.2679195404
0.6829528809 -0.0648100376 0.1731429100 -0.2658128738
0.6518039703 -0.0706601143 0.1614141464 -0.2630052567
0.6218509674 -0.0805320740 0.1510381699 -0.2587919235
0.5918979645 -0.0929634571 0.1420159340 -0.2552814484
0.5655403137 -0.1064918041 0.1357002258 -0.2517709732
0.5415782928 -0.1192886829 0.1320910454 -0.2482604980
0.5236072540 -0.1298918724 0.1316399574 -0.2461538315
0.5092296600 -0.1368389130 0.1334447861 -0.2447500229
0.5008430481 -0.1386671066 0.1379556656 -0.2447500229
0.4972496033 -0.1353764534 0.1438202858 -0.2447500229
0.4984474182 -0.1266012192 0.1514892578 -0.2447500229
0.5032405853 -0.1130731106 0.1591582298 -0.2454519272
0.5116271973 -0.0951571465 0.1663761139 -0.2461538315
0.5224094391 -0.0750474930 0.1726918221 -0.2468566895
0.5343894958 -0.0542068481 0.1763010025 -0.2468566895
0.5487670898 -0.0340971947 0.1776542664 -0.2468566895
0.5631446838 -0.0169126987 0.1758499146 -0.2461538315
0.5775222778 -0.0041155815 0.1704363823 -0.2461538315
0.5907001495 0.0024657249 0.1618652344 -0.2461538315
0.6050777435 0.0028314590 0.1496849060 -0.2475585938
0.6182575226 -0.0041155815 0.1352491379 -0.2496643066
0.6314353943 -0.0176439285 0.1185574532 -0.2538776398
0.6434173584 -0.0370221138 0.1005129814 -0.2601966858
0.6541996002 -0.0611536503 0.0820169449 -0.2693233490
0.6661796570 -0.0882103443 0.0639724731 -0.2805576324
0.6757659912 -0.1163637638 0.0472807884 -0.2945995331
0.6841526031 -0.1430544853 0.0328450203 -0.3107481003
0.6913394928 -0.1664547920 0.0206646919 -0.3297052383
0.6961326599 -0.1851019859 0.0120935440 -0.3486623764
0.6985282898 -0.1975333691 0.0066800117 -0.3690233231
0.6973304749 -0.2022864819 0.0048756599 -0.3886823654
0.6925392151 -0.1993615627 0.0066800117 -0.4062347412
0.6817550659 -0.1891238689 0.0116424561 -0.4209794998
0.6673793793 -0.1723048687 0.0193114281 -0.4329156876
0.6482086182 -0.1503672600 0.0292358398 -0.4392347336
0.6242465973 -0.1251387596 0.0400629044 -0.4406385422
0.5966911316 -0.0984477997 0.0517921448 -0.4357242584
0.5643424988 -0.0724883080 0.0635209084 -0.4251918793
0.5307960510 -0.0490880013 0.0738968849 -0.4090433121
0.4948539734 -0.0308065414 0.0833702087 -0.3879804611
0.4601078033 -0.0183751583 0.0910391808 -0.3627042770
0.4265613556 -0.0128905773 0.0964527130 -0.3339176178
0.3966102600 -0.0150845051 0.1000618935 -0.3044290543
0.3726482391 -0.0245907307 0.1009640694 -0.2749404907
0.3534774780 -0.0406785011 0.1000618935 -0.2475585938
0.3414974213 -0.0618848801 0.0978059769 -0.2236862183
0.3367042542 -0.0871133804 0.0941972733 -0.2054319382
0.3414974213 -0.1138043404 0.0901370049 -0.1941976547
0.3534774780 -0.1401295662 0.0860772133 -0.1899852753
0.3726482391 -0.1642611027 0.0829191208 -0.1941976547
0.3978080750 -0.1847362518 0.0811147690 -0.2068357468
0.4277591705 -0.1997270584 0.0806636810 -0.2271976471
0.4625053406 -0.2081365585 0.0824680328 -0.2545795441
0.4972496033 -0.2099647522 0.0865283012 -0.2875785828
0.5319938660 -0.2048459053 0.0932950974 -0.3247900009
0.5643424988 -0.1935114861 0.1018662453 -0.3641090393
0.5918979645 -0.1766924858 0.1117906570 -0.4041290283
0.6146621704 -0.1554858685 0.1235198975 -0.4413404465
0.6290397644 -0.1313545704 0.1361513138 -0.4750423431
0.6374263763 -0.1061260700 0.1483316422 -0.5024242401
0.6362285614 -0.0812633038 0.1596093178 -0.5227851868
0.6290397644 -0.0578629971 0.1699852943 -0.5347213745
0.6134643555 -0.0370221138 0.1781053543 -0.5375299454
0.5918979645 -0.0198376179 0.1835188866 -0.5319128036
0.5655403137 -0.0066750050 0.1857743263 -0.5178709030
0.5355892181 0.0028314590 0.1853232384 -0.4961051941
0.5044384003 0.0083158016 0.1812629700 -0.4687232971
0.4732875824 0.0108752251 0.1749477386 -0.4364261627
0.4445323944 0.0108752251 0.1659250259 -0.4020223618
0.4181747437 0.0094127655 0.1546473503 -0.3662147522
0.3978080750 0.0068533421 0.1429181099 -0.3318119049
0.3810348511 0.0046594143 0.1307377815 -0.2995147705
0.3714504242 0.0028314590 0.1190085411 -0.2707281113
0.3666572571 0.0017344952 0.1086330414 -0.2468566895
0.3678550720 0.0017344952 0.1000618935 -0.2278995514
0.3738460541 0.0028314590 0.0941972733 -0.2145595551
0.3834304810 0.0042939186 0.0914902687 -0.2061338425
0.3966102600 0.0057563782 0.0914902687 -0.2019214630
0.4109859467 0.0068533421 0.0946483612 -0.2012195587
0.4253635406 0.0064876080 0.1009640694 -0.2033252716
0.4397411346 0.0042939186 0.1090841293 -0.2068357468
0.4529209137 -0.0004591942 0.1194601059 -0.2110490799
0.4637031555 -0.0077719688 0.1311888695 -0.2145595551
0.4732875824 -0.0180094242 0.1429181099 -0.2180700302
0.4792785645 -0.0308065414 0.1546473503 -0.2201757431
0.4852676392 -0.0457973480 0.1654739380 -0.2208786011
0.4876651764 -0.0629818439 0.1749477386 -0.2208786011
0.4900608063 -0.0812633038 0.1826167107 -0.2208786011
0.4924564362 -0.0995447636 0.1880297661 -0.2208786011
0.4960517883 -0.1174604893 0.1916389465 -0.2215805054
0.4996452332 -0.1342794895 0.1934432983 -0.2243890762
0.5044384003 -0.1492702961 0.1934432983 -0.2286014557
0.5116271973 -0.1620674133 0.1916389465 -0.2356224060
0.5200138092 -0.1719393730 0.1884813309 -0.2447500229
0.5295982361 -0.1796174049 0.1844210625 -0.2566862106
0.5391826630 -0.1843707561 0.1794586182 -0.2693233490
0.5487670898 -0.1872956753 0.1744961739 -0.2833662033
0.5571537018 -0.1883926392 0.1690831184 -0.2974081039
0.5643424988 -0.1880269051 0.1632184982 -0.3107481003
0.5679359436 -0.1865644455 0.1573538780 -0.3212795258
0.5679359436 -0.1843707561 0.1510381699 -0.3283014297
0.5655403137 -0.1818113327 0.1447224617 -0.3318119049
0.5583515167 -0.1788861752 0.1379556656 -0.3311090469
0.5487670898 -0.1748642921 0.1311888695 -0.3254928589
0.5367870331 -0.1697454453 0.1244220734 -0.3156633377
0.5236072540 -0.1624329090 0.1181063652 -0.3030252457
0.5104274750 -0.1529266834 0.1122417450 -0.2875785828
0.4996452332 -0.1401295662 0.1077308655 -0.2707281113
0.4924564362 -0.1233105659 0.1054754257 -0.2545795441
0.4900608063 -0.1017384529 0.1059265137 -0.2398347855
0.4948539734 -0.0757789612 0.1095352173 -0.2286014557
0.5068340302 -0.0454316139 0.1176552773 -0.2215805054
0.5272026062 -0.0103311539 0.1298356056 -0.2194738388
0.5559558868 0.0276942253 0.1469783783 -0.2229843140
0.5918979645 0.0682790279 0.1686320305 -0.2321119308
0.6326332092 0.1095950603 0.1947965622 -0.2454519272
0.6781616211 0.1498141289 0.2245707512 -0.2623023987
0.7260856628 0.1874740124 0.2565999031 -0.2812595367
0.7716121674 0.2203805447 0.2895317078 -0.3002166748
0.8147430420 0.2470715046 0.3224635124 -0.3184719086
0.8506870270 0.2660841942 0.3526883125 -0.3325138092
0.8794403076 0.2755906582 0.3788533211 -0.3423433304
0.8962135315 0.2759561539 0.3996047974 -0.3465557098
0.9010066986 0.2664499283 0.4135894775 -0.3437471390
0.8938179016 0.2478027344 0.4194540977 -0.3346204758
0.8746490479 0.2203805447 0.4167475700 -0.3191738129
0.8446960449 0.1863770485 0.4059205055 -0.2995147705
0.8051586151 0.1468892097 0.3869733810 -0.2763452530
0.7584342957 0.1041107178 0.3612594604 -0.2524728775
0.7081127167 0.0602350235 0.3305835724 -0.2300052643
0.6565952301 0.0170907974 0.2967495918 -0.2110490799
0.6074733734 -0.0227625370 0.2615623474 -0.1977081299
0.5631446838 -0.0582287312 0.2277283669 -0.1927938461
0.5272026062 -0.0882103443 0.1970524788 -0.1970062256
0.5008430481 -0.1116104126 0.1717896461 -0.2103462219
0.4864673615 -0.1284294128 0.1528425217 -0.2342185974
0.4816741943 -0.1390326023 0.1415648460 -0.2665157318
0.4888629913 -0.1441514492 0.1379556656 -0.3065357208
0.5044384003 -0.1452484131 0.1420159340 -0.3514709473
0.5284004211 -0.1430544853 0.1528425217 -0.3985118866
0.5571537018 -0.1397638321 0.1681809425 -0.4455537796
0.5871067047 -0.1364731789 0.1871275902 -0.4897861481
0.6170578003 -0.1342794895 0.2065258026 -0.5277004242
0.6434173584 -0.1350107193 0.2250218391 -0.5578908920
0.6637840271 -0.1386671066 0.2399086952 -0.5775499344
0.6757659912 -0.1456139088 0.2498331070 -0.5866775513
0.6793594360 -0.1558516026 0.2529911995 -0.5838689804
0.6733684540 -0.1686487198 0.2493820190 -0.5698270798
0.6589908600 -0.1836395264 0.2381043434 -0.5466575623
0.6362285614 -0.1986300945 0.2205104828 -0.5143604279
0.6062755585 -0.2132554054 0.1979546547 -0.4771480560
0.5739269257 -0.2253210545 0.1717896461 -0.4364261627
0.5391826630 -0.2340962887 0.1447224617 -0.3957033157
0.5068340302 -0.2384836674 0.1194601059 -0.3563852310
0.4780807495 -0.2377524376 0.0978059769 -0.3212795258
0.4553165436 -0.2311711311 0.0829191208 -0.2917909622
0.4409389496 -0.2194709778 0.0761523247 -0.2693233490
0.4361457825 -0.2026522160 0.0788593292 -0.2552814484
0.4409389496 -0.1818113327 0.0919418335 -0.2475585938
0.4553165436 -0.1580452919 0.1149487495 -0.2475585938
0.4780807495 -0.1328170300 0.1474294662 -0.2524728775
0.5092296600 -0.1079542637 0.1871275902 -0.2616004944
0.5475692749 -0.0849196911 0.2322397232 -0.2735366821
0.5907001495 -0.0651755333 0.2800583839 -0.2861747742
0.6350307465 -0.0494534969 0.3274259567 -0.2981100082
0.6817550659 -0.0392160416 0.3720865250 -0.3072376251
0.7284812927 -0.0348284245 0.4104318619 -0.3135566711
0.7728099823 -0.0359253883 0.4406566620 -0.3163652420
0.8147430420 -0.0428721905 0.4609570503 -0.3142585754
0.8542804718 -0.0542068481 0.4704303741 -0.3086423874
0.8902244568 -0.0691974163 0.4681749344 -0.3002166748
0.9237709045 -0.0871133804 0.4555435181 -0.2882804871
0.9561195374 -0.1057603359 0.4334387779 -0.2749404907
0.9860706329 -0.1244075298 0.4036650658 -0.2601966858
1.0160236359 -0.1412265301 0.3680262566 -0.2454519272
1.0447769165 -0.1554858685 0.3292303085 -0.2307081223
1.0723342896 -0.1664547920 0.2899827957 -0.2166652679
1.1010875702 -0.1730360985 0.2525401115 -0.2033252716
1.1274452209 -0.1752300262 0.2187061310 -0.1906871796
1.1538028717 -0.1734018326 0.1907367706 -0.1787519455
1.1765670776 -0.1679172516 0.1699852943 -0.1675176620
1.1969356537 -0.1587765217 0.1564517021 -0.1562843323
1.2125110626 -0.1470766068 0.1505870819 -0.1457529068
1.2232933044 -0.1335482597 0.1514892578 -0.1352205276
1.2280845642 -0.1189231873 0.1591582298 -0.1246891022
1.2256889343 -0.1042978764 0.1722407341 -0.1162633896
1.2185001373 -0.0896728039 0.1884813309 -0.1092424393
1.2065200806 -0.0761444569 0.2078790665 -0.1050300598
1.1897468567 -0.0633475780 0.2281794548 -0.1050300598
1.1693782806 -0.0512816906 0.2484798431 -0.1099452972
1.1466159821 -0.0403127670 0.2674269676 -0.1197748184
1.1238517761 -0.0297095776 0.2845692635 -0.1366252899
1.1034832001 -0.0194718838 0.2994565964 -0.1590929031
1.0855121613 -0.0085031986 0.3111853600 -0.1871767044
1.0711345673 0.0031969547 0.3202080727 -0.2201757431
1.0603523254 0.0163595676 0.3260722160 -0.2559833527
1.0555610657 0.0306191444 0.3287792206 -0.2931957245
1.0543613434 0.0467069149 0.3278770447 -0.3304071426
1.0567588806 0.0642571449 0.3238167763 -0.3634061813
1.0603523254 0.0832698345 0.3156967163 -0.3914909363
1.0651454926 0.1026480198 0.3039674759 -0.4111499786
1.0675411224 0.1223921776 0.2886295319 -0.4209794998
1.0675411224 0.1417703629 0.2687802315 -0.4209794998
1.0615501404 0.1600518227 0.2453222275 -0.4090433121
1.0495700836 0.1765050888 0.2187061310 -0.3872785568
1.0315990448 0.1903991699 0.1889324188 -0.3556833267
1.0076370239 0.2013678551 0.1573538780 -0.3163652420
0.9764862061 0.2086806297 0.1253242493 -0.2721319199
0.9405441284 0.2123367786 0.0946483612 -0.2264947891
0.9010066986 0.2119712830 0.0675811768 -0.1822624207
0.8614692688 0.2083148956 0.0450253487 -0.1429443359
0.8231296539 0.2013678551 0.0301384926 -0.1113491058
0.7895832062 0.1914958954 0.0242738724 -0.0895833969
0.7620277405 0.1797957420 0.0287847519 -0.0790519714
0.7416610718 0.1666331291 0.0445742607 -0.0804557800
0.7320747375 0.1527392864 0.0716414452 -0.0930938721
0.7308769226 0.1392109394 0.1095352173 -0.1169662476
0.7416610718 0.1271452904 0.1564517021 -0.1485605240
0.7596321106 0.1165421009 0.2101349831 -0.1857728958
0.7859897614 0.1084980965 0.2683291435 -0.2243890762
0.8183383942 0.1037449837 0.3265233040 -0.2623023987
0.8542804718 0.1022825241 0.3815598488 -0.2960042953
0.8890247345 0.1041107178 0.4298295975 -0.3226842880
0.9225711823 0.1099607944 0.4672727585 -0.3402366638
0.9525241852 0.1187357903 0.4911818504 -0.3472576141
0.9752883911 0.1308014393 0.5002045631 -0.3444499969
0.9920616150 0.1450610161 0.4925351143 -0.3318119049
1.0016460419 0.1611487865 0.4686260223 -0.3114500046
1.0040416718 0.1786990166 0.4302806854 -0.2854719162
1.0004482269 0.1966147423 0.3788533211 -0.2573881149
0.9932594299 0.2141649723 0.3193054199 -0.2307081223
0.9848728180 0.2306182384 0.2547955513 -0.2075376511
0.9776840210 0.2459747791 0.1907367706 -0.1913900375
0.9728927612 0.2595028877 0.1316399574 -0.1843681335
0.9728927612 0.2712030411 0.0815658569 -0.1864748001
0.9788818359 0.2810750008 0.0454764366 -0.1991128922
0.9932594299 0.2898502350 0.0256271362 -0.2215805054
1.0148258209 0.2975282669 0.0233716965 -0.2510690689
1.0435791016 0.3052065372 0.0396118164 -0.2854719162
1.0783233643 0.3139817715 0.0729947090 -0.3212795258
1.1166629791 0.3245849609 0.1212644577 -0.3556833267
1.1562004089 0.3381130695 0.1808118820 -0.3851718903
1.1957378387 0.3560290337 0.2471265793 -0.4062347412
1.2316799164 0.3790636063 0.3152456284 -0.4174690247
1.2616329193 0.4075827599 0.3802065849 -0.4174690247
1.2855930328 0.4419517517 0.4370474815 -0.4055328369
1.2999706268 0.4821710587 0.4821596146 -0.3823633194
1.3071594238 0.5278747082 0.5123844147 -0.3507680893
1.3059616089 0.5783314705 0.5259180069 -0.3128547668
1.2987728119 0.6317133904 0.5227603912 -0.2721319199
1.2879905701 0.6872889996 0.5029110909 -0.2321119308
1.2748107910 0.7421331406 0.4695281982 -0.1970062256
1.2616329193 0.7951493263 0.4257698059 -0.1703262329
1.2532463074 0.8445093632 0.3756957054 -0.1534757614
1.2508487701 0.8876535892 0.3242678642 -0.1492633820
1.2568397522 0.9234852791 0.2750959396 -0.1583900452
1.2712173462 0.9512729645 0.2331418991 -0.1794538498
1.2963771820 0.9702858925 0.2015633583 -0.2110490799
1.3311214447 0.9805231094 0.1830677986 -0.2503671646
1.3730545044 0.9827170372 0.1781053543 -0.2938976288
1.4233741760 0.9779639244 0.1871275902 -0.3374280930
1.4760913849 0.9684576988 0.2092328072 -0.3774490356
1.5312023163 0.9556603432 0.2412619591 -0.4097461700
1.5851173401 0.9424977303 0.2805094719 -0.4308090210
1.6342391968 0.9307975769 0.3229146004 -0.4399366379
1.6773700714 0.9227538109 0.3653197289 -0.4350214005
1.7121143341 0.9201946259 0.4041161537 -0.4167671204
1.7384719849 0.9242162704 0.4356942177 -0.3858737946
1.7552452087 0.9355511665 0.4582505226 -0.3444499969
1.7624340057 0.9534668922 0.4704303741 -0.2974081039
1.7624340057 0.9768671989 0.4722352028 -0.2468566895
1.7552452087 1.0042891502 0.4650173187 -0.1977081299
1.7432651520 1.0331740379 0.4496788979 -0.1527738571
1.7288875580 1.0605959892 0.4298295975 -0.1155614853
1.7121143341 1.0832653046 0.4072737694 -0.0881795883
1.6953411102 1.0982561111 0.3851690292 -0.0727329254
1.6773700714 1.1030092239 0.3671240807 -0.0685205460
1.6593990326 1.0953307152 0.3540415764 -0.0741376877
1.6414279938 1.0737586021 0.3477263451 -0.0888814926
1.6210594177 1.0379271507 0.3486285210 -0.1092424393
1.5970973969 0.9882016182 0.3558464050 -0.1324119568
1.5683441162 0.9267759323 0.3675751686 -0.1555824280
1.5324001312 0.8558437824 0.3824625015 -0.1745386124
1.4880714417 0.7790617943 0.3968982697 -0.1885814667
1.4353561401 0.7000858784 0.4077248573 -0.1949005127
1.3742523193 0.6233038902 0.4126873016 -0.1934957504
1.3059616089 0.5531029701 0.4090781212 -0.1850709915
1.2304821014 0.4931399822 0.3950934410 -0.1710281372
1.1526050568 0.4459736347 0.3707332611 -0.1541776657
1.0735321045 0.4141640663 0.3359971046 -0.1373271942
0.9980525970 0.3988075256 0.2931408882 -0.1239871979
0.9297599792 0.3988075256 0.2439689636 -0.1169662476
0.8722515106 0.4134328365 0.1929922104 -0.1190719604
0.8279228210 0.4393923283 0.1438202858 -0.1324119568
0.7991676331 0.4730303288 0.1005129814 -0.1569862366
0.7871875763 0.5106899738 0.0671300888 -0.1927938461
0.7919807434 0.5472528934 0.0468297005 -0.2377290726
0.8123474121 0.5783314705 0.0418672562 -0.2889823914
0.8446960449 0.6006348133 0.0535964966 -0.3430452347
0.8854312897 0.6101412773 0.0811147690 -0.3942995071
0.9321575165 0.6053879261 0.1235198975 -0.4399366379
0.9776840210 0.5852782726 0.1776542664 -0.4736375809
1.0196170807 0.5505435467 0.2390065193 -0.4932966232
1.0519657135 0.5030119419 0.3030653000 -0.4961051941
1.0723342896 0.4456081390 0.3653197289 -0.4799566269
1.0795211792 0.3827199936 0.4203562737 -0.4462556839
1.0711345673 0.3180036545 0.4645657539 -0.3971080780
1.0495700836 0.2569434643 0.4938888550 -0.3353223801
1.0172214508 0.2035617828 0.5065202713 -0.2658128738
0.9776840210 0.1611487865 0.5015578270 -0.1949005127
0.9345531464 0.1333608627 0.4803552628 -0.1281995773
0.8938179016 0.1209294796 0.4451680183 -0.0706262589
0.8614692688 0.1242201328 0.3991537094 -0.0285005569
0.8434982300 0.1417703629 0.3463726044 -0.0039262772
0.8411026001 0.1713862419 0.2917871475 -0.0004158020
0.8614692688 0.2090461254 0.2394576073 -0.0186700821
0.9034023285 0.2503621578 0.1943454742 -0.0558824539
0.9680995941 0.2909469604 0.1587071419 -0.1099452972
1.0555610657 0.3249504566 0.1352491379 -0.1759433746
1.1597938538 0.3494477272 0.1239709854 -0.2482604980
1.2796039581 0.3600509167 0.1248731613 -0.3212795258
1.4101963043 0.3545665741 0.1352491379 -0.3872785568
1.5443820953 0.3326287270 0.1523914337 -0.4420423508
1.6785678864 0.2946033478 0.1722407341 -0.4806585312
1.8079624176 0.2423183918 0.1902856827 -0.5003175735
1.9313659668 0.1790645123 0.2029170990 -0.4989137650
2.0451850891 0.1088638306 0.2069768906 -0.4778499603
2.1506156921 0.0357379913 0.1997590065 -0.4392347336
2.2488594055 -0.0348284245 0.1803607941 -0.3872785568
2.3423118591 -0.0988135338 0.1492338181 -0.3268966675
2.4369602203 -0.1532921791 0.1081819534 -0.2644090652
2.5364017487 -0.1957051754 0.0603632927 -0.2040271759
2.6454277039 -0.2249555588 0.0107402802 -0.1520709991
2.7700290680 -0.2414088249 -0.0366272926 -0.1120510101
2.9138011932 -0.2476243973 -0.0767769814 -0.0860729218
3.0791378021 -0.2461619377 -0.1051974297 -0.0748395920
3.2660408020 -0.2417743206 -0.1178288460 -0.0769453049
3.4745082855 -0.2384836674 -0.1128664017 -0.0895833969
3.6997489929 -0.2414088249 -0.0898594856 -0.1071367264
3.9393672943 -0.2549371719 -0.0501608849 -0.1246891022
4.1861743927 -0.2827248573 0.0035223961 -0.1373271942
4.4329814911 -0.3262348175 0.0662279129 -0.1380290985
4.6749963760 -0.3869290352 0.1325421333 -0.1232852936
4.9038314819 -0.4633455276 0.1956992149 -0.0895833969
5.1158943176 -0.5532903671 0.2498331070 -0.0355215073
5.3075885773 -0.6527414322 0.2890806198 0.0360937119
5.4765195847 -0.7569456100 0.3084788322 0.1231555939
5.6250829697 -0.8596873283 0.3057718277 0.2193450928
5.7556753159 -0.9554822445 0.2791562080 0.3183422089
5.8742866516 -1.0395770073 0.2313375473 0.4110202789
5.9881048203 -1.1064870358 0.1650228500 0.4889545441
6.1055183411 -1.1543843746 0.0856261253 0.5451240540
6.2337141037 -1.1810753345 0.0008153915 0.5732078552
6.3810796738 -1.1876566410 -0.0817394257 0.5682935715
6.5524063110 -1.1759564877 -0.1548204422 0.5296773911
6.7548837662 -1.1507281065 -0.2112102509 0.4580621719
6.9885120392 -1.1167246103 -0.2450442314 0.3576602936
7.2532901764 -1.0801618099 -0.2527132034 0.2368974686
7.5456247330 -1.0465238094 -0.2333149910 0.1049003601
7.8595247269 -1.0220267773 -0.1886544228 -0.0285005569
8.1866035461 -1.0110578537 -0.1232423782 -0.1513690948
8.5208711624 -1.0158109665 -0.0438451767 -0.2538776398
8.8503465652 -1.0377488136 0.0414161682 -0.3261947632
9.1702375412 -1.0746772289 0.1221666336 -0.3634061813
9.4709587097 -1.1233059168 0.1893835068 -0.3620023727
9.7525100708 -1.1777846813 0.2326908112 -0.3240880966
10.0136938095 -1.2308008671 0.2462244034 -0.2538776398
10.2581052780 -1.2743107080 0.2241196632 -0.1604967117
10.4917325974 -1.2999048233 0.1650228500 -0.0558824539
10.7277574539 -1.3002704382 0.0707387924 0.0459232330
10.9769601822 -1.2684606314 -0.0542211533 0.1287727356
11.2549171448 -1.2011849880 -0.2008347511 0.1800270081
11.5748081207 -1.0966150761 -0.3587265015 0.1863451004
11.9522075653 -0.9569447041 -0.5157155991 0.1379003525
12.3966999054 -0.7869272232 -0.6591715813 0.0297746658
12.9142751694 -0.5942409039 -0.7769136429 -0.1380290985
13.5085287094 -0.3887572289 -0.8590173721 -0.3605976105
14.1734695435 -0.1832737923 -0.8973627090 -0.6266975403
14.9007110596 0.0105094910 -0.8892421722 -0.9222860336
15.6758766174 0.1797957420 -0.8346567154 -1.2291078568
16.4773998260 0.3132503033 -0.7381176949 -1.5261001587
17.2825183868 0.4028294086 -0.6086463928 -1.7943067551
18.0660705566 0.4430487156 -0.4575214386 -2.0147686005
18.8040962219 0.4320797920 -0.2982764244 -2.1734457016
19.4714317322 0.3724822998 -0.1448960304 -2.2598056793
20.0525074005 0.2704718113 -0.0113644600 -2.2738475800
20.5329418182 0.1370172501 0.0923929214 -2.2190828323
20.9103412628 -0.0150845051 0.1591582298 -2.1102561951
21.1859016418 -0.1712081432 0.1875786781 -1.9677276611
21.3740024567 -0.3149001598 0.1812629700 -1.8209867477
21.4950103760 -0.4322671890 0.1510381699 -1.7016277313
21.5764808655 -0.5094149113 0.1131443977 -1.6468629837
21.6531581879 -0.5379338264 0.0887837410 -1.6932029724
21.7609863281 -0.5123398304 0.1027684212 -1.8757514954
21.9371051788 -0.4326326847 0.1821656227 -2.2232952118
22.2186584473 -0.3042969704 0.3531394005 -2.7590055466
22.6331977844 -0.1386671066 0.6400513649 -3.4969229698
23.2046871185 0.0496318340 1.0618476868 -4.4391546249
23.9439105988 0.2408559322 1.6302576065 -5.5772743225
24.8520641327 0.4137983322 2.3479881287 -6.8916244507
25.9171676636 0.5461561680 3.2091743946 -8.3506088257
27.1152591705 0.6167225838 4.1962227821 -9.9156112671
28.4115943909 0.6068503857 5.2816152573 -11.5374851227
29.7594490051 0.5026462078 6.4297132492 -13.1677846909
31.1085014343 0.2953345776 7.5967583656 -14.7517442703
32.4012413025 -0.0161812305 8.7349319458 -16.2381114960
33.5837593079 -0.4267826080 9.7932567596 -17.5812473297
34.5997390747 -0.9236724377 10.7221107483 -18.7411327362
35.4036598206 -1.4882037640 11.4777355194 -19.6868743896
35.9583740234 -2.0951478481 12.0217857361 -20.3981132507
36.2363357544 -2.7163515091 12.3267421722 -20.8671226501
36.2255516052 -3.3200049400 12.3772668839 -21.0953063965
35.9272270203 -3.8761267662 12.1711063385 -21.0946044922
35.3569335938 -4.3547353745 11.7195358276 -20.8874816895
34.5446281433 -4.7309675217 11.0473680496 -20.5013217926
33.5274467468 -4.9839825630 10.1902418137 -19.9684219360
32.3521194458 -5.1006183624 9.1946220398 -19.3224792480
31.0713596344 -5.0750241280 8.1119365692 -18.5979022980
29.7390823364 -4.9097599983 6.9990253448 -17.8248786926
28.4080009460 -4.6132349968 5.9118285179 -17.0293884277
27.1236457825 -4.2026333809 4.9008708000 -16.2317924500
25.9267520905 -3.6995279789 4.0126171112 -15.4447269440
24.8484687805 -3.1291465759 3.2831578255 -14.6766185760
23.9067687988 -2.5196430683 2.7364015579 -13.9267654419
23.1124343872 -1.8984394073 2.3854308128 -13.1909542084
22.4630680084 -1.2914953232 2.2288928032 -12.4621639252
21.9502849579 -0.7211141586 2.2541551590 -11.7305660248
21.5573101044 -0.2059428692 2.4368584156 -10.9856271744
21.2613811493 0.2423183918 2.7458751202 -10.2210292816
21.0421314240 0.6174538136 3.1419575214 -9.4304533005
20.8779926300 0.9183664322 3.5836031437 -8.6131973267
20.7497959137 1.1505408287 4.0302109718 -7.7741765976
20.6479587555 1.3227519989 4.4425339699 -6.9225168228
20.5652904510 1.4474315643 4.7885422707 -6.0722618103
20.5053863525 1.5373764038 5.0416202545 -5.2402615547
20.4802265167 1.6068458557 5.1864290237 -4.4461755753
20.5053863525 1.6668090820 5.2148494720 -3.7103643417
20.6048278809 1.7267723083 5.1295881271 -3.0517854691
20.8049087524 1.7918539047 4.9419226646 -2.4879913330
21.1307907104 1.8627862930 4.6694469452 -2.0302152634
21.6064319611 1.9355463982 4.3360700607 -1.6868839264
22.2522048950 2.0024561882 3.9675054550 -1.4594001770
23.0764923096 2.0521821976 3.5917232037 -1.3428497314
24.0840873718 2.0708289146 3.2339859009 -1.3259992599
25.2642078400 2.0437726974 2.9173002243 -1.3934020996
26.5976829529 1.9571185112 2.6588091850 -1.5253982544
28.0521678925 1.7980699539 2.4706923962 -1.6995220184
29.5881214142 1.5578513145 2.3570103645 -1.8911972046
31.1540279388 1.2313446999 2.3173117638 -2.0793628693
32.6959724426 0.8185496330 2.3439278603 -2.2429542542
34.1564483643 0.3245849609 2.4251294136 -2.3651218414
35.4791412354 -0.2399463654 2.5455782413 -2.4339284897
36.6089401245 -0.8596873283 2.6885828972 -2.4437580109
37.5003204346 -1.5163571835 2.8365499973 -2.3939085007
38.1173400879 -2.1887488365 2.9732391834 -2.2878894806
