49.6149749756 -0.4088748693 4.6323356628 -0.8321584463
49.1580352783 -0.5805969238 5.4305486679 -0.5853729248
48.0217742920 -0.3405299187 6.2246227264 0.0438065529
47.3378868103 -0.0338371992 6.8474621773 0.9313009977
45.7050857544 0.5324803591 6.9566001892 1.2977733612
44.3814773560 1.4598656893 7.2746062279 1.8588740826
42.6862297058 2.5067472458 7.7999744415 2.1317379475
40.8645591736 3.3737397194 7.2832617760 2.2313857079
39.2165260315 4.2897338867 7.1455221176 1.4929506779
37.1237373352 4.5592455864 6.8516020775 0.9708305597
35.2167701721 4.1158628464 6.1373119354 -0.2674890757
33.7256202698 3.6804323196 4.7456130981 -1.4226318598
31.7866668701 2.8446035385 3.8262190819 -2.0831055641
30.2132682800 2.1102175713 2.8624167442 -3.1278948784
28.4951705933 1.2352728844 1.7168432474 -3.6889955997
27.0999774933 0.5305460691 0.9468552470 -4.3321752548
25.7565708160 -0.2760535479 0.0560626984 -4.8271188736
24.3903179169 -0.8443053961 -0.2397391796 -5.3733959198
23.0621433258 -1.3287379742 -0.7206995487 -5.2937874794
21.9456844330 -1.9204161167 -0.9860179424 -5.3879446983
21.0241870880 -2.1879932880 -1.1154782772 -5.4689254761
19.4995269775 -2.1450090408 -0.9608032703 -5.2078657150
18.8202095032 -2.0005819798 -0.8934388161 -5.0942177773
17.6763343811 -2.3618645668 -1.1410691738 -5.2144536972
16.7898674011 -2.3968966007 -0.8042464256 -4.8968443871
16.1181640625 -2.3012566566 -0.6898398399 -4.5457448959
15.1799135208 -2.2993223667 -0.7970960140 -4.5018229485
14.3208646774 -2.4828653336 -0.5554869175 -4.3851556778
13.2348690033 -2.2425832748 -0.3135014772 -4.0513505936
12.7185258865 -2.4731938839 -0.4218869209 -3.7417016029
11.9264945984 -2.0689268112 -0.3338238001 -4.1172327995
11.2426061630 -2.3208146095 -0.2924265862 -3.6645641327
10.4612379074 -2.0278768539 -0.0263553858 -3.8193883896
9.8839693069 -1.9262192249 0.0485358238 -4.0757818222
9.4620599747 -1.9126789570 -0.0154416561 -3.7798588276
8.6806917191 -1.6685285568 0.1836413145 -3.8432707787
8.2938156128 -1.6782000065 0.2382103205 -3.6335444450
8.0242195129 -1.3813936710 0.3812189102 -3.7886431217
7.5977420807 -1.2954251766 0.6525587440 -3.6642894745
7.3052997589 -1.1333744526 0.5818071365 -3.4932692051
6.7813415527 -0.9693896770 1.1274975538 -3.0169923306
6.5086994171 -0.5631883144 0.9901341200 -3.2113461494
6.3838024139 -0.5513676405 0.9020709991 -2.8160502911
5.8674583435 -0.3248406649 0.9385758042 -2.5851864815
5.8948745728 -0.6354018450 1.1248631477 -2.5816178322
5.2231731415 -0.1550527811 1.1862063408 -2.4163620472
5.1531085968 -0.0925107002 0.9878761172 -2.1986746788
5.0784740448 -0.2253321409 0.5723986626 -2.0954585075
4.7190151215 -0.1569870710 0.9223932624 -1.9856541157
4.4844512939 -0.0241657495 0.8358354568 -1.8882026672
4.1021442413 0.1789348722 1.0349183083 -1.8396141529
4.0320796967 0.0871634483 0.7880405188 -1.5612599850
4.1889629364 -0.0319029093 0.4805721045 -1.2977292538
3.7046051025 0.3313140273 0.6506770253 -1.1239637136
3.5599079132 0.2902640700 0.5742803812 -1.1470227242
3.3131599426 0.2610347867 0.4068099260 -1.1585521698
3.1958789825 -0.0671499968 0.2540165186 -1.0355710983
3.2430953979 0.1516398191 0.3251445293 -0.9548649192
2.9689311981 0.2277219892 0.2878869772 -1.0624732971
2.7983398438 0.3197082877 0.1836413145 -1.0814144611
2.6810588837 0.3781668544 0.0346113443 -0.7651777267
2.7039051056 0.1086555719 0.1448785067 -1.0336495638
2.6566886902 0.0695399046 -0.0624839067 -0.8143151999
2.4693412781 0.2238534093 -0.1516760588 -0.6806282997
2.5089435577 0.0461134911 -0.2062450647 -0.6820008755
2.1174983978 0.0226870775 0.0869224072 -0.6680008173
2.0093555450 0.0168842077 -0.2062450647 -0.7495305538
1.7900238037 0.1828034520 0.1305775642 -0.7434913516
1.7001590729 0.0676056147 0.0331059694 -0.5222353935
1.3452682495 -0.0475921631 -0.0436669588 -0.6323143244
1.3056659698 0.1673290730 0.0462778807 -0.1925475597
0.8334941864 -0.2564957142 -0.1783961058 -0.3910190463
0.8289241791 -0.1569870710 -0.0361402035 0.1744738817
0.5791301727 -0.1608556509 0.1858993769 0.1110618114
0.6720409393 0.0794262886 -0.3308130503 -0.0852136612
0.2943038940 0.0637370348 -0.0391509533 -0.1694886088
0.2821178436 -0.2956113815 0.0093966722 -0.0031348467
0.3597984314 0.1868869066 -0.1046338081 0.2420035601
0.3141040802 -0.3405299187 0.0131601095 0.1396108866
0.1145744324 -0.3033485413 -0.3628017902 0.1750228405
0.4618492126 -0.1335606575 0.0662237406 -0.0292134285
0.2425174713 -0.2545614243 0.0112783909 0.0037279129
0.0902042389 0.0480477810 0.1569212675 0.2911410332
0.1998691559 -0.1275428534 -0.1814067364 -0.0638018250
0.3019199371 -0.2096428871 0.0255792141 -0.0887823105
0.0947723389 -0.0222314596 0.0571916103 0.0534144640
0.1526527405 0.0364420414 -0.1204400063 -0.1530179381
0.1496067047 -0.0181479454 -0.0933436155 0.1763954163
0.2821178436 0.1320819855 -0.1163002253 -0.0454095602
-0.0423088074 0.0637370348 0.0109020472 -0.1343511939
-0.0697250366 -0.1490349770 -0.1287194490 0.0907479525
-0.0423088074 -0.2135114670 0.1907917261 0.1838072538
0.2592716217 -0.1140028238 -0.0997413397 -0.1519199014
0.0978183746 -0.0222314596 0.1226744652 0.3120038509
0.0353698730 -0.0181479454 0.0014935732 0.0218456388
-0.1199893951 -0.2019056082 -0.1290957928 0.1187480688
0.0673561096 0.0364420414 -0.0357638597 0.1256108284
-0.1474056244 -0.1041164398 0.2005765438 0.2156504393
0.1023883820 0.0091470480 0.1230508089 -0.1335276365
0.0003376007 0.1593769789 0.1535342932 0.0734537840
0.1100044250 -0.0630664825 0.0379984379 0.1442775726
-0.2494564056 0.0441792011 -0.0097965002 -0.0514488220
-0.0925731659 0.2298712134 -0.1249560118 0.0630222559
-0.0773410797 0.1634604931 0.2160063982 0.2280035019
-0.2174701691 -0.0983135700 0.0872987509 -0.0110957026
-0.0925731659 0.0383763313 -0.0338821411 -0.0953705907
0.1572208405 0.1593769789 0.0379984379 -0.0003897548
-0.1443595886 -0.1314114332 0.1531579494 -0.0835666060
0.0170936584 -0.0826243162 -0.0079149008 0.0698851347
0.2897338867 0.0832948685 -0.0553334951 -0.2609007955
-0.2068080902 -0.0261000395 0.2284255028 -0.0338801146
0.0323238373 0.0325734615 -0.2608141899 0.1763954163
0.0871582031 -0.0710185766 -0.1072680950 0.1846307516
0.0399398804 -0.0983135700 0.0775139332 0.1936895847
0.2425174713 -0.0944449902 0.1953077316 0.0265123248
0.0475559235 -0.0417892933 -0.0609785318 0.0166299343
-0.0544948578 -0.1569870710 -0.2190406322 0.2236113548
0.1496067047 -0.0377057791 -0.0493121147 -0.1329786181
-0.1321735382 0.0910320282 -0.1080207825 -0.2447046638
-0.0225086212 0.0774919987 -0.0402799845 -0.0278408527
0.0871582031 0.0149499178 0.0011172295 0.1162774563
-0.1595916748 0.0130156279 0.0609550476 0.2334936857
-0.0819110870 -0.0690842867 0.1034812927 0.1522383690
0.1724529266 -0.2193143368 0.0639657974 -0.0876842737
-0.0621109009 0.2376083732 0.0556863546 0.1448266506
0.1023883820 0.1516398191 -0.0971070528 -0.1618022919
-0.0925731659 0.1047869921 -0.2480186224 -0.0316840410
-0.0773410797 0.1243448257 0.1531579494 -0.1749787927
0.2973499298 -0.1159371138 0.0624604225 0.2452976704
0.0003376007 0.2571662068 -0.0274844170 -0.0226251483
-0.0544948578 -0.0905764103 -0.1219453812 -0.0547429323
-0.0697250366 -0.0142793655 -0.0933436155 -0.1557630301
0.0247077942 0.1282134056 -0.0049041510 -0.1475276947
0.0323238373 -0.3912513256 0.1429967880 -0.2084691525
0.2668876648 0.0480477810 0.0936964750 0.1291794777
0.1343746185 0.2103133798 -0.0026460886 -0.3059206009
-0.1793918610 -0.1608556509 -0.2788783312 -0.2199986577
-0.0544948578 -0.0514607430 0.1053628922 -0.0281153917
0.0795421600 -0.2096428871 -0.2367285490 -0.1038804650
-0.1245594025 0.1770005226 0.0406327248 -0.1804690361
-0.2723026276 -0.0123450756 -0.0372692347 0.0471006632
0.0353698730 -0.0845586061 0.0067623854 -0.0750567913
-0.2646865845 0.0011949539 -0.0590968132 0.0742772818
-0.0697250366 0.0794262886 0.1949313879 -0.0769783258
0.1450366974 0.0246213675 0.2495005131 -0.1392923594
0.1100044250 -0.1294771433 -0.0380219221 0.0501202345
0.1572208405 -0.1374292374 -0.0963543653 -0.0176839828
-0.0027084351 0.0403106213 0.0575679541 0.0663164854
0.0719261169 -0.0768214464 0.1889100075 -0.0901548862
0.0003376007 0.0755577087 0.1821359396 0.0767478943
0.1221885681 -0.0065422058 -0.0478067398 0.1118853092
0.1694068909 -0.0690842867 -0.0511937141 -0.1801945567
-0.0270786285 -0.1236742735 0.0805246830 0.1184735298
-0.2921028137 -0.0611321926 -0.0587204695 -0.1862337589
0.2044391632 0.0031292439 0.1787488461 0.0180025101
-0.0925731659 0.0267705917 -0.3104908466 0.0575320721
-0.1474056244 0.0287048817 -0.0267317295 0.3877689838
-0.0453548431 -0.1958879232 -0.1275904179 -0.1261158586
-0.0301246643 0.0345077515 -0.4918859005 -0.3369403481
-0.0849571228 0.1400340796 0.0639657974 0.1398854256
-0.1946220398 0.2376083732 0.0485358238 -0.0607821941
0.0597400665 0.0480477810 -0.0173232555 0.0962381363
0.0079536438 0.2103133798 -0.0451723337 0.1017284393
-0.0621109009 0.2492141128 0.1539106369 -0.2768224478
0.0673561096 -0.0377057791 -0.0124309063 0.0171789527
-0.0727729797 0.1105898619 -0.1166765690 0.1160029173
0.1602668762 0.1770005226 -0.0843114853 0.0847086906
0.1922531128 -0.0533950329 -0.0466777086 -0.1909004450
0.2044391632 0.1458369493 0.1207928658 0.0119632483
0.2120552063 0.0403106213 -0.0304951668 -0.1335276365
-0.0773410797 -0.3132349253 0.2141246796 0.0240417123
0.0079536438 -0.0514607430 -0.0094201565 0.0372182131
-0.0453548431 0.0246213675 -0.0764083862 0.1879248619
0.0079536438 0.0267705917 -0.1208163500 0.0429830551
-0.0346927643 -0.0845586061 -0.0353875160 0.1387873888
0.0399398804 0.0618027449 0.0944491625 -0.2189006209
-0.2250862122 0.0618027449 -0.2566744089 0.0641204119
-0.2875347137 0.2257876992 0.0936964750 -0.1887043715
0.2668876648 0.0540655851 -0.4455962181 -0.1917240024
0.1343746185 -0.2545614243 0.1715984344 -0.0854882002
0.0978183746 -0.0611321926 -0.1742563248 -0.0596841574
0.1496067047 0.0207527876 0.1994475126 0.1571795940
-0.0346927643 0.3020847440 -0.1140422821 -0.0146643519
-0.1199893951 0.0287048817 0.0906857252 -0.1195275784
0.0399398804 0.1067212820 -0.0711396933 0.4599653482
-0.0544948578 -0.2857249975 -0.3187702894 -0.0805469751
0.0871582031 -0.1178714037 -0.0267317295 0.0020808578
0.2044391632 0.1828034520 0.1851466894 -0.0374487638
-0.0621109009 -0.1881507635 -0.0120545626 0.1448266506
0.2074851990 0.1028527021 0.1023522615 0.0218456388
-0.0377407074 -0.0241657495 0.1625663042 0.1445521116
0.1069583893 -0.2253321409 0.1143950224 -0.1016843319
-0.0575408936 -0.0026736259 0.0786429644 0.0314534903
0.1343746185 0.0110813379 -0.0158179998 -0.0994882584
-0.0072765350 0.0188184977 0.0602023602 0.1116107702
0.1252365112 -0.1490349770 0.0274609327 0.0915714502
0.1694068909 -0.1784791946 0.0470305681 0.0141593218
-0.1001892090 -0.0299686193 -0.0775374174 -0.2161554694
0.0079536438 -0.0280343294 0.1260615587 -0.1585081816
0.3049659729 -0.0162136555 -0.0764083862 -0.0585861206
0.0719261169 0.0461134911 -0.0639892817 0.1925915480
0.0627880096 0.0306391716 0.0899330378 0.1063951254
0.0871582031 -0.1120685339 0.2596616745 -0.1769003868
-0.1550216675 0.0110813379 -0.1975892782 0.0885518789
0.0399398804 0.1497055292 -0.0135599375 -0.1398413777
0.1023883820 -0.2468242645 -0.2032344341 0.0940420628
-0.1123733521 0.0325734615 -0.0500646830 -0.1211746335
-0.0651569366 -0.0299686193 -0.1923205853 -0.0681939721
-0.0925731659 -0.0162136555 0.0229449272 -0.1285864711
0.3293361664 -0.0026736259 -0.0079149008 0.0959635973
-0.0773410797 -0.2233978510 -0.2307070494 0.1096892357
0.1023883820 -0.0983135700 0.0150418282 -0.0692920685
0.0673561096 -0.1666585207 0.1362227201 -0.1044294834
-0.0301246643 0.0618027449 -0.1008703709 -0.0522723794
0.1343746185 -0.1217399836 0.3778318167 0.1794149876
0.1846370697 -0.1120685339 0.2344470024 0.1357678175
0.2897338867 -0.0611321926 0.1245561838 -0.0407428741
0.1770229340 0.0559998751 0.3322949409 0.2208662033
0.3019199371 0.0951155424 0.0643421412 0.0333751440
0.2821178436 0.0910320282 0.0319769382 0.1020028591
0.1694068909 0.0011949539 0.0628367662 0.0259633064
0.4115848541 -0.2369378805 0.0109020472 0.0083945990
-0.0697250366 0.1574426889 -0.0579677820 0.0819635391
0.1298046112 -0.2173800468 0.0707398653 0.0180025101
0.0125236511 0.0011949539 -0.0647419691 0.0841596127
0.3293361664 -0.0046079159 0.0624604225 0.0978852510
0.2272853851 0.1615262032 0.1373517513 -0.1793709993
0.2272853851 0.1615262032 -0.0673762560 -0.0141153336
0.1023883820 0.0226870775 0.1712220907 0.1225912571
-0.0651569366 -0.1354949474 -0.0060331821 0.1755719185
0.2866878510 -0.1159371138 -0.1185582876 -0.1576846242
0.0323238373 -0.0181479454 0.3067039251 0.2669841051
0.2821178436 -0.0671499968 -0.2085031271 -0.1151353717
-0.0346927643 -0.0261000395 -0.2363522053 -0.1214491725
-0.1047573090 -0.3540699482 0.0466542244 -0.2073711157
0.0170936584 0.1028527021 -0.2265673876 0.0811400414
0.0247077942 0.0929663181 0.1621900797 -0.0508998036
0.0795421600 0.0579341650 0.0267082453 -0.0725861788
-0.0925731659 -0.2741192579 0.0575679541 0.0696105957
-0.1123733521 -0.1041164398 -0.0094201565 -0.0953705907
0.1298046112 0.1224105358 0.0131601095 0.2741214037
-0.0225086212 -0.0591979027 0.0699871778 0.3062391281
0.0201396942 -0.0806900263 0.0244501829 0.1840816736
-0.0575408936 -0.0104107857 0.1072446108 -0.0992137790
-0.0072765350 -0.1159371138 0.1550395489 -0.0141153336
0.3171501160 -0.1589213610 0.0078912973 0.0531399250
0.2501335144 -0.0084764957 0.0812772512 -0.0495272279
0.0399398804 0.0970498323 0.2525111437 -0.0305860043
-0.1078033447 -0.0748871565 0.1159003973 -0.0058799982
0.3597984314 -0.1159371138 0.1478891373 0.0718066692
0.5791301727 0.1301476955 0.2897686958 -0.1362727284
0.2044391632 -0.1999713182 -0.0263553858 -0.0849391818
0.3141040802 -0.0007393360 0.2513822317 -0.0874097943
0.0902042389 -0.1079850197 -0.0301188231 0.0300810337
0.3217201233 -0.1550527811 0.1986948252 0.2603957653
0.2272853851 -0.0591979027 0.1350936890 0.0638458729
0.3597984314 -0.0886421204 0.2649303675 0.0267868638
0.1648368835 0.1692633629 0.2272965908 -0.1406649351
-0.0072765350 0.0403106213 0.3338001966 0.0715321302
0.4146308899 0.1458369493 0.2972954512 0.1574541330
0.4222469330 0.1340162754 0.0929437876 0.0937675238
0.1648368835 -0.1550527811 0.1990711689 0.0210221410
0.3019199371 -0.0417892933 0.1779962778 -0.0272918344
0.2425174713 -0.1881507635 -0.1561920643 0.0114142299
-0.0346927643 -0.1041164398 0.0530519485 -0.0061544776
0.1343746185 -0.0826243162 0.1320829391 0.1420814991
0.1800689697 0.0794262886 0.0221922398 -0.0810959935
0.4542331696 -0.0007393360 0.0876750946 0.1533365250
0.1145744324 0.2591004968 -0.0858168602 -0.1906259656
0.3247661591 -0.1198056936 0.1189111471 -0.1510963440
0.4846954346 -0.0514607430 -0.0376455784 0.1772189140
0.3369522095 -0.1120685339 0.0101493597 0.0029043555
0.3917846680 0.0480477810 0.3951433897 0.2875723839
0.2592716217 -0.0123450756 -0.0843114853 -0.0525468588
0.2196693420 0.1378848553 0.0718688965 0.1555325985
0.4694652557 -0.0456578732 -0.0158179998 -0.1950181127
0.1998691559 0.0871634483 -0.0861932039 -0.2545870543
0.1023883820 -0.0202971697 0.1576739550 0.0709831715
0.5715141296 -0.3014142513 0.2370812893 0.2249838114
0.3293361664 0.0852291584 0.2961664200 0.1409834623
0.3369522095 -0.0591979027 0.1832649708 0.0545125008
0.3445663452 -0.0319029093 0.1915444136 0.0731792450
0.4968814850 0.0091470480 0.0560626984 0.0372182131
0.3841686249 -0.0475921631 -0.0993649960 0.0901988745
0.4618492126 0.1378848553 -0.0248501301 -0.0012133121
0.5044956207 0.0091470480 -0.1019994020 0.0298064947
0.3445663452 0.0110813379 0.1365990639 0.3611413240
0.3917846680 0.1047869921 0.0624604225 -0.0492527485
0.4024467468 -0.0963792801 -0.0316241980 0.0643948317
0.3872146606 0.2199848294 0.1764909029 0.1563560963
0.4146308899 0.0774919987 -0.0338821411 -0.2449791431
0.5044956207 0.1028527021 0.2408447266 0.0180025101
0.3399982452 -0.2642328739 0.1618137360 -0.2194496393
0.5242977142 -0.2154457569 0.0285899639 -0.1708611250
0.4222469330 0.0149499178 0.1862757206 0.0748262405
0.5791301727 -0.1021821499 0.1546632051 -0.0788999200
0.6842269897 0.0168842077 -0.0007644892 0.1769443750
0.2272853851 0.0091470480 -0.0526990891 -0.0827431083
0.0902042389 -0.1939536333 0.1554158926 0.1986308098
0.2745037079 -0.0202971697 0.3055748940 -0.1744297743
0.4298629761 -0.0417892933 0.0850406885 0.2126308680
0.5242977142 0.1047869921 0.2404683828 0.0973361731
0.5715141296 0.1086555719 -0.0986124277 -0.0261937976
0.5395278931 0.2219191194 0.1810069084 0.0229436755
0.1419906616 0.0345077515 0.1181584597 -0.2644694448
0.6491947174 0.2492141128 0.2039635181 0.0926694870
0.4070167542 0.1439026594 -0.0579677820 0.1253362894
0.6263465881 -0.0202971697 -0.0775374174 -0.0668214560
0.5715141296 0.0403106213 0.0974597931 -0.1587826610
0.6446247101 -0.0495264530 -0.0835587978 0.1272579432
0.5867462158 0.1009184122 0.1031049490 0.2148269415
0.5242977142 0.0345077515 0.0752558708 -0.0421154499
0.4192008972 -0.1159371138 -0.0372692347 -0.1887043715
0.5593299866 -0.0456578732 0.2528874874 -0.2943911552
0.3674144745 0.1692633629 -0.0538281202 -0.1442335844
0.4222469330 0.1282134056 0.1004705429 -0.0344291329
0.3597984314 -0.0983135700 0.0910620689 -0.1247432828
0.5715141296 -0.0357714891 0.1949313879 0.1074931622
0.2821178436 0.1439026594 0.3112199306 -0.1851357222
0.6293945312 0.2434112430 0.1708457470 0.0707086325
0.4770793915 0.1907554865 -0.0116782188 0.0767478943
0.6644268036 -0.0123450756 -0.1053864956 -0.2759988904
0.7710456848 0.0091470480 -0.0188286304 -0.0618802309
0.3247661591 0.0832948685 -0.1385042667 -0.1351746917
0.2501335144 -0.0104107857 -0.0199576616 -0.0075270534
0.2501335144 0.0890977383 -0.0391509533 -0.2394889593
0.6187324524 -0.0905764103 0.0481594801 -0.2408614755
0.6568107605 0.2453455329 -0.1381279230 -0.0445860624
0.5517139435 0.1888211966 0.0086439848 0.0372182131
0.5517139435 -0.0845586061 0.0357403755 -0.0399193764
0.3445663452 -0.0826243162 -0.1264613867 -0.0778018832
0.4268169403 -0.2096428871 -0.1640951633 0.0687870979
0.4846954346 0.3293797374 0.0191814899 -0.0942725539
0.5166816711 0.2552319169 -0.1945786476 0.0336496830
0.5989303589 0.2042955756 0.0003645420 -0.2669400573
0.6415786743 0.3136904836 0.0406327248 -0.0953705907
0.6887950897 0.2103133798 -0.0395272970 0.0912969112
0.5867462158 0.0072127581 0.0455251932 -0.1661944389
0.7040271759 0.0226870775 -0.0071622133 -0.1513708830
0.5014495850 0.0345077515 0.0470305681 -0.2562341094
0.5638980865 0.1535741091 0.0443961620 -0.0970176458
0.3872146606 -0.1314114332 -0.1701166630 -0.2205476761
0.7542915344 0.1419683695 -0.0256026983 -0.2867048383
0.6095924377 -0.0007393360 -0.1648478508 -0.3169010878
0.7664756775 0.0422449112 -0.1697403193 0.1722776890
0.6339626312 0.0774919987 -0.1091498137 0.1127088070
0.3567523956 0.0091470480 0.0131601095 -0.1033314466
0.8913726807 0.2199848294 -0.1520524025 0.0967872143
0.5943622589 0.0287048817 -0.1253323555 -0.5606669188
0.4024467468 0.2122476697 -0.3970484734 -0.0492527485
0.7268753052 -0.1140028238 -0.0493121147 0.0051004887
0.5867462158 0.1750662327 -0.1475363970 0.1700816154
0.4024467468 -0.0886421204 -0.0959780216 -0.1074491143
0.6887950897 -0.2369378805 -0.2705988884 -0.0198800564
0.6065464020 -0.1120685339 -0.2231802940 0.0797674656
0.6964111328 -0.1842820644 0.1000941992 -0.1469786763
0.3765525818 -0.2272664309 -0.0365165472 -0.1722337008
0.5715141296 0.1144584417 -0.0018934011 -0.1623513103
0.6415786743 -0.3229063749 0.0425144434 -0.2587047219
0.3674144745 0.1555083990 -0.1893098354 -0.4621174335
0.8517723083 0.0736234188 0.0169234276 -0.0775274038
0.9690532684 -0.0065422058 -0.2672119141 -0.2639204264
0.7893238068 -0.0806900263 -0.2773730755 -0.0915274620
0.9309749603 -0.0142793655 -0.2905448675 -0.0846646428
0.6141624451 -0.1823477745 -0.2702225447 -0.0994882584
0.7085971832 -0.2369378805 -0.3691995144 -0.2713322043
0.5791301727 -0.1685928106 -0.1746326685 -0.2186260819
0.6446247101 -0.0456578732 -0.4279084206 0.1442775726
0.6644268036 0.0072127581 -0.4990363121 -0.0698410869
0.7344894409 0.0774919987 -0.2164062262 -0.2466261983
0.7344894409 -0.0806900263 -0.5148425102 0.0545125008
1.0238857269 -0.1763300896 -0.4241449833 0.0311790705
0.9066047668 -0.1060507298 -0.2608141899 -0.1996847987
1.0863342285 -0.0826243162 -0.2239329815 -0.0514488220
0.9462051392 -0.1451663971 -0.4331769943 -0.0670959353
0.8959426880 -0.0533950329 -0.2378574610 -0.1985867620
0.8365402222 -0.1140028238 -0.4455962181 0.1017284393
0.8715724945 -0.4166120291 -0.2886631489 -0.1316060424
1.0162696838 -0.1763300896 -0.2340941429 0.0740027428
1.1061344147 -0.3815798759 -0.6149485111 -0.0893313289
0.9858074188 -0.0396400690 -0.1501706839 -0.1508218646
1.2904338837 -0.2741192579 -0.3372107744 0.1873759031
1.4305629730 -0.2857249975 -0.3556513786 0.2107093334
1.4183788300 -0.2760535479 -0.0647419691 -0.1587826610
1.4031467438 -0.0417892933 -0.1697403193 -0.0508998036
1.3361282349 -0.2975456715 -0.2062450647 -0.0292134285
1.7747917175 -0.4342355728 -0.3029639721 -0.0379977822
1.4579792023 0.2083790302 -0.0000118017 0.0578066111
1.4457950592 -0.2272664309 -0.0737740993 -0.0618802309
2.1251125336 -0.0495264530 -0.1573210955 0.0951400995
1.9545230865 -0.2721849680 -0.0797954798 -0.2790185213
1.6727428436 -0.0475921631 -0.0579677820 -0.2924695611
1.8402862549 -0.1823477745 -0.1004940271 0.0287084579
1.8677024841 0.0656713247 -0.0662472248 -0.2694106698
2.1875629425 0.1907554865 -0.3695759773 -0.2090181708
1.7275753021 -0.1978222132 -0.1539341211 -0.2112143040
1.9027347565 -0.2956113815 -0.1332354546 -0.0959196091
1.7671756744 -0.4264984131 -0.2243093252 -0.0305860043
2.1022663116 -0.2721849680 -0.7534408569 -0.0967431664
1.8098239899 0.0676056147 -0.4471015930 0.0550614595
1.9073047638 -0.2154457569 -0.3477482796 -0.0824685693
2.0626640320 -0.1198056936 -0.1569447517 -0.1527433991
2.1251125336 -0.2898085117 -0.3443611860 -0.0110957026
2.2774276733 -0.1198056936 -0.2299543619 0.0413359404
2.0718040466 -0.3482670784 -0.1942023039 -0.1145863533
2.1723308563 -0.5182697773 -0.3650598526 -0.0629782677
1.8479022980 -0.3697592020 -0.2912975550 -0.0953705907
2.2241172791 -0.0456578732 -0.2788783312 -0.2167044878
2.0550498962 -0.1529035568 -0.4787139893 0.1629443169
1.7275753021 -0.2545614243 -0.3612964153 0.0407868624
1.9103507996 -0.4439070225 -0.5129606724 -0.0094486475
2.0322017670 -0.1550527811 -0.2009763718 0.0358457565
2.0047855377 -0.4714169502 -0.3654361963 -0.0720371604
2.1525306702 -0.2683163881 -0.5449495316 -0.1118412614
2.0002155304 -0.1804134846 -0.0579677820 0.2620428801
2.2515335083 -0.2233978510 -0.2897921801 0.0803165436
1.9499530792 -0.4479905367 -0.4011883736 0.0512183905
1.8753185272 -0.5356783867 0.0692344904 -0.1793709993
2.1342525482 -0.4694826603 -0.3462429047 -0.0003897548
1.9819393158 -0.5025805235 -0.4267792702 0.1129833460
2.1251125336 -0.2837907076 -0.3910272121 0.1901209354
1.7504215240 -0.1529035568 -0.6217224598 -0.1576846242
2.3840465546 -0.5045148134 -0.1313537359 0.0654928684
2.1418685913 -0.4615305662 -0.2739859819 0.0276103616
2.2043170929 -0.2818564177 -0.1415148973 0.0204730630
2.3596763611 -0.4030719995 -0.1226980686 -0.0511742830
2.1799468994 -0.3171035051 -0.1001176834 -0.0627037883
2.5820541382 -0.1589213610 -0.2303307056 -0.2183516026
2.3947086334 -0.3463327885 -0.1554394960 -0.1516453624
2.4221248627 -0.2584300041 -0.1490416527 -0.0396448374
2.0322017670 -0.2661671638 -0.3424795866 0.0723557472
2.2591495514 -0.0396400690 -0.0978597403 0.1511403322
2.1967010498 -0.1881507635 -0.3059747219 0.1245127916
2.5013275146 -0.1958879232 -0.1878045797 -0.0492527485
2.4937114716 -0.3560042381 -0.1377515793 -0.1112922430
2.5942401886 -0.2233978510 0.0421380997 0.0635713339
2.5515918732 -0.1079850197 -0.2051160336 -0.0539194345
2.7039051056 0.0890977383 -0.0414090157 -0.1642729044
2.8409881592 -0.0377057791 0.0560626984 -0.0130172372
2.8440341949 -0.1335606575 -0.3714575768 0.0904734135
2.7587375641 -0.1374292374 0.0470305681 0.1442775726
2.9034366608 0.1615262032 -0.2028580904 0.0026298761
2.9308528900 0.1673290730 0.0756322145 -0.0459585786
3.1730308533 0.0989841223 -0.0139362812 0.0671399832
2.6262245178 -0.0181479454 0.0007408857 0.0481987000
2.7115211487 0.2337397933 0.1979421377 0.2612193823
3.2354793549 0.2726405263 -0.0767847300 0.0072965622
3.4807052612 0.2629690766 -0.1196873188 0.1009048223
3.4974594116 0.2318055034 0.0884277821 0.1939641237
3.5781860352 0.5247431993 -0.1279667616 0.3194156885
3.5081214905 0.3001504540 0.2133719921 0.1149048805
3.4928894043 0.5988910198 -0.1072680950 0.3872199059
4.0000934601 0.6281203032 -0.2201696634 0.5796521902
4.1798248291 0.7981230617 -0.6172063351 0.5848679543
4.5468997955 0.8176808953 -0.4072096348 0.5349068642
4.4844512939 1.1162065268 -0.7786555290 0.3836512566
4.8880825043 1.1413522959 -0.5961315632 0.6098484993
5.2582054138 1.5146706104 -0.4452199936 0.7789473534
5.6176643372 1.4755549431 -0.7045168877 0.8849085569
5.9542770386 1.6395399570 -0.6943557262 0.6825939417
6.3914184570 1.7684926987 -0.9833836555 1.1918120384
6.6808128357 2.0614304543 -1.0819840431 1.1182429790
7.2352352142 2.6023871899 -1.1741869450 1.4163620472
7.7668094635 2.7468142509 -1.7172431946 1.4207541943
7.9297847748 2.7214536667 -1.7417051792 1.4394209385
8.3638782501 3.0204091072 -1.6935336590 1.5865590572
8.8680372238 3.1356070042 -2.2038483620 1.6947164536
9.3280239105 3.2273783684 -2.1726124287 2.2335817814
9.6417903900 3.0945570469 -2.1586878300 2.0507571697
10.2464752197 3.4695944786 -2.7262058258 2.1185615063
10.3835573196 3.5572824478 -2.8583006859 2.1284439564
11.0126132965 3.4773316383 -3.0916304588 2.4927201271
11.0156593323 3.5261189938 -3.3607120514 2.6406817436
11.5594186783 3.3836259842 -3.4171628952 2.7027211189
11.9219255447 3.8289430141 -3.6504926682 2.5800147057
12.2037057877 3.5476109982 -3.5981817245 2.7474665642
12.1808586121 3.3932974339 -3.8518333435 2.6475443840
12.6728315353 3.0926227570 -3.9511866570 3.0538210869
12.6652154922 3.2995917797 -4.0061321259 2.9286437035
13.3475809097 2.9264883995 -4.2153763771 3.1622529030
13.4618158340 2.6569771767 -4.2699451447 3.0958209038
13.8486928940 2.5750923157 -4.0727438927 3.1284880638
14.4609928131 2.3348102570 -4.4080615044 3.1847624779
15.2895793915 2.3563022614 -4.2153763771 3.4082145691
15.5165262222 2.0418725014 -4.2778482437 3.4084892273
16.2735252380 1.8660669327 -4.5123071671 3.3903713226
17.2498550415 1.4637342691 -4.1453771591 3.4510383606
17.6367321014 1.6376056671 -4.2650527954 3.3401360512
18.5856456757 1.5282106400 -4.4073085785 3.5078620911
19.8589878082 1.4209649563 -4.5213394165 3.3579792976
20.8368415833 1.2294700146 -4.5311241150 3.0735855103
21.8786659241 0.9777972698 -4.3139767647 3.5257053375
22.9920787811 0.6983995438 -4.2635474205 3.0974683762
24.3324394226 0.7121545076 -3.9869389534 3.0755071640
25.4001579285 0.5715960264 -3.9575843811 2.5780930519
26.7405166626 0.5109882355 -3.6279120445 2.5520145893
27.9666423798 0.3624776006 -3.5500102043 2.4674651623
29.2049522400 0.2982161641 -3.4288291931 2.2580132484
30.7555046082 0.2023612857 -3.0965228081 2.2936995029
32.2009582520 0.1907554865 -3.2045316696 2.0120511055
33.5367507935 0.2122476697 -2.8221721649 1.8923642635
34.7567825317 0.1984927058 -2.5651330948 1.8728740215
36.5845451355 -0.0905764103 -2.7149157524 1.9280507565
38.3300590515 -0.1159371138 -2.6802926064 1.4902055264
39.8775672913 -0.0222314596 -2.5858316422 1.5555391312
41.6383132935 0.0929663181 -1.8534774780 1.2233808041
43.6077270508 -0.0787557364 -1.5779979229 1.3197340965
45.2329139709 -0.1374292374 -0.8539230824 0.7778491974
47.1581573486 0.1105898619 0.2250385284 0.5088284016
48.1116409302 0.2083790302 1.3427630663 -0.1719592214
49.0986328125 -0.0319029093 2.5711309910 -0.3981563449
49.3956451416 -0.1958879232 3.3945589066 -0.5428236723
