69.6342468262 0.9342549443 6.2716045380 4.6138081551
71.0832214355 1.4751827717 5.2043123245 3.8849229813
71.2662963867 1.1242185831 5.3094320297 4.3366947174
70.8331604004 2.4982604980 5.6811237335 4.1325907707
68.6340332031 1.1387001276 5.6871590614 3.4234704971
69.6253204346 0.1126408577 3.4801478386 4.2709460258
67.6963348389 -0.3269162774 3.2764470577 3.3883776665
68.7300415039 2.3142600060 3.5113317966 2.0717859268
69.0760955811 0.7936989069 3.3191990852 4.1963229179
67.7275924683 -0.3039162159 3.9262781143 3.4980936050
66.6068191528 -1.6762545109 2.3032093048 1.9665069580
66.3612365723 -1.1148821115 3.1411492825 1.7640166283
65.7316360474 -0.5492504239 2.2770552635 1.7825715542
64.3563385010 -0.0649708807 2.8348436356 2.4142451286
63.1261672974 -1.5459206104 2.0964906216 1.9886922836
62.2085647583 -1.9692926407 2.1744503975 0.0517212152
61.5856628418 -0.4201943874 0.8798178434 2.1544764042
60.1344604492 -1.9467184544 1.5678743124 0.8019849062
61.1101150513 -0.6365655661 1.2142897844 1.3828341961
58.1117095947 -1.6864767075 1.4154758453 1.2162433863
58.6229820251 0.1117890179 1.9888560772 -0.1422985792
57.4553222656 -0.7128065825 1.6820473671 -0.6344069839
56.8815383911 0.0351220667 1.0105888844 -0.1152729392
56.9150314331 -0.4368055463 1.5568090677 0.7027565241
55.6669960022 -1.0710115433 0.6655547619 -0.0809866786
54.6980400085 -2.2142007351 0.4050188065 -1.6908266544
53.3740997314 -1.3900312185 0.4241313934 -0.6783740520
54.1778411865 -0.9508999586 0.9482212067 -0.0358095169
51.5254898071 -0.5449911356 -0.5611772537 1.3521783352
50.7887268066 -0.6842694283 1.5195895433 -0.0483139157
51.6884727478 0.3319935203 0.7118275166 0.3147168756
51.5634460449 -0.0896746814 1.7102134228 0.3421458602
50.8914299011 2.2435560226 0.0282979012 -1.1809700727
50.2037811279 0.9572550058 0.2581529617 0.3885331154
51.1972961426 1.5437570810 0.7757041454 -0.2822671235
51.3580474854 2.1012961864 0.6021811962 -0.2483842373
52.0791816711 4.8668432236 -0.6532199383 0.6559658051
50.4114151001 2.5506496429 0.3914387226 -0.5323550105
51.6014022827 4.8651394844 -0.0562002659 0.1069825888
51.7599182129 5.1632885933 -0.4379508495 -0.4516814947
54.1666793823 5.2088627815 -0.1899890900 -1.0244634151
53.3383789062 4.6108608246 -0.1839535236 0.7100170851
54.7203674316 6.7519979477 -1.0163607597 -0.2358798385
54.0684432983 4.6334347725 0.5176830292 -0.5799523592
54.4546852112 7.3555374146 0.6851704121 -0.3685877919
54.5127334595 7.3610744476 2.0210459232 -0.2366865873
53.8183898926 7.0744252205 3.3403234482 -0.5464729071
54.8052062988 6.0590143204 3.5254147053 0.1731348634
54.6600875854 4.8689727783 5.2772426605 -1.3261823654
55.0708885193 2.7793726921 4.7380638123 -1.9058215618
56.7632141113 5.1879925728 7.9178094864 -2.9340054989
56.7408828735 3.9902844429 7.3454351425 -2.6088912487
55.8835601807 2.5485200882 8.2638492584 -3.4236936569
58.7145195007 0.8260693550 9.2411117554 -3.2216064930
57.9554290771 0.8060507774 9.0660791397 -5.6974768639
59.9759445190 -0.2353418469 10.0136661530 -6.6720128059
58.2970199585 -2.2295341492 9.3125324249 -5.0024743080
57.6718864441 -2.7133877277 10.9310741425 -7.2581057549
57.4285316467 -1.8496069908 10.9270505905 -7.1330618858
54.8431625366 -1.8973107338 11.0573186874 -5.7559647560
53.1262779236 -3.1725375652 10.0232219696 -6.4630684853
49.0070991516 -3.5141315460 10.5815134048 -4.9040527344
46.9084396362 -1.9599220753 10.6297979355 -5.0573325157
41.5635528564 -0.5224169493 9.0318775177 -5.4094724655
39.3264732361 -1.6430320740 7.6321253777 -4.4397764206
35.1068267822 -0.5990839005 6.5839462280 -2.2289190292
31.4743576050 -1.5493280888 6.4365768433 -2.7331285477
28.0227317810 0.3575491607 5.5247011185 -2.6044540405
26.4130172729 0.3158082664 4.4830603600 -3.4958965778
24.4014282227 0.3349750042 4.3794498444 -1.6613807678
20.2018756866 1.1617002487 4.8899593353 -1.7295500040
19.2954330444 1.2400708199 3.9841189384 -1.8513669968
16.5158252716 1.2426264286 3.1788716316 -2.3583998680
14.6024723053 -0.8925479650 2.0160162449 -1.3007702827
12.9481029510 1.4670901299 3.2709143162 0.3853062391
12.8677291870 1.1676630974 3.8191463947 -0.8316537142
11.0994949341 1.1536076069 3.0455858707 -0.0684823394
11.0034942627 1.0679961443 2.6130359173 -0.3399486840
11.5504837036 0.2664006948 2.4807560444 -0.5303381681
10.5569705963 0.8290508389 1.1992007494 -1.3403003216
9.4674530029 2.7521133423 2.0200400352 -0.7340387702
9.1280956268 1.4172567129 1.6035847664 0.7075968981
8.3511447906 0.5500683784 1.7187638283 0.5321320295
8.6056632996 0.7834765911 2.5828580856 -0.5948770046
8.0050888062 0.7310875654 1.7388824224 0.2929350138
5.7724723816 0.8371434808 1.9154231548 -0.0366162658
6.6833801270 0.5168460011 0.6001691818 -0.0269354582
5.6742362976 0.2894007564 1.0100858212 0.2445309162
5.3862285614 -0.0837116838 1.6076085567 0.2485646009
5.4532070160 0.4627532363 0.6720931530 -1.0466486216
6.5047702789 0.2097523212 2.2026162148 -0.3641507328
4.9754276276 0.0244738758 2.0406615734 -0.3282510340
5.7278194427 -0.7157880068 0.3451659679 -0.1632736921
3.9350280762 0.4814940393 2.2353091240 -0.6263396740
4.8459358215 0.4559383988 0.6559984684 0.3175404668
3.7296276093 -0.7881957293 0.0745706558 0.2546151280
3.3880386353 0.1535298973 -0.3318252563 1.0121394396
4.4864845276 1.3669972420 0.8501429558 0.4534753561
4.7968177795 -0.0066188276 -0.3232748508 -1.2362313271
2.9325828552 0.2455302328 0.2440698147 -0.5819692016
4.3458290100 -0.9027701616 0.1942763329 -0.1794084013
3.6246948242 -1.0173447132 1.2308875322 0.0513178706
3.4371528625 -0.7281398773 -0.2709665298 1.5308701992
2.5798301697 -0.3788794279 2.0663127899 0.0420404077
2.3476371765 0.1582151055 1.0588735342 0.3780455589
3.4795722961 0.5960685015 1.3807711601 0.7761694193
2.5686645508 -1.4948093891 0.4246344566 -0.1310042739
2.7271804810 -1.0897523165 -0.1894860268 -0.3459992111
1.8586959839 -1.2665122747 0.6072108746 1.3739600182
2.2650299072 -0.1207673550 0.8410896063 -1.0801281929
3.7385578156 1.3282377720 0.1560509205 -0.4879845977
2.7852287292 0.0044552982 0.3381242752 -0.0317758918
1.5974769592 -0.2413048744 0.1902525425 -1.2588200569
2.2226104736 0.1411780119 -1.0802373886 0.8600698709
2.7963943481 -0.1224710941 -0.4379508495 -0.2762165964
-0.2020111084 -1.3291236162 -0.5284845829 -0.5323550105
1.2201652527 -1.4454017878 -0.4047551155 -1.2797951698
1.7180404663 -0.3635460138 0.6605250835 0.5026861429
3.1446800232 -0.6408247948 1.2515091896 -1.0486655235
2.0261421204 0.0163812637 0.5191917419 -0.6291632056
2.3454055786 -0.5990839005 1.3430488110 1.6478466988
1.1822128296 -0.9709185362 -0.4253766537 -0.0438768864
1.5126380920 -0.7737141848 -0.9041996002 -1.4447724819
3.2585449219 -2.6886839867 -0.5355260372 0.2235558033
1.8921852112 -0.2374715209 -1.0128400326 -0.0229017735
1.0839767456 0.2408450246 0.8481310606 -0.2447539270
1.4635200500 0.5662536025 -0.3705534935 0.0856040716
1.5349655151 -0.9815667868 0.3245444298 -1.0264803171
1.3831481934 0.2531969249 -1.3915729523 -0.0749362111
-0.2399673462 -0.8401588202 -0.4475071430 -0.2431404591
2.3029861450 1.0139033794 1.0754714012 1.3687162399
1.2625846863 -0.8341958523 0.8868594170 0.4675931931
1.2737503052 -1.0918819904 0.4306700230 -0.3439823687
1.9189758301 0.3319935203 1.0387549400 0.4082981348
0.6999664307 -1.2456418276 0.8828356266 -0.9296720624
1.3228645325 0.6105500460 0.5639557838 -0.0999450088
2.9057922363 0.2723636627 0.9527478218 -0.8316537142
1.5505943298 0.5981981754 0.5795476437 -0.3238139749
2.9750022888 0.0538628697 -0.3811159134 -0.6622393727
0.3583755493 -1.3666051626 0.7565913200 0.1489328146
1.2670516968 0.8886806965 0.1449856758 -0.1939296126
0.8227615356 -0.3656756878 -0.0687744617 0.2219423056
1.5885467529 -0.1539897323 0.2133889198 -0.3750416636
2.4235458374 0.0253257453 0.5116474628 -0.4867744744
-0.1350326538 0.1117890179 -0.6994926929 0.1122263670
1.5818481445 -0.4972872734 0.0036525726 1.3166818619
1.2849121094 -0.7984179258 0.8345509768 0.1553866863
1.0772781372 0.2246597856 -0.2035691738 0.3574738503
1.3608207703 1.0036811829 0.7817397118 -0.6872481704
1.5885467529 -0.9628260136 0.8129234314 0.4050712585
0.7267570496 -0.0462300777 1.1197322607 -0.6771639585
0.1574401855 -0.3350089192 0.4472677708 0.8390947580
0.7490844727 0.1454372853 0.7525677681 1.1682426929
1.9189758301 -0.4508611560 1.5522823334 -1.5052776337
1.3451919556 -0.0896746814 -0.2483329773 0.1533698440
0.5369834900 -0.4661945701 -0.5033364296 0.5769058466
2.4123840332 0.7229949236 -0.2417943478 -0.3355116546
1.3072395325 0.6058648825 0.3124730587 0.4688032866
0.6329879761 -0.0164151490 -0.4555547237 0.4889717102
1.2179336548 0.5334571600 0.2611706257 0.1945133209
0.6709403992 -0.8239736557 0.0393631458 0.1981436610
0.7758750916 0.8933659196 0.3436570168 0.3635243177
1.3697509766 1.3529416323 -0.0275313854 -0.2653256953
0.7691764832 -0.0351559520 1.3500903845 -1.5952285528
0.4610748291 0.3831048012 -0.0712893009 -0.8510153890
-0.2980155945 -0.5828986764 -0.1004612446 -0.5081529617
1.4947776794 -0.4538426399 -0.2729783058 1.1980918646
2.5106201172 -0.2600456476 -0.1014671326 0.3429526091
-0.3783874512 0.6953096390 0.6761169434 0.1158566475
0.1842308044 -0.6927880049 -0.8559148312 0.8806415796
2.0752563477 -0.1084154844 -1.0445268154 -0.2483842373
1.0125312805 0.6667724848 -0.2362618446 -0.6751471162
1.3384933472 0.2872711122 -0.1190710068 0.9867272377
1.0303916931 0.7408838272 0.7601122856 0.4163655043
0.6128921509 0.4976792932 1.0457963943 0.6426546574
0.4342842102 0.5168460011 0.5725061893 0.2759935856
0.7647132874 1.3112007380 -0.1814386845 -0.1834420562
1.0683479309 -1.2375491858 0.1309027672 1.3029674292
-0.7043495178 -0.3120087981 -0.1256093979 0.2332366109
2.7428092957 0.2685303092 0.4392204285 0.9193648100
0.5794029236 -0.2745271921 -0.6089589596 -0.5706749558
1.2849121094 -0.4555463791 0.9406766891 -0.8114853501
-0.2332687378 0.7804951072 -0.5123896599 1.1597719193
0.9544830322 0.2097523212 0.1570568085 0.2336400151
0.8406219482 0.3328453600 0.5830683708 0.2243625522
1.1710472107 -0.7157880068 -0.1054909229 -0.2689560056
0.9701118469 0.1224372089 0.6474480629 -1.4544532299
1.0951385498 -0.6761767864 0.3512015343 -0.4496646523
1.7716217041 -0.2289529443 0.5538964272 -0.1862656474
1.3809127808 0.7102171183 0.3124730587 -0.4290929139
1.1330947876 0.8558843136 -1.5107755661 -0.3395453095
1.6912460327 -0.2600456476 -0.5189282894 0.7370426655
1.2737503052 -0.8001216650 -0.3182451725 0.3687680960
1.1822128296 0.6126797199 0.8933979273 1.0746613741
1.0348587036 -0.0960635841 0.4065277576 0.5434262753
0.9924392700 0.4171789885 -0.0878870487 0.4050712585
-1.0682678223 -0.3162680864 -0.3041622639 0.8459519148
-0.4833221436 0.2267894298 0.6308500767 0.4062813520
0.6888046265 -1.5305873156 -0.5269756317 0.5506869555
0.5637779236 0.8678102493 1.0201451778 -0.2193417847
1.3228645325 0.7915692329 -0.3670327663 -0.0781631470
1.0884399414 -0.1105451286 -0.0033888817 -0.3621338904
0.2378158569 0.8328841925 -0.4837207794 -0.6404575109
0.9209938049 -0.6761767864 0.6313531399 1.2953034639
0.1395797729 1.0513849258 0.9301143885 0.3937768936
-0.0702857971 0.7617542744 2.5310525894 0.4022476673
1.8475303650 -0.0837116838 -0.1024730206 0.7672952414
1.4188690186 0.5624202490 0.3989832401 -0.0370196700
1.4635200500 1.4317382574 -0.7070372105 -0.4645892680
1.6265029907 -0.1727305055 0.6087195873 -1.2184832096
0.5861015320 -0.3954905868 0.3220295906 -1.7553654909
-0.7869567871 -0.1148043871 -0.6270658970 0.0948815346
0.7155952454 -0.1889157891 -0.6808831692 0.5535104275
1.0795097351 0.3941789269 0.5061147213 -0.3439823687
1.1643486023 -0.6761767864 0.5252275467 -1.0293037891
0.1842308044 -0.3081754446 -1.2748851776 -0.1660972536
2.0060462952 0.5688091516 0.2385373116 -0.0103973746
0.8785743713 0.0559925139 -0.3936898708 -0.1124493480
1.4032402039 0.2020856291 0.0252799988 1.5764505863
0.0859947205 0.5274941921 1.5814542770 0.5523003340
1.8921852112 0.7498283386 0.0363452435 -0.7013660073
1.3228645325 -0.9692149162 -0.8710038662 0.4708200693
1.4188690186 -1.1711045504 -1.4710412025 -0.7461398244
-0.4922523499 0.5415498018 0.1293938160 -1.5859510899
1.2938423157 -0.4517130256 1.8153331280 -0.3552766442
0.5481491089 -1.4828833342 0.2274720669 0.7616481781
-0.0122375488 -1.3913090229 -0.3152272701 -1.5609422922
1.0795097351 0.1126408577 -1.4901542664 0.7898838520
1.9346046448 0.8499212861 -0.0310521126 0.1069825888
1.0795097351 -0.3103051186 -0.0159630775 -0.1418952346
1.3451919556 -0.5658615828 -0.5214431286 -0.1927195191
2.3945236206 -1.3410495520 -0.9937274456 0.3966004848
0.0167846680 -1.2895122766 0.3330948353 0.8072286844
2.2382392883 0.2664006948 0.1158137321 0.3966004848
1.1822128296 -0.4282870293 0.4970614910 -0.3355116546
1.2469558716 -0.4091202617 -0.3127126694 0.0456706882
1.4746856689 -0.9730482101 -0.2609071732 0.0129979253
0.7535476685 -1.3521236181 0.6705844402 1.6877801418
1.0415573120 0.4998089075 -0.1412014961 0.4010375738
1.9234390259 0.5215312243 0.1505184174 0.3405324221
-0.2109413147 0.1514002681 0.0841269493 0.5805361271
1.1822128296 0.6229019761 0.0313155651 1.1258890629
1.4077072144 1.8167766333 -0.0496618748 0.6414445639
0.9366226196 0.2991970778 0.7988405228 -0.8477884531
1.2246322632 -0.2783605456 0.1957852840 -0.4726566076
2.3096809387 -0.5053798556 -0.6361191273 -1.6521034241
2.1846580505 0.6207723022 0.4543094635 0.2489679456
1.7783203125 -0.2246936560 -1.1607117653 1.6793093681
1.8542289734 -0.3656756878 0.6414124966 0.9419534206
2.0060462952 0.4256975353 -0.2961146832 0.2606655955
0.2757682800 0.0432146788 0.4085395336 0.6930756569
1.2179336548 0.2037893385 -0.0898990631 -0.6029443145
0.1418113708 -0.0896746814 0.0604875088 0.2917249203
2.2650299072 -1.4351794720 -0.1160531044 0.3970038891
0.6240577698 -0.6046209931 0.6690754890 1.1238721609
1.1263961792 -0.2915642858 0.2385373116 -0.4645892680
1.2469558716 0.9495882988 0.4331848621 1.0532828569
0.4878654480 -0.0087484717 0.8199650049 -1.0067152977
1.5885467529 -0.8665663004 -0.2754931450 -0.3867393136
0.9053649902 0.5044941306 0.1751637459 0.1170667410
1.8051109314 0.3405120671 0.3627696037 -0.2524179220
0.7379188538 -0.0688042343 -0.2835404873 -0.6731302738
1.5438957214 0.1164742112 0.8566814661 -0.1306009293
1.9837188721 -0.8529366255 0.6273293495 -1.9485784769
0.3293533325 0.1680114418 0.3446629047 0.5648047924
2.7204856873 1.0492553711 -0.1819415092 0.0331662893
-0.2756881714 -0.4091202617 -0.0587151051 -0.7094333768
2.9102554321 -1.2537344694 0.6861763000 0.7588245869
0.7915039062 0.8371434808 0.4824752808 0.0113844872
1.0460205078 -0.9027701616 0.3999891281 0.8370778561
1.4903106689 0.6893466711 -0.3288073540 -0.3399486840
0.7959671021 0.3319935203 0.8209710121 -1.4145199060
2.4012184143 0.4627532363 -0.5345201492 -0.3746382892
-0.8360748291 -0.9129924774 0.4407293797 0.5099468231
-0.1417312622 -0.2413048744 -0.5596685410 0.5026861429
0.6620101929 -0.5820468068 -0.9353835583 0.1549833417
0.8607139587 1.0931258202 -0.1120295525 0.5607711077
1.8810195923 0.1326594651 -0.0008740425 0.4530719519
1.2581214905 0.4559383988 0.7193720341 -0.7711486220
0.2154884338 -0.0666745901 0.1721458435 -0.1761814654
0.9098320007 0.0044552982 0.1349265575 0.8883055449
0.6977348328 0.2208264470 -1.2532572746 -0.6182723045
1.0795097351 -1.1523636580 -0.2322380543 0.7523707151
1.3161697388 -0.2562122941 0.8239887953 -0.3871426880
1.0951385498 -0.8401588202 -1.6752452850 -0.8026112914
1.6421318054 -1.0066964626 0.6479508877 0.1453024745
0.8785743713 1.6417204142 0.6942236423 -0.1475423574
2.0060462952 0.2455302328 0.4970614910 -0.4137649536
1.6912460327 -1.5080131292 1.3018056154 -0.1350379586
1.1487236023 -0.0381374657 0.2108740807 0.3122966886
0.6776390076 -0.6761767864 -0.7236351967 -0.6743403673
1.7113418579 0.2037893385 0.7777159214 -0.5505065322
0.8294563293 0.8243656158 0.6544895172 0.2965653539
0.8406219482 -0.9964742661 0.5322690010 0.7257484198
0.9544830322 0.1454372853 0.0705468655 0.2614723444
0.5950317383 -0.2374715209 0.4206106663 0.5083333254
2.4503364563 0.9133844972 -0.7211203575 -0.1201133728
0.1083221436 0.5641239882 0.0961980820 -0.8316537142
-0.0122375488 -0.7383621931 0.7027740479 -1.6621875763
0.6620101929 0.6416428089 -0.2699604034 0.8495823145
1.2625846863 0.3013267219 0.5046057701 0.7430932522
2.2650299072 0.3051600754 0.7953197956 -1.0276904106
1.4367294312 -0.7319732904 -0.3891632557 0.8673304319
0.5101928711 0.5811610818 0.5740151405 0.6708904505
0.7848052979 0.3200675249 -0.8800573349 -0.3766551316
1.9346046448 0.9495882988 1.2057393789 -0.6682898998
1.6577568054 0.2306227684 0.1746606827 0.6232930422
1.2893753052 -0.3933609724 1.2052363157 1.9281871319
-0.2868499756 0.9453290701 -0.4414715767 0.2763969302
0.3137245178 -0.0688042343 -1.0902967453 -0.2326529026
1.7939491272 1.1318852901 1.6015728712 -0.2544347644
1.3697509766 0.8490694761 -1.2849440575 0.4240294695
1.1442565918 -1.1229746342 0.5277421474 0.0287292600
0.6620101929 -0.4828057289 -0.4651110172 0.0505111217
2.0172080994 0.8205323219 -0.1673555374 0.7019497156
0.6620101929 -0.1680453420 -0.8141689301 -1.8174840212
1.7872505188 0.9572550058 0.2098681927 0.4998625517
1.7515296936 0.0121219754 -0.7870087624 -0.4718498588
0.4231224060 0.3328453600 -1.1878719330 1.3364468813
1.1710472107 0.8490694761 0.8355569839 1.4074397087
0.5794029236 -0.9381221533 -0.8694949150 0.3921633959
0.2601394653 -0.5173058510 -0.2070899010 -0.6243228316
1.0013694763 0.7140504122 1.1272767782 0.9996349812
0.1194839478 -0.4099721313 -0.2443091869 -1.1446669102
1.5885467529 1.0782184601 1.0332223177 0.3909533024
2.0373039246 0.8243656158 0.3079464436 -0.6049611568
0.0056228638 0.2493635863 -0.1869711876 -1.3286025524
1.1174659729 -0.2553604841 -0.0174720287 -0.9800930023
0.5213546753 1.0513849258 -0.2820317745 -1.0760945082
-0.5212745667 -0.6493433714 0.3959653378 0.0125945807
0.6285209656 0.5355868340 -0.2025632858 0.0246955752
0.3137245178 -0.2455641031 -0.0994553566 -0.7751823068
0.4878654480 0.3179379106 0.5936307907 0.0597885847
2.5307121277 -0.0002299249 -0.3725655079 -1.8844430447
0.8071327209 -0.0381374657 0.5554053783 0.3909533024
-0.5212745667 0.2804562747 0.9426885843 0.5861831903
0.6553153992 0.2408450246 -0.2176520824 -0.2951748967
0.5213546753 -0.3328792453 0.1691281796 -0.2758132517
0.5593109131 -1.0688818693 -0.1899890900 -1.4443690777
1.9011154175 -0.1356748343 -0.1894860268 -0.4117481112
0.0056228638 -0.4261573553 -0.3700506687 -0.1640804112
0.3896331787 0.7540876269 1.6463367939 -0.4464377165
-0.3248062134 -0.7545474768 -0.2734813690 -0.5880197287
1.5974769592 0.3924752176 -1.0334615707 -1.0773046017
0.8674125671 0.5602906346 -0.4092819691 0.3106831908
0.8674125671 -0.8001216650 0.1952822208 0.4050712585
0.2601394653 0.8788843751 -0.1341598034 -0.2201485038
-0.3471298218 -0.0232299864 0.4854931831 0.1928998828
1.3496589661 -0.6927880049 -0.5048451424 -0.7227445245
0.9544830322 -0.0313226283 -0.8539030552 0.2150850892
0.4722404480 -0.7136584520 -0.3559675217 -0.8623096943
0.5414505005 -0.6927880049 0.2898397446 0.4942154884
1.2023048401 0.7187356353 0.3783617020 0.5579475164
0.4387512207 -1.0582337379 1.2399410009 -0.6771639585
0.6128921509 -0.2515271306 0.3506984711 0.5385859013
1.0013694763 0.6079944968 -0.7326884270 0.0057373047
1.4211006165 -0.0960635841 -1.6943578720 -0.9821098447
1.5282669067 -0.6863991022 -0.6486933231 -1.4012087584
1.0036010742 -1.4283646345 1.1418627501 -0.6723235846
1.1710472107 0.0708999634 0.4030067921 0.2739767432
1.6532936096 2.2013890743 0.1042456627 -1.0083286762
0.9209938049 -0.8278069496 0.0433866978 -1.0151859522
1.5550575256 -0.5598986149 -0.4112937450 0.5587542057
1.1263961792 -0.7404918671 1.1524250507 -0.2467707694
1.5505943298 -0.1791194677 -0.0939226151 0.8056151867
1.2179336548 0.4691421390 0.7681596279 -0.4258659780
1.3384933472 0.6514390707 0.3652844429 0.4667865038
0.7736434937 0.1147705019 -0.5053482056 0.1783786416
0.8830413818 -0.2664345503 0.8003494740 0.3131033778
1.2625846863 -1.0211780071 -0.1457281113 0.3518266678
0.8830413818 1.2426264286 -0.3101978302 -0.3294611275
1.4367294312 -1.9007182121 0.5428311825 0.6027213335
1.6108741760 0.0206405222 -1.0052955151 -0.0317758918
-0.1796836853 -0.1561193466 0.4125633240 0.5373758078
1.0728111267 0.2076226920 -0.7789611816 -0.3173601031
0.0167846680 0.2199745923 -0.1633319855 0.1005287170
1.0795097351 -0.9027701616 -0.5385439396 0.1085960269
0.6776390076 0.1266964674 0.6368856430 1.1674358845
-0.4676933289 1.4108678102 -0.0712893009 -0.6344069839
0.0435752869 -0.0479337871 -0.8986670971 0.4595258236
1.5930137634 0.6791243553 0.7741951942 -0.0535576940
1.3384933472 0.0708999634 0.1002218723 1.5345003605
0.4499130249 -0.0875450373 0.4663805962 -1.1914576292
1.5349655151 -0.1454711556 0.1288909912 1.3061943054
0.7580146790 -0.4994168878 0.3225324154 -0.0765496492
1.8430671692 0.3013267219 0.4009950161 0.2259759903
2.7852287292 0.0082886517 1.2399410009 0.3260111809
2.1310729980 -0.7008805275 0.1052515507 -0.5525233746
0.9477882385 1.2571079731 -0.1024730206 -0.3532598019
1.1933746338 -0.3000828624 0.5931277275 0.0134013295
0.4231224060 -0.4926020503 1.0080740452 -0.2407202721
1.6912460327 0.0747333169 1.6086144447 0.5865865946
0.0435752869 -0.2080824971 -0.7870087624 0.4377440214
2.7271804810 0.1999559999 -0.5470943451 -0.3734281957
2.6133193970 -0.5364725590 0.5483639240 1.2291511297
-0.3158760071 -0.3873979449 -1.2763938904 0.4312901497
0.4610748291 -1.2852530479 0.3557281494 0.3917601109
2.6445770264 -0.5620282292 0.6051988602 0.1513530016
0.5570793152 0.1245668232 0.0504283905 0.1045624018
2.0752563477 -0.3350089192 0.7581002712 -0.3032422364
2.3587989807 -1.1191413403 0.3838942051 0.1348149180
0.1395797729 -1.5403835773 1.2746455669 0.0835872889
3.2362174988 0.8162730336 0.0801031590 -0.1790050268
1.4255676270 -0.7089731693 0.5398135185 -0.2108710706
2.4503364563 -0.5428614616 0.3929476738 1.3429007530
1.4077072144 -1.3457347155 0.8853504658 0.0448639989
1.1174659729 -0.0560263991 -0.0481529236 0.4304833412
1.5885467529 -0.7366584539 0.9874523878 0.1065791845
1.6265029907 -0.6616952419 -0.7960619926 -0.3459992111
1.4367294312 -1.3602162600 1.5527852774 0.5607711077
1.3072395325 0.3877899945 -0.0888929367 -0.0535576940
1.6800842285 -0.3997498751 -0.3117065430 0.0892344117
0.3472137451 0.5602906346 1.0563586950 0.8850786686
1.0683479309 0.1394743025 -0.0793366432 0.3736085892
1.4077072144 -0.8256772757 0.1967911720 -0.0543644428
2.3364753723 0.8043470383 -0.2327411175 0.6563692093
0.8517837524 -0.0419707894 -0.5772721767 0.2078244686
1.0303916931 0.0432146788 0.0579726696 -0.6630461216
0.0636711121 -0.1335452199 0.3260531425 0.8874988556
1.5394287109 0.1117890179 -0.9484605789 -0.2612920105
0.6821060181 0.6416428089 0.5694882870 0.3542468548
1.7403640747 0.4648828804 -0.6527171135 1.0359380245
1.4635200500 0.8269212246 -0.0199868679 1.1347631216
2.6222496033 1.5774053335 -0.8453526497 -0.8034180403
0.9656486511 -0.2127677202 0.4734220505 0.9302557707
1.7336692810 0.7102171183 0.0423808098 0.9367096424
1.8921852112 0.9078474045 -0.2040719986 0.0537380576
0.9812774658 0.4274012446 0.6912059784 -1.4826890230
2.1511650085 0.3831048012 -0.4213531017 -0.2641155720
0.4878654480 -0.5173058510 -1.0450298786 0.4333069324
1.3987731934 0.9870699644 -0.8634593487 -1.2874591351
1.2960739136 -0.0172670186 0.7857635021 0.4066846371
0.8406219482 0.8724954128 -1.7506899834 -0.0983315110
0.6396865845 1.1489224434 0.1545422077 1.5631394386
0.4499130249 0.1952707916 1.7157460451 -0.6662730575
2.3253097534 0.8954955339 0.6660575867 -0.4678162038
1.0036010742 1.3133304119 1.3943512440 -0.2818637490
2.4615020752 0.0142516196 0.0368483067 -1.3467540741
0.8674125671 0.9363845587 -0.4630992413 0.2392871380
1.4144020081 1.2532746792 -0.0888929367 0.4627528191
1.2849121094 -1.0024372339 0.3994860649 0.8374812603
-1.0615692139 0.3469009697 -0.5888404846 -0.1693241894
0.8450851440 1.5045717955 0.8254976273 1.7749073505
1.6733856201 0.6305686235 0.4387173653 -0.2318461835
0.9544830322 -1.3538273573 0.6112344265 -0.8195527196
0.8406219482 0.4857533276 1.8062797785 -0.0321792364
1.7292022705 -0.3290458918 0.2410521507 -0.0874406099
2.3253097534 -0.4351018667 0.1912586689 0.2050008774
0.9209938049 0.3575491607 -0.6285746098 -0.6001207829
1.4188690186 1.0445702076 -0.5747573376 2.2073175907
1.3719825745 0.7021244764 0.3642785549 0.6926722527
0.8339233398 -1.1148821115 0.0172326565 -0.0313724875
0.3405151367 -0.2600456476 0.1077663898 1.0577199459
1.7113418579 0.7540876269 -0.2563805580 0.2324298620
2.1734924316 0.0917704105 0.4975643158 0.6890419722
1.2090034485 1.3052377701 0.6368856430 0.6478984356
2.2449378967 0.8081803918 0.4025039673 0.3296414614
1.6488265991 -0.0351559520 0.9079838991 -0.3484193981
2.8723030090 0.0206405222 1.1006195545 -0.9611347318
1.7068748474 0.9223289490 1.0603823662 -0.5799523592
2.0640945435 1.5377941132 0.2068505287 0.9556679726
2.2002830505 1.3052377701 1.0478082895 -0.1531895101
0.6017303467 1.5399237871 0.3768527508 -1.4310579300
2.2873573303 0.9581068754 0.1223523617 -0.0721126199
2.5798301697 0.1224372089 0.3959653378 -0.3298645020
0.6888046265 -0.0172670186 0.5614409447 1.7329571247
0.5972671509 -0.7319732904 0.2536263466 0.4022476673
2.0373039246 -0.1910454035 -2.2617025375 0.7523707151
3.1915664673 0.5709388256 -0.0069096088 0.4579123259
3.6648807526 1.4611271620 0.5171799660 -0.3605204225
2.9750022888 -0.0104521811 1.6800354719 0.3982139826
1.2023048401 -0.7447510958 0.3074436188 -0.4787071347
3.0308189392 0.9201993346 -0.0667626858 -0.1709376872
2.7428092957 0.5355868340 -0.2568833828 0.7568076849
1.9792556763 0.3839566708 -0.5370349884 -0.1923161447
2.5909919739 0.1326594651 -0.8684890270 0.2719599009
2.9437446594 0.4333642423 1.2032245398 -0.1096258163
3.3121261597 0.5215312243 -1.1320428848 0.5204343796
3.7943725586 0.7123467326 -0.3962047100 -0.2871075273
3.6648807526 0.9721624851 0.2903428078 -0.8752174377
3.1982650757 1.7252022028 0.2933604717 -0.1184998751
3.1424484253 0.6791243553 -0.6939601898 -0.4698330462
4.8570995331 1.6898502111 -0.0345728397 -0.1955431104
4.0444259644 0.7476986647 -0.6894335747 1.0339212418
4.5847187042 1.4922199249 0.4603450298 -0.8498052955
4.8079814911 1.3482563496 -1.5852146149 0.6551591158
4.3458290100 0.6041611433 2.4903123379 0.9455837011
3.8591194153 1.6004054546 -0.7130727768 0.6729072332
5.1428737640 0.8350138664 0.9688427448 0.2913215756
4.1850814819 0.4751051366 0.0308127403 0.7108237743
6.0113620758 1.4981828928 -0.7392270565 0.2542117238
4.3302001953 -0.2144713998 -0.0214958191 0.9822901487
6.2011337280 0.9287178516 0.5347838402 0.5260814428
7.2459983826 0.4959755838 0.6127433777 -0.7053996921
5.0468711853 1.8602212667 1.5366903543 1.3162785769
5.7456798553 2.1370739937 0.6067078114 0.2921282649
6.1363887787 1.6519427299 -0.1995453835 0.1703112721
4.5467643738 0.6378093958 0.3693082333 0.3695749044
5.8215885162 1.2843673229 -0.6351132393 -0.0890540481
5.8327522278 1.0036811829 0.1711399555 -0.9224114418
5.7300510406 1.1088851690 -0.4952888489 -0.1915094256
5.3237152100 1.1906633377 0.0011377335 -0.6932986975
4.7543983459 1.6481093168 -0.5833077431 -0.1378615499
4.0332622528 -0.0607116222 0.0237710476 0.2763969302
4.9307746887 0.2455302328 0.3325917721 0.8552293777
6.6387271881 -0.9338629246 0.1736547947 -0.4270760715
4.3302001953 -1.4057905674 -0.0466439724 -0.7703418732
4.8079814911 0.4295308888 -0.3162333965 -0.1834420562
4.8280754089 1.3214230537 1.0573645830 -0.9659751654
5.1651992798 -0.4035832286 0.3512015343 -0.4440175295
4.5534629822 0.5585868955 1.5940284729 1.5115084648
6.3529529572 0.2408450246 1.7202726603 0.7120338678
4.6561622620 -0.3635460138 0.9321262836 1.3017573357
5.8483810425 -0.2208603621 -0.2126224041 -0.0959113240
4.4887161255 0.6953096390 1.3485814333 -0.2992085516
6.0537815094 -0.2289529443 1.6392953396 0.2687329650
5.0446376801 -1.0671782494 0.5046057701 1.3158751726
6.0046634674 -0.1169340611 1.1217441559 -0.2153081000
7.3777236938 0.8580139279 0.7706744671 0.0666458011
6.8017082214 0.7438653708 1.1167144775 0.7092103958
6.7682189941 1.3405897617 1.1680169106 0.3663479090
6.0046634674 -1.1979379654 1.6936155558 0.4389541149
6.9334316254 0.5023645163 1.1509160995 -0.5089597106
6.8351974487 -0.7575289011 -0.3599913120 1.0391650200
6.2390880585 0.2685303092 -0.0934197903 -0.5049260259
7.2995815277 0.6561242938 0.7088096142 1.0750647783
6.4489555359 -1.3708645105 0.3341007233 0.3393222690
7.2415332794 -1.2575677633 0.7701714039 -0.4460343719
8.5744056702 1.4670901299 -0.2820317745 -0.3621338904
7.5273094177 -1.0897523165 -0.2483329773 0.7257484198
7.8688983917 -0.8738070726 -0.0597209930 -1.3193252087
8.0006237030 -0.0296189189 -0.6879246235 -0.0717092752
8.5744056702 0.5602906346 1.5603297949 -0.1225335598
8.1948604584 0.1658817977 0.3713200092 0.3586839437
8.4270534515 -0.6672322750 1.6146500111 0.1553866863
8.7195262909 -0.0998969376 0.5423283577 0.2957586050
9.8001136780 0.7208652496 1.2957700491 -0.4137649536
10.8784675598 -0.5283799767 0.5136592388 0.0775367618
10.8449783325 1.3652935028 0.5594291687 1.7353775501
11.0414485931 1.0117737055 1.9621989727 1.1916379929
9.7242031097 -0.4163610339 0.9210610390 0.5293084383
10.8181858063 0.8013655543 0.9854406118 0.1332014799
10.1082134247 0.5730684400 0.9728664160 -0.2633088529
12.6600952148 1.6813316345 0.1736547947 -0.8074517250
12.0171012878 0.0500295162 -1.7230267525 0.2800272703
11.3986663818 0.2208264470 -0.7206172943 0.7096136808
11.8764457703 1.6498130560 0.1691281796 -0.3193769455
11.9880771637 2.2593152523 -0.7296707630 -2.0461935997
13.0128479004 1.2153670788 -0.6411488056 0.1069825888
11.3495483398 0.8848473430 -1.5318999290 -0.6892650127
13.0240116119 0.9891995788 -0.6718297005 -0.2395101488
12.9704284668 -0.2289529443 -1.4559526443 0.5458464622
13.4035568237 1.5527015924 -0.4605844021 -1.2459123135
11.2245216370 2.3692045212 -0.8010916710 -1.1511209011
14.1179943085 0.2553265691 -2.0273208618 -0.2951748967
12.9481029510 1.4466456175 -1.4876394272 -0.2459640503
13.9684085846 0.8311804533 -1.1984343529 -0.4605555832
13.1602020264 1.6983687878 -2.9894933701 -1.7331802845
14.2385559082 2.0744628906 -2.2129149437 -1.2906860113
13.8433818817 1.8018691540 -2.7304663658 -1.0740776062
15.4196090698 2.7376317978 -0.7523040771 -1.2394583225
14.4238624573 1.8414803743 -1.9981489182 -0.1745679677
14.2608814240 2.7010021210 -2.0001606941 -1.8005425930
12.5149745941 2.4356491566 -3.2766861916 -1.3753931522
13.9349193573 3.8441913128 -4.0261044502 -0.7663081884
15.6272430420 2.7086687088 -2.0585045815 -0.4278828204
13.3276481628 1.5237385035 -3.0407958031 -0.6190790534
12.7962856293 2.1183333397 -2.4141011238 1.0944263935
12.6132106781 3.8744320869 -2.9316520691 -0.9853367805
14.7587547302 1.7686468363 -2.3094844818 0.2602622509
13.6536102295 2.0655183792 -3.2651181221 0.0509144664
14.0800399780 3.1495037079 -2.0811381340 -0.3338981569
13.4794654846 3.1563184261 -1.6234397888 0.0509144664
12.2559909821 2.9101324081 -2.4980964661 -0.7893001437
13.6312828064 2.5451126099 -2.5026230812 0.9617184401
12.7918186188 3.9864511490 -2.4578590393 -0.7368623614
12.9860572815 1.8499989510 -1.9649529457 -1.0438251495
12.1041736603 3.7113020420 -2.6751399040 -0.2435438335
14.5533542633 3.1188368797 -2.3698401451 -0.7175007463
14.0711097717 2.8909657001 -1.4745621681 -0.3230072558
11.7380237579 2.6234831810 -3.3325157166 0.5700485706
13.5397453308 2.0863885880 -2.7898159027 0.0480909348
11.6263942719 3.4621343613 -2.2179446220 0.2425140738
11.0526103973 4.0358586311 -3.2912721634 -0.3895629048
11.5236930847 1.9228326082 -2.9256167412 0.5486700535
12.4993457794 3.4621343613 -2.6942524910 0.0900411606
12.6132106781 2.3027598858 -2.5589551926 -0.2427371144
12.4078102112 1.2818117142 -2.4060535431 -1.3782167435
13.1825275421 2.7086687088 -3.2520408630 -0.3476126790
13.2405757904 0.7251245379 -3.3677229881 0.3219774961
12.1465930939 1.6327759027 -2.0046873093 1.1319395304
11.1061935425 2.7355022430 -4.0014591217 -0.5585739017
12.0930099487 1.9164437056 -1.9810481071 -0.3193769455
12.4346008301 2.0953330994 -2.4724450111 -0.7166939974
12.5573940277 2.9152436256 -2.6434531212 0.7249417305
13.4147205353 3.8003208637 -2.3748698235 0.8568428755
14.7922439575 2.5838720798 -3.2520408630 -0.5545402169
14.2006015778 2.1409072876 -1.3483176231 -2.1458253860
13.3455085754 1.7192392349 -2.0167584419 0.0537380576
14.2876720428 1.0863111019 -2.2209625244 -0.2088542283
15.3124446869 2.1221666336 -1.0802373886 0.0847973824
16.9980697632 2.1221666336 -2.2199563980 -0.4379670024
15.9777641296 0.5939388871 -1.4785857201 -0.8437547684
15.8170146942 2.0684998035 -1.1395874023 -1.6750953197
18.2505683899 0.6791243553 -0.3584823608 -1.7162388563
17.9580955505 1.0679961443 -0.4937801361 -2.0272350311
17.7839508057 2.1472964287 -1.2849440575 -1.0668170452
19.4852046967 1.5586645603 -1.3161282539 -1.9150990248
19.2418498993 1.6498130560 0.7626268864 -1.6347585917
20.6015129089 -0.3179717660 0.2626795769 -3.0138723850
20.2978782654 1.2426264286 -0.5440764427 -2.0002095699
19.4159946442 -0.6046209931 -0.5149044991 -0.8570659161
21.5883293152 -1.3022902012 -0.5662069321 -0.5960870981
20.3961143494 -0.9215110540 -1.3835253716 -1.3983851671
20.9587326050 -1.3291236162 -1.3136134148 -1.5863544941
19.8491210938 -2.0906817913 -1.6319904327 1.6038796902
19.4517154694 -3.1614634991 -2.1525592804 -1.6517000198
19.3021316528 -2.3790347576 -2.1118187904 0.0271158218
17.6432971954 -2.9105923176 -2.2435960770 0.9899542332
18.3733615875 -3.2070376873 -2.3627986908 1.6349389553
18.1411705017 -3.1593339443 -1.9438285828 -0.4331265986
19.3445510864 -2.8160362244 -0.9881947041 -0.9095036983
18.5899257660 -3.0396482944 -2.6364116669 0.1275542974
16.9043006897 -3.6717247963 -0.6054382324 0.5692417622
17.9290714264 -2.5557947159 -1.6239428520 1.1287126541
16.3640060425 -2.9732036591 -1.3216605186 2.0439536572
15.2253723145 -4.6283578873 -2.0831499100 1.2654541731
16.2233524323 -3.8787255287 -1.3246784210 1.3420940638
16.0112533569 -3.7650027275 -0.7724227905 -0.5303381681
14.2385559082 -3.4574830532 -0.7854998112 -0.4524882436
14.1023654938 -3.4745202065 0.5041029453 -0.3217971325
13.6647720337 -3.2619824409 -0.2835404873 0.0585784912
12.9324741364 -3.3339641094 -0.6909422874 -1.3027870655
14.1403198242 -1.3410495520 -1.5474920273 -0.3601170480
12.7002830505 -2.8462772369 -0.0441291332 1.1105611324
12.0104026794 -1.4036608934 -1.8361940384 -0.4738667011
10.5904598236 -2.0940892696 -1.9609293938 -0.6497349739
10.9543762207 -0.6783064604 -0.9404129982 -0.4403871894
11.5996017456 -2.1894969940 -0.7588427067 -1.0256735086
11.7335586548 -1.8453476429 -0.3911750317 0.0803602934
10.6328792572 -2.4075717926 -1.3613948822 1.0649805069
12.2492942810 -1.0373632908 -0.1331539154 -0.2717795670
11.7134647369 -1.2081601620 -0.5918581486 0.7777827978
9.1928405762 -1.0254373550 0.5086295605 0.4958288670
8.9695796967 -2.0928115845 0.9919791222 1.1226620674
9.0454883575 -1.6328098774 0.0775883198 1.4380955696
7.8979225159 -1.5953282118 -1.1682562828 1.5107016563
7.6813583374 -1.2584196329 0.4422380924 -1.1491039991
8.3310508728 -0.6783064604 0.0826179981 -0.1846521795
7.5987529755 -0.6902323961 -1.1134331226 0.5591576099
7.8755970001 -0.1642119884 0.7042829990 0.0662424564
5.6586074829 -0.2723975778 0.4507884979 -0.4298996329
6.1363887787 -0.7490103245 0.2375314236 0.9951980114
6.3618831635 0.2553265691 0.6756141186 -0.4117481112
5.2745971680 -0.6365655661 2.3540089130 0.1610338092
4.9754276276 0.2664006948 -0.0048978329 0.0416370034
4.6003475189 -0.4308425784 0.7963256836 -1.2225168943
4.7142105103 0.2740673721 0.8964157104 -0.4016638994
4.6673259735 0.8469398022 0.9044631720 0.1848325133
4.6025810242 -0.3954905868 -0.0018801689 0.4805009365
3.2563133240 -0.5036761761 -0.0516736507 -0.1063988805
3.1826362610 0.7540876269 0.8798178434 0.5506869555
3.4527816772 0.7706987858 -1.1250014305 0.7394629717
4.4217376709 0.4670125246 -0.8413288593 -0.5968938470
3.4416198730 1.1864039898 0.5543994904 -1.3580484390
3.3724098206 -1.0164928436 -0.2548716068 -0.5162203312
2.6021537781 -1.3410495520 -0.0310521126 0.4736436605
3.1804046631 -0.3141384721 -1.1340546608 0.0287292600
2.4123840332 -0.7238806486 0.4533033371 -0.9530674219
2.0328369141 0.2429746687 -0.8051154613 -0.3052590787
1.7872505188 0.3916233480 0.7902901173 1.0984600782
2.3945236206 -0.0875450373 -0.4962947369 0.3752219677
3.0844001770 -0.4661945701 -0.6426577568 -0.2257956564
3.2473831177 -0.9215110540 -0.2749900818 -0.4222356677
1.6577568054 1.2400708199 -0.8745245934 -0.9026464224
1.5662231445 -0.1416378021 0.1595716476 0.1985470057
1.5885467529 -1.1255302429 -1.6596531868 0.8632967472
2.2226104736 1.0535145998 0.0353393555 1.0351313353
2.1578636169 -0.0002299249 -0.7950561047 -0.0079771876
3.0017929077 0.3290120065 0.4507884979 0.0468807817
1.0348587036 0.1952707916 0.7470350266 0.2961619496
1.8698577881 0.8933659196 -0.9675731659 -1.0087320805
1.4746856689 0.6535687447 -1.3971056938 0.4002307653
2.2159118652 -1.7984955311 -0.1728882790 1.3836410046
1.1822128296 -0.3516200781 -0.7502923012 -0.8518221378
0.9812774658 -0.2762309313 -1.1848540306 0.1751517057
2.1199111938 0.1454372853 -0.6205272675 -0.2863008082
0.8785743713 0.5044941306 -1.8849816322 0.4304833412
1.1643486023 0.0291590989 -0.2865583897 -0.0027334094
1.8162727356 -0.5015465021 0.8385747671 -0.9821098447
1.5327301025 0.1411780119 -0.3036592007 0.5789226294
2.4815940857 0.0538628697 0.0745706558 0.4805009365
1.5974769592 0.5751980543 -0.3504350185 0.6277301311
1.0683479309 -1.0595115423 0.1238613129 0.1146465540
3.3121261597 -1.4074941874 -0.5963850021 -0.6303733587
2.2806587219 0.0708999634 -0.2397825718 0.5006693602
1.0571861267 -0.6135654449 -0.5747573376 -0.3274442852
1.2023048401 0.2804562747 0.3169999123 0.2606655955
1.3005409241 0.7873099446 0.4533033371 -0.3334948123
1.8631591797 -0.2434344888 -0.7849967480 0.7588245869
1.3161697388 0.7289578915 -0.4012343884 1.0149629116
1.5885467529 -0.8588997126 0.2304897308 0.0259056687
0.3896331787 0.6267353296 0.0635054111 0.2792205215
1.0192298889 0.1999559999 0.8028643131 0.8394980431
1.0348587036 -1.7371621132 -0.6491961479 -0.5819692016
1.4478912354 0.5585868955 0.5554053783 -1.1547511816
0.8830413818 -1.0565299988 0.2536263466 -0.4351434112
0.6932678223 -0.8857331276 -1.3216605186 -0.8215695620
2.9169540405 0.6190686226 -0.1220886707 0.7406730652
1.3384933472 0.1454372853 1.0513290167 -0.3685877919
1.8743209839 0.9828106761 0.9502329826 -0.8530322313
0.9589500427 -0.3844164610 0.0162267685 -0.2233754694
3.1491470337 -0.0977672935 -0.4983067513 0.3320617080
1.9412994385 1.3508119583 0.7591061592 0.1396553516
1.6086425781 0.4751051366 -0.1789238453 -0.4089245200
0.0547409058 0.6914762855 1.0518319607 0.6971093416
1.3451919556 -0.1833786964 -0.0929167271 -0.4988754988
1.8966484070 0.3013267219 -1.0153548717 -0.2399135232
1.9680938721 -0.8716775179 -0.1427102089 -0.1709376872
1.1063003540 0.2655488253 -1.0334615707 0.0743098259
1.4211006165 1.0841813087 0.0544519424 -0.4718498588
0.6329879761 -1.4739389420 -0.4646079540 -0.3274442852
-0.0970802307 -0.4678982496 -0.0245134830 -0.4395804703
0.4990310669 -0.7404918671 0.1213464737 -0.0773563981
1.0996055603 -0.7281398773 -0.1064968109 0.3332718015
1.4858474731 -0.9815667868 2.1482961178 -1.5597321987
1.4077072144 0.2020856291 0.5000791550 0.1073859334
0.4052619934 -0.3201014400 -0.2739841938 0.9044402838
0.7155952454 -0.1224710941 0.8843445778 0.0049305558
1.1822128296 -0.1186377406 -0.0677685738 0.1081926823
1.1330947876 -1.2311602831 0.1233582497 -0.8905454278
0.3583755493 -1.0441781282 -0.8403229713 -0.4379670024
1.7225036621 1.1536076069 0.0730617046 -0.0152378082
0.9812774658 0.0828259289 -0.8674831390 -0.7570307255
0.9053649902 -1.1067894697 -0.8780453205 -0.4036807418
0.6709403992 -0.0044891834 1.1720407009 0.0981084704
0.2757682800 0.3809751570 -0.8876018524 0.1122263670
0.9433212280 0.2723636627 -0.1990423203 -0.1378615499
0.0703697205 0.1245668232 0.5518846512 -1.0353543758
1.3496589661 -0.8218439817 -0.6054382324 0.3280280232
1.4211006165 -0.9300295115 0.5503757000 0.2376736403
0.1016235352 0.0708999634 -0.5455853939 -0.2427371144
0.1953926086 -1.6144949198 -1.3226666451 -0.5041192770
1.4836158752 0.1203075647 0.0700440407 -0.5533301234
0.4499130249 1.6127573252 0.9250847101 -0.4807239771
1.0415573120 0.1782336980 -0.1658468246 0.5914269686
1.0571861267 0.4256975353 -0.4334242344 -1.4326714277
1.0772781372 -0.1889157891 -0.2277114391 0.2142783403
0.2445106506 0.5087534189 1.3319835663 0.5575441122
0.9254608154 0.5206793547 -1.0530772209 -0.3032422364
1.2581214905 0.7749580741 -0.4605844021 -0.0103973746
0.9098320007 -0.2306566834 0.3733320236 1.2001086473
0.3092575073 -0.1769897938 0.7545795441 -0.1939296126
1.5617561340 -0.3665274978 0.1384472847 -0.8610996008
1.6957130432 0.6706058383 -0.2573864460 -0.9671852589
0.2646064758 -0.9547333717 -0.2251966000 -1.1523308754
1.2179336548 0.4312345982 1.5130510330 0.1586136222
0.5570793152 -0.7366584539 -0.4756731987 0.1388486028
1.2581214905 -0.0441004336 1.1453834772 -0.7509802580
1.9011154175 1.7937765121 0.8149354458 0.3522300720
0.8406219482 -0.2344900370 -0.0778279305 -0.3375284672
0.6441497803 -0.0066188276 -0.3660268784 -0.5960870981
1.3451919556 -0.0419707894 0.2430639267 1.6813261509
1.0571861267 -1.0088261366 1.1353242397 -0.9397562742
0.5369834900 -0.7528437376 0.1379442215 0.4510551691
0.2646064758 0.3158082664 0.2465846539 -0.2887209952
0.9745788574 -0.9236406088 -0.3086888790 1.1980918646
1.4970092773 -1.2993086576 0.4905228615 -1.2398617268
1.2402610779 1.1595705748 0.9457063675 0.7527740002
0.6888046265 0.0538628697 -0.9700880051 -0.5242876410
2.2806587219 0.0483258069 -0.8247311115 -0.9433865547
0.0547409058 0.0372517109 0.4316759109 0.7140507698
0.5749397278 -0.4747130871 0.7022712231 0.1283610463
0.2980957031 -1.2251973152 0.5619440079 0.2332366109
1.9613952637 0.1411780119 0.4185988903 -0.1931228936
0.2221870422 -0.0104521811 -0.2659368515 0.0021070242
1.6733856201 0.4124937952 0.8959127665 -0.4137649536
1.5349655151 0.9870699644 -0.2096047401 -0.6650629640
0.7736434937 0.0351220667 -0.1603140831 -0.6852313280
-0.9544029236 0.1974004358 -0.9338746071 0.7519673109
0.7267570496 -1.3955682516 0.2656974792 0.3034225702
0.9053649902 -1.2626788616 0.3602547646 -0.5230775476
1.5974769592 -0.9692149162 0.0745706558 0.9117008448
0.0368804932 -0.0828598440 -0.0823545456 -1.2987533808
1.6421318054 0.3788455129 0.6866793633 -0.5222707987
0.4387512207 0.3158082664 -1.0007688999 -1.4173433781
2.2494010925 -0.4764168262 1.3661851883 -1.0740776062
1.4300308228 -0.7136584520 0.9854406118 -0.0273388028
2.2427024841 1.7418134212 -0.5073599815 -0.1834420562
1.1643486023 0.0828259289 -1.4222536087 0.4046678543
1.2558860779 0.3319935203 0.2792775631 0.4954255819
1.9412994385 0.6335501671 0.1811993122 0.0134013295
0.9366226196 0.5453831553 -0.5797870159 -0.0281455517
1.7872505188 0.2664006948 0.3295738697 -0.2112744451
1.8252029419 -0.5224169493 -0.7985768318 -0.0454903841
1.3005409241 -0.4308425784 -0.0562002659 0.6128054857
1.4077072144 0.0082886517 0.6786317825 0.0501077771
1.6265029907 0.4312345982 0.0222623348 0.0303427577
2.2226104736 -2.0340335369 0.6932177544 0.1578068733
1.5215682983 0.3699010611 -0.1970305443 -1.1281288862
0.3137245178 0.5130126476 -0.3675358295 -1.2834253311
-0.1796836853 -1.1979379654 0.4754338264 -0.0862304568
0.2757682800 -0.6949175596 0.0358424187 0.4893749952
1.0616493225 1.3133304119 -0.6934571266 -0.3520497084
0.2757682800 -0.8904182911 0.1449856758 0.0831838846
1.4903106689 0.1765299886 -0.8896136284 -0.1721477807
0.3204193115 -0.0751931369 0.3401362896 0.3715916872
1.9301376343 0.8392730951 -0.8337845802 0.6055449247
0.2757682800 -0.4678982496 0.8602021933 -0.2887209952
0.9656486511 -0.1663416028 0.5589261055 -0.7550138831
0.7155952454 -0.6702138186 0.3506984711 -0.0039435029
0.8830413818 1.5565350056 -0.4771821499 0.0327629447
0.5950317383 1.3299415112 0.2214365005 -0.9228148460
1.1822128296 0.1335113049 1.2650892735 -0.4585387409
1.7024116516 1.0036811829 0.6187789440 1.2347983122
0.4432144165 0.3677714169 -0.0240106583 0.2820441127
1.8921852112 -1.9083850384 -1.0963323116 0.6648398638
2.0440025330 -0.3307496309 -0.0154600143 -0.6771639585
2.0484657288 0.5773277283 0.4905228615 -0.1479457021
-0.1037750244 -0.2396011353 1.1720407009 0.3292381167
0.0926933289 1.0139033794 0.4211137295 -0.1398783922
1.2179336548 -0.5117687583 0.7701714039 -1.0297071934
-0.9276123047 0.3941789269 0.9914761782 0.2316231728
0.6888046265 -0.1978602409 -0.1185679436 0.9068604708
0.8227615356 1.4981828928 -1.0752077103 -0.3827056587
1.2849121094 0.9742920995 -0.4122996330 0.3155236244
1.7180404663 0.4026974738 0.0755765438 0.9193648100
0.6017303467 -1.0211780071 -0.7794642448 -0.0297590494
2.2806587219 0.2574561834 -0.3775949478 -0.5170270205
1.6644554138 -0.8836034536 0.5604350567 -0.2455606759
1.0036010742 -0.6881027222 0.1862289906 -1.3515944481
2.2002830505 0.6953096390 0.7012653351 0.4312901497
1.4635200500 0.0018997192 0.1862289906 -0.6852313280
1.4836158752 -0.3307496309 -1.0047926903 -0.7650980949
1.9011154175 -0.0960635841 -0.2458181381 0.2485646009
-0.9432411194 -1.0233076811 0.9668308496 0.7023531199
1.2782135010 0.8013655543 0.1731517315 -0.9679919481
0.5481491089 0.4342160821 0.5800507069 -0.2286192477
1.0728111267 -1.0688818693 -0.1718823910 0.9044402838
1.6488265991 -1.4432721138 -0.1874742508 -0.4920182526
1.3429603577 -0.0066188276 -0.7477774620 0.4082981348
2.0819549561 -0.2396011353 0.3708171844 0.4889717102
2.2226104736 1.7916469574 -0.9218034744 -0.7187108397
1.8207397461 0.1952707916 -0.6406457424 0.0021070242
0.4275856018 -1.0522707701 -0.3328311443 1.1057206392
2.6780662537 0.4274012446 1.2374261618 0.1473193169
0.8495521545 1.3444230556 -0.4148144722 -0.3173601031
0.7691764832 -0.0807301998 0.3723261356 -0.0765496492
2.5463409424 1.2656264305 0.4834814072 -0.8316537142
-0.3248062134 -1.1919748783 -0.3081858158 -1.0599597692
2.0640945435 -0.3933609724 -0.9389042854 -0.2318461835
-0.2868499756 0.4559383988 -0.3886601925 0.2566319704
0.1395797729 0.0185109079 0.6549923420 0.2372702956
0.8897399902 -0.1480267644 -0.8468616009 -1.2434920073
0.1083221436 -0.2127677202 1.3757416010 0.8427250385
1.6577568054 0.7787914276 -0.0959346294 -0.5880197287
1.6265029907 0.5232349634 -0.1412014961 -0.2947715223
1.9613952637 0.1126408577 -0.2065868378 -0.3641507328
1.2179336548 0.7387542725 -0.6572437286 0.5543172359
0.2221870422 0.8222360015 -0.5264728069 -0.0237085223
1.8051109314 -0.2915642858 0.5654647350 -1.2334078550
1.8542289734 -0.1169340611 0.2314958572 -0.4597488642
0.7088966370 0.8469398022 0.0222623348 -0.3455958366
1.4947776794 1.0177366734 0.2496025562 0.7172776461
1.3608207703 -0.1416378021 -0.1527695656 0.0242922306
1.3987731934 -0.5620282292 0.6595191956 1.2856225967
0.7959671021 -0.4163610339 -0.6230421066 0.9822901487
1.2090034485 0.2723636627 -0.3660268784 0.4522652626
1.9770240784 -0.0313226283 -0.0788338184 -1.4867227077
0.9656486511 0.9244586229 -0.6748476028 -0.1362480521
1.4411964417 0.2097523212 -0.7744345665 -0.2927546799
1.2558860779 0.8103100061 -0.8815662861 0.3933736086
1.8810195923 -0.2792124152 -0.2377707958 -0.0612217188
1.3987731934 0.1556595415 0.8134264946 0.1448991299
2.4168472290 0.2872711122 -0.7387239933 -1.1144144535
2.0373039246 -0.7468807697 -0.1688644886 0.1126297116
1.6309661865 -0.6863991022 0.1686251163 1.3259593248
0.5302886963 0.4401790798 0.6992533207 -0.9437899590
2.3208465576 0.0700481236 -1.0601189137 -0.2580650747
2.0216751099 0.9453290701 -1.4358339310 0.4647696018
1.5059394836 -0.2396011353 -1.2557721138 -1.2777782679
1.3496589661 1.2379412651 -0.3298134804 0.2396904826
1.9457664490 0.2408450246 -0.6849067211 -0.9026464224
1.0192298889 -1.1647155285 -0.8342874050 -0.1592400074
1.2782135010 0.3072897196 0.6781289577 2.0245919228
2.9370498657 0.0244738758 -0.1356687546 0.0517212152
1.9011154175 0.1326594651 0.0876476765 -0.8631163836
1.0192298889 -0.2327862978 -0.3041622639 -0.6763572097
0.6597785950 0.2059189826 0.3914387226 0.5159972906
1.8363685608 -0.0977672935 0.4191017151 -0.4141682982
1.1063003540 -0.1084154844 -1.6988844872 -0.9333024025
1.8095779419 1.0075144768 -1.0973381996 -0.6457012892
2.5642013550 -0.4717316031 -0.3775949478 0.4462146759
0.4878654480 0.1356409490 0.8285154104 -0.1790050268
1.7872505188 0.5147163868 -1.1818363667 -0.4625724256
1.3608207703 -0.6719175577 0.9135165215 -0.4371602535
1.4077072144 0.3366787136 0.5307600498 -0.1124493480
1.8051109314 1.7273318768 -2.0705757141 0.9790632725
2.8187179565 0.8243656158 -0.2251966000 0.8475654125
2.3632659912 0.0785666704 -0.1759059429 -0.4900014400
2.7160186768 1.1906633377 0.4014980793 0.6410412788
2.0819549561 0.6876429319 -0.0778279305 -0.1301975250
2.9057922363 -0.1254525781 -0.9715969563 1.3477412462
2.4771308899 0.7268282175 0.1791872978 0.6967059374
1.8207397461 0.1335113049 -0.5350232124 -0.4867744744
0.8607139587 -0.8674181700 -0.8674831390 -0.3383352160
1.4746856689 0.4768088460 0.2928574085 -0.2947715223
3.7184638977 1.1697928905 -0.5269756317 -0.4766902924
3.0196533203 1.8853509426 -1.4639997482 -0.2826704979
3.4572486877 2.2410004139 0.2083594799 -1.1184480190
4.7476997375 1.4564419985 -1.3840284348 0.7701188326
3.0397491455 0.8976251483 -1.3402705193 -1.6041026115
2.1087455750 0.5960685015 -1.2034640312 0.1864460111
4.0645198822 -0.1748601794 -2.0102200508 0.6721005440
2.4592666626 1.5565350056 -1.3276963234 0.6595960855
2.2605667114 0.9572550058 -1.2678432465 -1.0841618776
3.5175285339 1.5663312674 -1.3483176231 -0.2548381388
2.5150833130 1.1467926502 -0.7105579376 0.5906202793
3.1915664673 0.6437723637 -0.3257896900 0.0847973824
2.9638404846 1.1408298016 -1.5655989647 -0.0596082211
1.9680938721 0.4900125861 -0.9238152504 -0.6973323226
1.7336692810 -0.6881027222 -1.4494137764 -0.0850203633
3.0196533203 0.8767547607 -0.4661169052 -0.4779003859
2.9437446594 2.4181861877 -1.9156627655 -0.5000855923
2.5686645508 1.3405897617 -0.9544961452 0.3344818950
2.2114486694 1.7895172834 -0.3001384735 0.8273971081
2.2114486694 2.7431688309 -0.7372152805 0.2602622509
3.5398540497 0.6812540293 -1.5233497620 0.2808340192
2.5530395508 1.2886265516 -1.3297080994 0.5377790928
2.8298835754 -0.0189707279 -1.9991545677 -0.3076792657
3.3121261597 0.8260693550 -0.8689920902 -0.1983666718
2.9817008972 0.9184955955 -0.6034264565 -0.3871426880
3.4862709045 1.5007385015 -2.0338592529 -0.2189384103
1.8162727356 1.8184803724 -1.7079381943 -0.1741646230
3.4081306458 1.1804410219 -1.0852670670 0.0722929835
1.8631591797 1.0909962654 -0.1029760838 -1.0353543758
2.9147224426 0.6978651881 -1.3478150368 -0.6549787521
2.4548034668 1.0075144768 -1.4418692589 -1.0648002625
3.9461917877 0.5709388256 -2.1681509018 -0.8328638673
1.9881858826 1.0471256971 -1.3558621407 -0.3540665507
2.1132125854 -0.0666745901 -0.6084561348 0.9322726727
2.8946266174 1.3261082172 -1.0324556828 0.8411115408
2.2605667114 0.3102712035 -0.4168262482 -0.5533301234
3.4952011108 0.9142363667 -2.8033962250 -0.6924919486
2.2427024841 0.9474586844 -1.6053328514 -0.4218322933
3.6425552368 0.4274012446 -1.8548035622 -0.2709728181
4.9441699982 0.7332171798 -1.7200093269 1.4481797218
4.2967109680 0.4103641510 -2.1264047623 0.8467587233
3.0241203308 -0.0730634928 -2.2848391533 -0.0817934275
3.1915664673 -0.1663416028 -2.7953486443 0.0448639989
5.6206531525 -0.0334522426 -2.2682414055 0.7096136808
6.2122974396 -0.8925479650 -1.0359764099 -1.5952285528
3.6425552368 0.0849555731 0.6358797550 -0.3314779699
5.0736618042 0.1015667617 0.2752537727 -1.1599949598
5.6742362976 0.0785666704 0.9708546400 0.5297118425
4.9307746887 -0.7490103245 1.2318935394 -0.5424392223
5.2254810333 -0.9423815012 1.7670484781 0.1432856321
6.5427246094 -0.7634918690 0.4618537426 -0.9720256329
4.8280754089 -0.3290458918 1.5407141447 0.2183120251
5.6429805756 1.0679961443 1.1660050154 0.4712234735
6.8284988403 0.0909185708 0.5830683708 -0.8227796555
7.1656246185 -0.7008805275 0.6147551537 -0.5928601623
8.7954349518 -0.2396011353 0.8913860321 -0.1697275639
8.3466796875 0.5671054721 1.4285528660 -0.2992085516
8.4382171631 0.3963085413 0.4296641350 0.7830265760
10.7579059601 -0.4764168262 -0.6255569458 -1.0276904106
11.1061935425 -0.3141384721 0.0614936352 0.7196979523
12.0171012878 -1.5514577627 -1.6923460960 0.6107887030
12.2269668579 0.6999948025 -1.7250390053 -0.9881603718
13.5509090424 -0.8627330065 -0.7613575459 1.0524761677
13.7719383240 -0.4926020503 -2.6092514992 0.4389541149
13.8478469849 -1.4266610146 -1.0651483536 0.6406378746
14.7364292145 -1.1872897148 -1.9242129326 -0.9183777571
16.8842067719 -1.9611999989 -2.2652235031 0.1009320617
17.6901817322 -1.8364031315 -2.9879841805 0.2542117238
17.5673866272 -2.5919985771 -3.0568904877 0.0916545987
19.2954330444 -2.3658308983 -3.5895304680 -0.4177986383
19.5722770691 -1.2021971941 -3.2309165001 -0.8723938465
21.0569686890 -2.1801266670 -3.8908066750 0.4869548082
22.5684490204 -3.1290929317 -4.3580613136 -0.7219377756
23.6914558411 -3.0643520355 -5.1220655441 -0.3092927635
25.3480567932 -4.2147822380 -5.3187246323 0.9209783077
27.3127593994 -2.7551286221 -4.4541277885 0.2227490544
27.8753795624 -4.4273200035 -3.3682260513 1.4259946346
29.4694690704 -3.9754109383 -4.7161726952 0.9246085882
30.9764842987 -4.5448760986 -4.7825641632 2.6296434402
32.7045288086 -3.6738543510 -4.5939521790 1.3162785769
33.0907745361 -3.2845566273 -5.1255865097 3.1540212631
35.7810783386 -4.0001144409 -5.4228391647 2.4606323242
36.3838844299 -5.2280635834 -5.3639917374 3.5569853783
38.4959373474 -4.8732657433 -5.1869478226 3.5581955910
38.2146301270 -5.7178802490 -5.1582789421 2.6187524796
40.0900268555 -5.1352114677 -4.9701700211 3.2822921276
43.1308517456 -4.5849132538 -4.2479119301 3.2992334366
44.0797119141 -5.2455263138 -4.9928035736 3.7481818199
44.5619583130 -5.9419178963 -5.0139279366 3.9865717888
45.5867309570 -5.2416930199 -4.1221709251 4.3217701912
46.2810745239 -5.1922855377 -3.7162780762 4.7537770271
48.7682113647 -5.9155106544 -4.1126146317 3.8070731163
51.2665100098 -4.6453948021 -2.3431830406 5.8331885338
52.0099716187 -5.6382317543 -2.6872110367 4.5758919716
52.5123062134 -6.5948648453 -2.7551116943 4.5492696762
55.4392700195 -4.9874143600 -0.9132530689 5.0099153519
54.4211959839 -4.3344678879 -0.4122996330 5.6270675659
56.7475814819 -6.0939741135 0.5433342457 5.4314346313
58.1608276367 -5.5394163132 0.4880080223 5.1236648560
59.8308258057 -5.6612315178 1.4597367048 5.3455171585
59.5227279663 -3.5486316681 2.0170221329 3.7808542252
62.0522804260 -5.3328418732 1.3893215656 5.0506553650
61.6526412964 -3.0115370750 2.4269387722 4.3108792305
62.1840057373 -3.0549817085 3.3604421616 3.8486199379
64.2156829834 -2.9259257317 4.2909278870 5.9586358070
64.5773696899 -1.4701055288 4.0474925041 3.8607211113
63.7713966370 -2.5046832561 5.7278995514 5.2067584991
65.8209381104 -2.7227582932 4.1772575378 3.6848530769
66.8657989502 -1.8896441460 6.0030212402 5.3047771454
68.0468597412 -0.3081754446 5.8752679825 4.1104054451
68.5670623779 0.2864192724 6.7368474007 4.0535306931
67.4083251953 -0.6949175596 5.9280796051 4.2128610611
69.6632690430 0.0291590989 6.3445348740 5.1147909164
72.0856628418 0.2553265691 5.6997332573 5.2301540375
71.1680603027 0.6126797199 6.5175542831 3.7062315941
70.2415161133 0.1582151055 4.2738270760 4.8275933266
71.7485351562 1.4155529737 5.2661771774 3.9248566628
