36.8022460938 -0.6175823212 -2.5079498291 -2.4736785889
36.8022460938 -0.6226844788 -2.4768524170 -2.4736785889
36.8022460938 -0.6379890442 -2.4146499634 -2.4736785889
36.7247314453 -0.6481914520 -2.3524475098 -2.4513320923
36.7247314453 -0.6583938599 -2.2902450562 -2.4513320923
36.7247314453 -0.6685962677 -2.2591476440 -2.4513320923
36.7247314453 -0.6839008331 -2.2280426025 -2.4736785889
36.7247314453 -0.6992053986 -2.2280426025 -2.4960174561
36.7247314453 -0.7094078064 -2.2280426025 -2.5183563232
36.8022460938 -0.7247123718 -2.2280426025 -2.5630416870
36.8022460938 -0.7349147797 -2.2280426025 -2.5630416870
36.8796386719 -0.7298126221 -2.2591476440 -2.5630416870
36.9570312500 -0.7196102142 -2.2591476440 -2.5630416870
36.9570312500 -0.7094078064 -2.2280426025 -2.5630416870
36.9570312500 -0.6992053986 -2.2280426025 -2.5407028198
36.9570312500 -0.6634960175 -2.1969451904 -2.5407028198
36.9570312500 -0.6226844788 -2.1658401489 -2.5183563232
37.0345458984 -0.5716705322 -2.1347427368 -2.5183563232
37.0345458984 -0.5359611511 -2.1036376953 -2.4960174561
37.0345458984 -0.5308589935 -2.1036376953 -2.4513320923
37.0345458984 -0.5563659668 -2.1347427368 -2.4289932251
37.0345458984 -0.6124820709 -2.1658401489 -2.4289932251
37.1119384766 -0.6685962677 -2.1658401489 -2.4513320923
37.1119384766 -0.7043056488 -2.1658401489 -2.4736785889
37.1119384766 -0.7298126221 -2.1347427368 -2.4736785889
37.1893310547 -0.7502193451 -2.1036376953 -2.4960174561
37.1893310547 -0.7604217529 -2.0414352417 -2.4960174561
37.1893310547 -0.7706241608 -2.0414352417 -2.4736785889
37.1893310547 -0.7859287262 -2.0414352417 -2.4513320923
37.1893310547 -0.8063335419 -2.0414352417 -2.4289932251
37.1119384766 -0.8267383575 -2.0725402832 -2.4289932251
37.1119384766 -0.8420429230 -2.0725402832 -2.4289932251
37.1119384766 -0.8573474884 -2.0414352417 -2.4066543579
37.1119384766 -0.8624477386 -2.0103378296 -2.4066543579
37.1893310547 -0.8573474884 -1.9481353760 -2.4066543579
37.1893310547 -0.8420429230 -1.8859329224 -2.4066543579
37.1893310547 -0.8318405151 -1.8548355103 -2.4289932251
37.1893310547 -0.8216381073 -1.8237304688 -2.4289932251
37.1119384766 -0.8063335419 -1.7926330566 -2.4289932251
37.1119384766 -0.7859287262 -1.7615280151 -2.4289932251
37.1119384766 -0.7604217529 -1.7926330566 -2.4289932251
37.1119384766 -0.7400150299 -1.7926330566 -2.4289932251
37.1119384766 -0.7349147797 -1.7926330566 -2.4066543579
37.1119384766 -0.7451171875 -1.7926330566 -2.4066543579
37.0345458984 -0.7655220032 -1.7926330566 -2.4066543579
37.0345458984 -0.7808265686 -1.7615280151 -2.4289932251
36.9570312500 -0.7859287262 -1.7304306030 -2.4736785889
36.8796386719 -0.7808265686 -1.6993255615 -2.5407028198
36.8796386719 -0.7655220032 -1.6993255615 -2.5853805542
36.8796386719 -0.7604217529 -1.7304306030 -2.6300659180
36.8796386719 -0.7604217529 -1.7615280151 -2.6300659180
36.8796386719 -0.7655220032 -1.7926330566 -2.6077270508
36.8796386719 -0.7655220032 -1.8237304688 -2.5853805542
36.8796386719 -0.7655220032 -1.8548355103 -2.5630416870
36.8796386719 -0.7706241608 -1.8548355103 -2.5630416870
36.8796386719 -0.7808265686 -1.8237304688 -2.5630416870
36.8022460938 -0.7910289764 -1.7926330566 -2.6077270508
36.8022460938 -0.7961311340 -1.7615280151 -2.6300659180
36.7247314453 -0.7859287262 -1.7304306030 -2.6524047852
36.7247314453 -0.7502193451 -1.6993255615 -2.6524047852
36.7247314453 -0.6992053986 -1.6993255615 -2.6300659180
36.7247314453 -0.6532917023 -1.6993255615 -2.6300659180
36.7247314453 -0.6175823212 -1.6993255615 -2.6300659180
36.8022460938 -0.6022796631 -1.6993255615 -2.6077270508
36.8022460938 -0.6124820709 -1.6682281494 -2.6077270508
36.8022460938 -0.6430892944 -1.6682281494 -2.6077270508
36.7247314453 -0.6736984253 -1.6993255615 -2.6077270508
36.7247314453 -0.6685962677 -1.6993255615 -2.6077270508
36.7247314453 -0.6226844788 -1.7615280151 -2.5853805542
36.8022460938 -0.5614681244 -1.7926330566 -2.5853805542
36.8022460938 -0.5002517700 -1.7926330566 -2.5853805542
36.8022460938 -0.4645423889 -1.7926330566 -2.5630416870
36.8022460938 -0.4594402313 -1.7615280151 -2.5630416870
36.8022460938 -0.4747447968 -1.7304306030 -2.5630416870
36.8022460938 -0.4951496124 -1.6993255615 -2.5630416870
36.8022460938 -0.5002517700 -1.6682281494 -2.5630416870
36.8022460938 -0.4951496124 -1.6682281494 -2.5630416870
36.8022460938 -0.4900493622 -1.6371231079 -2.5630416870
36.8022460938 -0.4951496124 -1.6371231079 -2.5853805542
36.8796386719 -0.5053520203 -1.6371231079 -2.6300659180
36.8796386719 -0.5308589935 -1.6371231079 -2.6524047852
36.8796386719 -0.5563659668 -1.6371231079 -2.6970901489
36.9570312500 -0.5818729401 -1.6060256958 -2.7417755127
36.9570312500 -0.5971775055 -1.5749206543 -2.7417755127
36.9570312500 -0.6073799133 -1.5749206543 -2.7417755127
37.0345458984 -0.6328868866 -1.5127258301 -2.7194290161
37.0345458984 -0.6685962677 -1.4505233765 -2.7194290161
37.1119384766 -0.7145080566 -1.3572158813 -2.6970901489
37.1893310547 -0.7655220032 -1.2328109741 -2.6970901489
37.2667236328 -0.8165359497 -1.1395111084 -2.6970901489
37.3442382812 -0.8573474884 -1.0151062012 -2.6970901489
37.4216308594 -0.9083614349 -0.9529037476 -2.6970901489
37.5765380859 -0.9695777893 -0.8907012939 -2.7194290161
37.6539306641 -1.0563011169 -0.8596038818 -2.7194290161
37.8088378906 -1.1583271027 -0.7662963867 -2.7417755127
37.9636230469 -1.2705574036 -0.7040939331 -2.7641143799
38.1185302734 -1.3725852966 -0.5796890259 -2.8087997437
38.2733154297 -1.4695110321 -0.4863891602 -2.8311386108
38.4282226562 -1.5562343597 -0.3619842529 -2.8534774780
38.5830078125 -1.6378574371 -0.2064819336 -2.8981628418
38.7379150391 -1.7245807648 -0.0509796143 -2.8981628418
38.8928222656 -1.8113040924 0.1045303345 -2.9205017090
39.1251220703 -1.8980274200 0.3222351074 -2.9428482056
39.3572998047 -1.9796485901 0.5088424683 -2.9651870728
39.5895996094 -2.0408649445 0.6954498291 -2.9875259399
39.8218994141 -2.1020812988 0.8820571899 -3.0098724365
40.1315917969 -2.1837024689 1.0686569214 -3.0545501709
40.4414062500 -2.2908325195 1.2552642822 -3.0768966675
40.7510986328 -2.4336700439 1.4729690552 -3.1215744019
41.1381835938 -2.5816097260 1.6906814575 -3.1662597656
41.4478759766 -2.7244491577 1.9394836426 -3.2332839966
41.7576904297 -2.8417797089 2.1882934570 -3.3003082275
42.1447753906 -2.9438076019 2.4371032715 -3.3896713257
42.5319824219 -3.0356311798 2.6859130859 -3.4566955566
42.9190673828 -3.1325569153 2.9347152710 -3.5013809204
43.3062744141 -3.2345848083 3.1524276733 -3.5460662842
43.6933593750 -3.3366127014 3.3701324463 -3.5684051514
44.0805664062 -3.4335384369 3.6189422607 -3.5684051514
44.5450439453 -3.5355663300 3.8366470337 -3.5907440186
44.9322509766 -3.6426944733 4.1165542603 -3.6130905151
45.3193359375 -3.7498226166 4.3964614868 -3.6354293823
45.7065429688 -3.8518505096 4.6452713013 -3.6801147461
46.0936279297 -3.9487762451 4.8940811157 -3.7247924805
46.4033203125 -4.0252971649 5.1428909302 -3.7694778442
46.7905273438 -4.0763111115 5.3605957031 -3.8365020752
47.1776123047 -4.1069202423 5.6094055176 -3.9258651733
47.5648193359 -4.1222229004 5.8271102905 -4.0152359009
47.9519042969 -4.1222229004 6.0448150635 -4.1045989990
48.3391113281 -4.1171226501 6.2314224243 -4.1939620972
48.7261962891 -4.1171226501 6.4180297852 -4.2386474609
49.1134033203 -4.1222229004 6.6046371460 -4.2833328247
49.5004882812 -4.1222229004 6.7601394653 -4.3280105591
49.8876953125 -4.1171226501 6.9156417847 -4.3726959229
50.1973876953 -4.0967159271 7.0400466919 -4.4173812866
50.5070800781 -4.0610065460 7.1333541870 -4.4620590210
50.8167724609 -4.0099925995 7.1955566406 -4.5067443848
51.1265869141 -3.9334735870 7.2266540527 -4.5514297485
51.4362792969 -3.8416481018 7.2577514648 -4.6184463501
51.7459716797 -3.7345199585 7.2577514648 -4.6631317139
51.9782714844 -3.6171875000 7.2577514648 -4.7078170776
52.2105712891 -3.5202617645 7.2266540527 -4.7078170776
52.4428710938 -3.4539432526 7.1955566406 -4.7078170776
52.6750488281 -3.4182338715 7.1333541870 -4.7078170776
52.9073486328 -3.3876266479 7.0400466919 -4.6854705811
53.0622558594 -3.3417148590 6.9467468262 -4.6631317139
53.2945556641 -3.2549915314 6.8534393311 -4.6631317139
53.4493408203 -3.1325569153 6.7290420532 -4.6631317139
53.6816406250 -2.9795169830 6.6046371460 -4.7078170776
53.8365478516 -2.8264751434 6.4491271973 -4.7301559448
54.0688476562 -2.6836376190 6.2936248779 -4.7748413086
54.2236328125 -2.5510025024 6.1070175171 -4.7971801758
54.3785400391 -2.4234676361 5.9515151978 -4.8195190430
54.5334472656 -2.2908325195 5.7960052490 -4.8418655396
54.7656250000 -2.1530952454 5.6405029297 -4.8642044067
54.9205322266 -2.0102558136 5.4538955688 -4.8642044067
55.1528320312 -1.8572158813 5.2672958374 -4.8865432739
55.3851318359 -1.6990737915 5.0495834351 -4.9312286377
55.5399169922 -1.5409297943 4.8318786621 -4.9535675049
55.7722167969 -1.4031944275 4.6452713013 -4.9759140015
55.9271240234 -1.2909641266 4.4586639404 -4.9982528687
56.0819091797 -1.2042407990 4.3031616211 -5.0205917358
56.1594238281 -1.1379222870 4.2098617554 -5.0205917358
56.2368164062 -1.0869083405 4.1476593018 -5.0429382324
56.3142089844 -1.0358943939 4.1165542603 -5.0429382324
56.3142089844 -0.9797801971 4.1165542603 -5.0876159668
56.3142089844 -0.9185638428 4.0854568481 -5.1323013306
56.2368164062 -0.8522453308 4.0854568481 -5.1993255615
56.2368164062 -0.7961311340 4.0543518066 -5.2440109253
56.1594238281 -0.7400150299 4.0854568481 -5.2663497925
56.0045166016 -0.6992053986 4.1165542603 -5.2663497925
55.9271240234 -0.6736984253 4.1476593018 -5.2886886597
55.9271240234 -0.6583938599 4.1787567139 -5.2663497925
55.8497314453 -0.6481914520 4.1787567139 -5.2663497925
55.7722167969 -0.6328868866 4.1787567139 -5.2440109253
55.6948242188 -0.6022796631 4.1787567139 -5.2216644287
55.6174316406 -0.5512657166 4.1787567139 -5.1993255615
55.5399169922 -0.4849472046 4.1476593018 -5.1769866943
55.4625244141 -0.4084262848 4.1165542603 -5.1769866943
55.3851318359 -0.3268051147 4.0543518066 -5.1993255615
55.3077392578 -0.2553863525 4.0232543945 -5.2216644287
55.2302246094 -0.2043724060 3.9610519409 -5.2440109253
55.1528320312 -0.1737632751 3.9299468994 -5.2440109253
55.0754394531 -0.1635608673 3.8988494873 -5.2216644287
55.0754394531 -0.1431560516 3.8677444458 -5.1993255615
54.9979248047 -0.1125469208 3.8366470337 -5.1546401978
54.9979248047 -0.0666351318 3.7744445801 -5.1323013306
54.9205322266 -0.0156211853 3.7433471680 -5.1099624634
54.9205322266 0.0506973267 3.7122421265 -5.0652770996
54.9205322266 0.1119136810 3.6811447144 -5.0652770996
54.8431396484 0.1629257202 3.6500396729 -5.0652770996
54.8431396484 0.2088394165 3.6500396729 -5.1099624634
54.8431396484 0.2649536133 3.6811447144 -5.1546401978
54.8431396484 0.3210697174 3.6811447144 -5.1993255615
54.8431396484 0.3771839142 3.6811447144 -5.2216644287
54.8431396484 0.4230957031 3.6500396729 -5.2216644287
54.9205322266 0.4639072418 3.5878372192 -5.1993255615
54.9205322266 0.4945163727 3.5256347656 -5.1546401978
54.9205322266 0.5302257538 3.4323348999 -5.1099624634
54.9979248047 0.5608329773 3.3701324463 -5.0652770996
54.9979248047 0.6067466736 3.2768325806 -5.0205917358
55.0754394531 0.6730632782 3.1524276733 -4.9982528687
55.0754394531 0.7393817902 2.9658203125 -4.9759140015
55.0754394531 0.8159027100 2.7481155396 -4.9759140015
55.0754394531 0.8873214722 2.5304031372 -4.9759140015
54.9979248047 0.9638423920 2.3126983643 -4.9759140015
54.9205322266 1.0556659698 2.1260910034 -4.9982528687
54.8431396484 1.1525917053 2.0016860962 -4.9982528687
54.6882324219 1.2444171906 1.9394836426 -4.9759140015
54.6108398438 1.3362407684 1.8772888184 -4.9312286377
54.5334472656 1.4076614380 1.8150863647 -4.8642044067
54.3785400391 1.4586753845 1.7528839111 -4.7971801758
54.1462402344 1.4943847656 1.6595764160 -4.7078170776
53.9913330078 1.5249919891 1.5351715088 -4.6407928467
53.7591552734 1.5504989624 1.4107666016 -4.6184463501
53.6042480469 1.5811080933 1.2552642822 -4.6184463501
53.4493408203 1.6219177246 1.0997619629 -4.6184463501
53.3719482422 1.6525268555 0.9753570557 -4.6184463501
53.2171630859 1.6729316711 0.8509521484 -4.5961074829
53.0622558594 1.6780338287 0.6954498291 -4.5737686157
52.9073486328 1.6831340790 0.5710449219 -4.5290832520
52.8299560547 1.6933364868 0.4466400146 -4.5067443848
52.6750488281 1.7188434601 0.3222351074 -4.4844055176
52.5976562500 1.7596549988 0.2289352417 -4.4620590210
52.5202636719 1.8361759186 0.1356277466 -4.4397201538
52.5202636719 1.9177970886 0.0423278809 -4.4173812866
52.4428710938 1.9943180084 -0.0509796143 -4.4173812866
52.5202636719 2.0504341125 -0.1442794800 -4.4397201538
52.5976562500 2.0963459015 -0.2686843872 -4.4844055176
52.6750488281 2.1422576904 -0.4241867065 -4.5067443848
52.8299560547 2.1932716370 -0.5796890259 -4.5514297485
53.0622558594 2.2595901489 -0.7351989746 -4.5737686157
53.2945556641 2.3565158844 -0.9218063354 -4.5737686157
53.6042480469 2.4636440277 -1.1084060669 -4.5514297485
53.9913330078 2.5605697632 -1.2639160156 -4.5514297485
54.4559326172 2.6421928406 -1.4505233765 -4.5737686157
54.9205322266 2.7187118530 -1.6060256958 -4.5737686157
55.4625244141 2.8156394958 -1.6993255615 -4.5961074829
56.0819091797 2.9329700470 -1.7304306030 -4.6184463501
56.7788085938 3.0554027557 -1.7304306030 -4.6407928467
57.6304931641 3.1727352142 -1.6682281494 -4.6854705811
58.6370849609 3.2696609497 -1.6060256958 -4.7078170776
59.7985839844 3.3257751465 -1.5127258301 -4.7524948120
61.1922607422 3.3410797119 -1.3572158813 -4.7971801758
62.8182373047 3.3257751465 -1.1084060669 -4.8418655396
64.5217285156 3.2747612000 -0.7974014282 -4.9088897705
66.3026123047 3.1778354645 -0.3930892944 -4.9982528687
68.1608886719 3.0094909668 0.1045303345 -5.1099624634
70.0191650391 2.7646255493 0.6954498291 -5.2440109253
71.8000488281 2.4432392120 1.3796691895 -5.4227371216
73.4260253906 2.0402297974 2.1571960449 -5.6014709473
74.8972167969 1.5811080933 2.9658203125 -5.8025436401
76.1359863281 1.0964775085 3.8055496216 -6.0483016968
77.2199707031 0.6220493317 4.5830688477 -6.2940521240
78.1491699219 0.1731300354 5.2983932495 -6.5621490479
78.9234619141 -0.2349796295 5.9204101562 -6.8302459717
79.5428466797 -0.5665683746 6.4491271973 -7.0536651611
80.0848388672 -0.8267383575 6.8534393311 -7.2547378540
80.6268310547 -0.9950847626 7.1644515991 -7.4334640503
81.0140380859 -1.0869083405 7.3821563721 -7.5898590088
81.4011230469 -1.1073150635 7.4754638672 -7.7015609741
81.8657226562 -1.0716037750 7.4443588257 -7.7909317017
82.3303222656 -0.9950847626 7.3510589600 -7.9026336670
82.8723144531 -0.8777523041 7.1644515991 -7.9919967651
83.5692138672 -0.7196102142 6.8534393311 -8.1037063599
84.2659912109 -0.5002517700 6.4491271973 -8.2377548218
85.1177978516 -0.2298793793 5.9515151978 -8.3718032837
86.0468750000 0.0966091156 5.3605957031 -8.5281906128
87.2083740234 0.4843120575 4.6763763428 -8.7069244385
88.4471435547 0.9332332611 3.8366470337 -8.8856582642
89.9957275391 1.4586753845 2.8414154053 -9.0643844604
91.6992187500 2.0708389282 1.6906814575 -9.2431182861
93.7124023438 2.7799282074 0.3533401489 -9.4441909790
96.0351562500 3.6165542603 -1.2017135620 -9.6676025391
98.6678466797 4.5960159302 -2.9744720459 -9.9133605957
101.7648925781 5.7336215973 -5.0271301270 -10.2037963867
105.3266601562 7.0497741699 -7.4219055176 -10.5612640381
109.2755126953 8.5648803711 -10.1276931763 -10.9634094238
113.8438720703 10.3095512390 -13.2688903809 -11.4102325439
118.8767089844 12.2888832092 -16.8144073486 -11.8570632935
124.5290527344 14.4977760315 -20.8575363159 -12.2815475464
130.6458740234 16.9209251404 -25.3049736023 -12.7060317993
137.3046875000 19.5328254700 -30.1567268372 -13.0634994507
144.3507080078 22.2722625732 -35.3505897522 -13.3762741089
151.7065429688 25.0729141235 -40.7621612549 -13.5996932983
159.1396484375 27.8684616089 -46.2670364380 -13.7560806274
166.4179687500 30.5670890808 -51.6786079407 -13.7784194946
173.4639892578 33.0871620178 -56.9035720825 -13.6890563965
180.0454101562 35.3623733521 -61.6931228638 -13.4209594727
186.0074462891 37.3315010071 -66.0472640991 -13.0188140869
191.2725830078 38.9843444824 -69.8415832520 -12.4379348755
195.9183349609 40.3668212891 -73.1693878174 -11.7676925659
200.1768798828 41.5707397461 -76.1550827026 -10.9857482910
204.2806396484 42.7287521362 -78.9541702271 -10.1367721558
208.3843994141 43.9836883545 -81.7843551636 -9.1984329224
212.7977294922 45.4324798584 -84.8944549561 -8.2154159546
217.5983886719 47.1261291504 -88.2533645630 -7.1653671265
222.7086181641 49.0085372925 -91.9543762207 -6.0706405640
227.8963623047 50.9725646973 -95.7798004150 -4.9312286377
232.8518066406 52.8600692749 -99.4808197021 -3.7471389771
237.3426513672 54.5129165649 -102.7775192261 -2.5407028198
240.9818115234 55.7882537842 -105.4522094727 -1.3342666626
243.5369873047 56.5636672974 -107.2249603271 -0.1501693726
244.9307861328 56.7677230835 -107.9713897705 0.9668960571
245.0081787109 56.3596115112 -107.6292724609 2.0169448853
243.8466796875 55.3444366455 -106.1675262451 2.9329376221
241.4464111328 53.7732162476 -103.5861511230 3.7372283936
237.9621582031 51.7377700806 -100.0717391968 4.4074707031
233.7036132812 49.3554306030 -95.8420028687 4.9436645508
228.9803466797 46.7843399048 -91.1457519531 5.3681488037
224.1798095703 44.1775436401 -86.3251037598 5.7256164551
219.6115722656 41.6727676392 -81.6288528442 6.0160522461
215.4304199219 39.3669509888 -77.2125167847 6.2841491699
211.7912597656 37.3110961914 -73.1693878174 6.5075607300
208.7714843750 35.5103149414 -69.4683685303 6.7086334229
206.1389160156 33.9543952942 -66.1094665527 6.8426818848
203.8160400391 32.6127357483 -63.0304641724 6.9097061157
201.7254638672 31.4445228577 -60.1069717407 6.9097061157
199.7897949219 30.4293518066 -57.4011878967 6.8203430176
197.9315185547 29.5519142151 -54.7887039185 6.6862945557
195.9957275391 28.8020133972 -52.2695274353 6.5075607300
194.0600585938 28.1439361572 -49.7814483643 6.3288345337
192.0468750000 27.4858589172 -47.2933692932 6.1054153442
189.9562988281 26.7461624146 -44.7430877686 5.7702941895
187.7883300781 25.8789291382 -42.1617050171 5.2117614746
185.6202392578 24.8790588379 -39.6425285339 4.4074707031
183.4522705078 23.8026733398 -37.2166519165 3.3127441406
181.3616943359 22.7262840271 -34.9773788452 1.9945983887
179.5034179688 21.7366180420 -32.9558143616 0.5647506714
177.7999267578 20.8744850159 -31.1208572388 -0.9097824097
176.4062500000 20.1194839478 -29.5036048889 -2.3396301270
175.2448730469 19.4358978271 -28.1040611267 -3.7247924805
174.3156738281 18.8237342834 -26.9533271790 -5.0429382324
173.6187744141 18.2625846863 -25.9891967773 -6.2717132568
173.1542968750 17.7422447205 -25.2738723755 -7.4558105469
172.9219970703 17.2576141357 -24.7762565613 -8.5505371094
172.8446044922 16.8035926819 -24.4652481079 -9.6229248047
172.9993896484 16.3597755432 -24.3097419739 -10.6059417725
173.2316894531 15.9363594055 -24.3408432007 -11.5219421387
173.6187744141 15.5180473328 -24.4963493347 -12.3709106445
174.0833740234 15.0997352600 -24.8073577881 -13.1528625488
174.7028808594 14.6916275024 -25.2116699219 -13.8677902222
175.3996582031 14.2835159302 -25.7403869629 -14.5156860352
176.3288574219 13.9009132385 -26.3935089111 -15.1189041138
177.3354492188 13.5387153625 -27.1088294983 -15.6997833252
178.4968261719 13.2020263672 -27.8863563538 -16.2359771729
179.8131103516 12.8908424377 -28.7260818481 -16.7498245239
181.2069091797 12.6000633240 -29.5969085693 -17.2636795044
182.6779785156 12.3245925903 -30.4677352905 -17.7551879883
184.2265625000 12.0695228577 -31.3385658264 -18.2243576050
185.9300537109 11.8348579407 -32.2404937744 -18.6711883545
187.7108154297 11.6052970886 -33.1113204956 -19.0733337402
189.5692138672 11.3808364868 -34.0132484436 -19.4754791260
191.5048828125 11.1410751343 -34.9462776184 -19.8329391479
193.5180664062 10.8911056519 -35.8793067932 -20.1680603027
195.6086425781 10.6360359192 -36.7812347412 -20.4584960938
197.9315185547 10.3962745667 -37.6520652771 -20.7712783813
200.3317871094 10.2024230957 -38.4917907715 -21.0617141724
202.8869628906 10.0544815063 -39.3004150391 -21.3521499634
205.5195312500 9.9473533630 -40.0779418945 -21.6649322510
208.3843994141 9.8810348511 -40.8243637085 -21.9553680420
211.2492675781 9.8555297852 -41.5707893372 -22.2234649658
214.1915283203 9.8759346008 -42.2861099243 -22.4692230225
217.2886962891 9.9320487976 -42.9703330994 -22.6926345825
220.3858642578 10.0238723755 -43.5923500061 -22.9160537720
223.6378173828 10.1616096497 -44.1832695007 -23.1394653320
227.0446777344 10.3350563049 -44.7119865417 -23.3852233887
230.4515380859 10.5442123413 -45.2407035828 -23.6533203125
233.9357910156 10.7992820740 -45.7694206238 -23.9437561035
237.4975585938 11.0951614380 -46.2670364380 -24.1895103455
241.1367187500 11.4420547485 -46.7957534790 -24.4129257202
244.7758789062 11.8195571899 -47.3244705200 -24.6363372803
248.5698242188 12.2327651978 -47.8842887878 -24.8374099731
252.3638916016 12.6816864014 -48.4752044678 -25.0161437988
256.2353515625 13.1765213013 -49.1283264160 -25.2172126770
260.1842041016 13.7070617676 -49.8125495911 -25.4182853699
264.2104492188 14.2733154297 -50.5589714050 -25.5970191956
268.2368164062 14.8752746582 -51.3986968994 -25.7757492065
272.3404541016 15.5231475830 -52.3006286621 -25.9321403503
276.5216064453 16.2169342041 -53.2647590637 -26.0661888123
280.7802734375 16.9668350220 -54.2910881042 -26.1555519104
285.1936645508 17.7830543518 -55.3796234131 -26.2449188232
289.6845703125 18.6604919434 -56.4992599487 -26.2896003723
294.3302612305 19.5787391663 -57.6499938965 -26.2896003723
299.2083129883 20.5020866394 -58.7696304321 -26.2225761414
304.3186035156 21.3999252319 -59.9203681946 -26.0661888123
309.6611938477 22.2620582581 -61.0711059570 -25.7980918884
315.0811767578 23.0935821533 -62.2529411316 -25.4629707336
320.6560668945 23.8893966675 -63.4347763062 -25.0608253479
326.1535034180 24.6546020508 -64.6166152954 -24.6586799622
331.5734863281 25.4045028687 -65.6740493774 -24.2341918945
336.9160766602 26.1441993713 -66.5759735107 -23.8320465088
342.0264282227 26.8685951233 -67.2602005005 -23.3628768921
346.9818115234 27.5674819946 -67.7267150879 -22.8713684082
351.5501098633 28.2459640503 -67.9444198608 -22.3128356934
355.7312622070 28.9091415405 -67.8822174072 -21.6872711182
359.3704223633 29.5519142151 -67.5090103149 -20.9946899414
362.4675903320 30.1793823242 -66.8247833252 -20.2574234009
364.8678588867 30.7915458679 -65.7673492432 -19.4754791260
366.4938964844 31.3986091614 -64.3056030273 -18.6488418579
367.2681884766 31.9954719543 -62.4706497192 -17.7998733521
367.0358886719 32.5872306824 -60.2313766479 -16.9285583496
365.7970581055 33.1483802795 -57.5877914429 -16.0349044800
363.4741821289 33.6789207458 -54.5709991455 -15.0965652466
360.2995605469 34.1839561462 -51.3364982605 -14.1358871460
356.1184082031 34.6583862305 -48.0086898804 -13.1528625488
351.2404174805 35.1124076843 -44.7430877686 -12.1474990845
345.6655273438 35.5766334534 -41.7884941101 -11.1644744873
339.5487060547 36.0408554077 -39.3004150391 -10.1591186523
333.1995239258 36.4948768616 -37.4032554626 -9.1984329224
326.6954956055 36.9131889343 -36.1903190613 -8.2600936890
320.2689208984 37.2549819946 -35.7238044739 -7.3441009521
314.1520385742 37.4947471619 -35.9726104736 -6.4281005859
308.4223022461 37.6018753052 -36.9056396484 -5.5121078491
303.0797119141 37.5610656738 -38.3984870911 -4.5737686157
298.3565673828 37.3774147034 -40.3578491211 -3.6577682495
294.2528686523 37.0407257080 -42.6593208313 -2.7417755127
290.7685546875 36.5356903076 -45.1785011292 -1.8257751465
287.8262939453 35.8572082520 -47.8531875610 -0.9097824097
285.5808105469 35.0052795410 -50.6211738586 -0.0161209106
283.7999877930 33.9901046753 -53.3891601562 0.8105087280
282.4837036133 32.8269920349 -56.1260452271 1.5924606323
281.6319580078 31.5363464355 -58.8007316589 2.2850418091
281.0899658203 30.1181678772 -61.3510131836 2.8882598877
280.8576660156 28.5673522949 -63.7457885742 3.4021072388
281.0125122070 26.8787956238 -66.0472640991 3.8712768555
281.3222656250 25.0525054932 -68.1621246338 4.2957687378
281.9416503906 23.1139869690 -70.1525878906 4.6085433960
282.7933959961 21.0785408020 -71.9564514160 4.8096160889
283.8773803711 18.9665718079 -73.5736999512 4.8989868164
285.0388183594 16.7933921814 -74.9732437134 4.8319625854
286.4325561523 14.5691947937 -76.1861801147 4.6085433960
287.9811401367 12.2990837097 -77.2125167847 4.2734222412
289.6071166992 9.9881629944 -78.0211410522 3.8265991211
291.3880004883 7.6415328979 -78.6431579590 3.2457199097
293.1688232422 5.2642955780 -79.0785751343 2.5978164673
295.0271606445 2.8819561005 -79.3584823608 1.8158721924
296.9628295898 0.5098190308 -79.4517822266 0.8998718262
298.9760131836 -1.8368091583 -79.4206848145 -0.1278305054
300.9891357422 -4.1477298737 -79.2340774536 -1.2895812988
303.0797119141 -6.4229412079 -78.8608627319 -2.6077270508
305.2477416992 -8.6777458191 -78.3010482788 -4.0599136353
307.3383178711 -10.9325513840 -77.5857238770 -5.6684951782
309.5063476562 -13.2026605606 -76.6526947021 -7.4111251831
311.6743164062 -15.4778709412 -75.5952606201 -9.2878036499
313.8423461914 -17.7428779602 -74.3201217651 -11.2761840820
316.0103149414 -19.9874820709 -72.9205780029 -13.3092498779
318.2557983398 -22.1810703278 -71.3655319214 -15.4093399048
320.5786132812 -24.3134422302 -69.6238708496 -17.5541152954
322.9789428711 -26.3845996857 -67.6956176758 -19.7659149170
325.3792114258 -28.4047412872 -65.5807495117 -22.0000534058
327.7794799805 -30.3738689423 -63.3414764404 -24.2788772583
330.3346557617 -32.3021850586 -60.9155998230 -26.5800399780
332.8898315430 -34.1743888855 -58.4275207520 -28.8812026978
335.5997924805 -35.9853744507 -55.8150405884 -31.1153411865
338.3098144531 -37.7096405029 -53.2025566101 -33.2824554443
341.1746826172 -39.3216705322 -50.5900726318 -35.3155250549
344.1943969727 -40.7908668518 -48.0397911072 -37.1698608398
347.2915649414 -42.0764083862 -45.6139144897 -38.7784385681
350.6209716797 -43.1221923828 -43.3746452332 -40.0742416382
354.1052856445 -43.8975982666 -41.4463844299 -41.0125808716
357.8992919922 -44.3720245361 -39.8602333069 -41.5264320374
361.9255981445 -44.5199661255 -38.7716979980 -41.5711135864
366.1842041016 -44.3108100891 -38.2429809570 -41.1019439697
370.7524414062 -43.6935424805 -38.3051834106 -40.1636047363
375.7078857422 -42.5916481018 -38.9894065857 -38.7560997009
381.0504760742 -40.8928909302 -40.3267478943 -36.9687881470
386.8576660156 -38.5105514526 -42.1928062439 -34.8686943054
393.2067871094 -35.3732109070 -44.5875816345 -32.6345558167
400.1754150391 -31.4604606628 -47.3866729736 -30.4004173279
407.8408203125 -26.7978096008 -50.4656677246 -28.4120330811
416.2805786133 -21.4668788910 -53.7001724243 -26.8928184509
425.4946289062 -15.5901012421 -56.9346733093 -26.0215034485
435.7152099609 -9.3409233093 -60.0758743286 -26.0661888123
446.9423828125 -2.9234008789 -63.0615692139 -27.1609153748
459.2535400391 3.4278030396 -65.9228591919 -29.4844207764
472.5712890625 9.4882278442 -68.6286468506 -33.1260681152
486.8956298828 15.0436210632 -71.3655319214 -38.1081962585
501.9942016602 19.8950233459 -74.2268218994 -44.3861312866
517.7122802734 23.8740921021 -77.3369140625 -51.8258132935
533.6625976562 26.8481903076 -80.7891235352 -60.2261772156
549.5354614258 28.7714042664 -84.5834503174 -69.3414611816
565.2535400391 29.6539421082 -88.7509765625 -78.9482650757
580.5844116211 29.5774230957 -93.3228225708 -88.7561340332
595.5281982422 28.6795806885 -98.2989807129 -98.6086883545
610.0847778320 27.1338653564 -103.5861511230 -108.2601699829
624.5639648438 25.1137237549 -109.2154235840 -117.5988769531
639.1205444336 22.7772979736 -115.0624084473 -126.5354309082
654.1417236328 20.2521171570 -121.1582031250 -135.0475006104
669.9371948242 17.6657257080 -127.5028076172 -143.1350860596
687.0489501953 15.1099395752 -134.0651092529 -150.8875427246
705.9415893555 12.6612815857 -140.9695281982 -158.3719177246
726.9248046875 10.3503608704 -148.2471618652 -165.7222290039
750.3856811523 8.1873817444 -156.0534973145 -173.1395874023
776.7114868164 6.1468334198 -164.5440673828 -180.7803344727
805.9795532227 4.1828060150 -173.8432617188 -188.9125976562
838.4996337891 2.2442855835 -184.2621002197 -197.8044738770
874.8137207031 0.2904605865 -196.1426696777 -207.7910766602
915.6961669922 -1.7194786072 -209.9826049805 -219.2745513916
963.1599121094 -3.8161411285 -226.4350280762 -232.7017364502
1019.6829833984 -6.0505409241 -246.4329681396 -248.6981658936
1088.7493896484 -8.4634895325 -270.9405517578 -267.8894042969
1174.0759277344 -11.0651874542 -300.9218750000 -290.6776428223
1278.9144287109 -13.8199262619 -336.9057006836 -316.9734497070
1405.0458984375 -16.6307811737 -378.4566345215 -345.7268371582
1551.9282226562 -19.3396072388 -423.8640747070 -374.7259521484
1715.5352783203 -21.7219467163 -469.7380065918 -400.5526123047
1888.2788085938 -23.5227298737 -511.0712280273 -418.8948974609
2059.4738769531 -24.4205722809 -541.7056884766 -425.1504821777
2216.5769042969 -24.1553001404 -555.8255615234 -415.8564758301
2347.1992187500 -22.6350917816 -550.2895507812 -390.3872680664
2441.9719238281 -20.0486984253 -526.7460937500 -351.9600830078
2497.1787109375 -16.7889232635 -491.1044006348 -306.7634277344
2515.7617187500 -13.2944850922 -450.7353210449 -261.4104003906
2505.9282226562 -9.8612642288 -410.5528564453 -219.9447937012
2478.7504882812 -6.5249691010 -370.1215820312 -182.1654968262
2444.9140625000 -3.0713405609 -323.3768005371 -143.8276672363
2411.9296875000 0.7597866058 -261.5791625977 -99.0555191040
2383.2036132812 4.9786186218 -178.1351928711 -43.8722763062
2356.6455078125 9.2535667419 -73.3870925903 20.9624481201
2325.5964355469 12.9979705811 44.0502166748 89.5505218506
2280.6103515625 15.6149749756 159.7769775391 153.0000762939
2213.4023437500 16.7117691040 258.8958129883 202.9107360840
2119.7907714844 16.2526435852 330.8323669434 234.0993347168
2001.4023437500 14.5232810974 371.7612609863 245.8285522461
1865.2050781250 12.0083045959 384.5437622070 241.2038879395
1721.4199218750 9.2127571106 376.4886169434 225.6766357422
1579.8026123047 6.5294342041 356.3351745605 204.8321228027
1447.3220214844 4.1726036072 331.3922119141 183.0269165039
1327.9268798828 2.1677646637 306.8224182129 162.8526306152
1223.1657714844 0.4486026764 285.7359619141 145.6497650146
1133.2709960938 -1.0716037750 269.8122558594 131.9098052979
1057.3133544922 -2.4795818329 259.2690124512 121.4763641357
993.2797851562 -3.8110408783 253.0799255371 113.6345367432
938.3052978516 -5.0353679657 249.4411010742 107.4459838867
889.4477539062 -6.0862503052 246.2377014160 101.9723358154
844.2293701172 -6.8922672272 241.8213806152 96.4540100098
800.9466552734 -7.4075050354 235.1657714844 90.4665222168
758.8254394531 -7.6115608215 225.9598693848 83.8758087158
717.6333618164 -7.5095329285 214.3591918945 76.7935791016
677.7575073242 -7.1473350525 200.9857788086 69.4209289551
639.5851440430 -6.6014881134 186.4616088867 62.0035858154
603.6582031250 -5.9230060577 171.5953369141 54.8096618652
570.3638305664 -5.1680049896 156.9156799316 48.0178680420
539.9343261719 -4.3517856598 142.8891448975 41.7846221924
512.2922363281 -3.4845523834 129.7956237793 36.1322479248
487.5150756836 -2.5816097260 117.7284393311 31.0830993652
465.2929687500 -1.6327552795 106.6875915527 26.5701370239
445.3937988281 -0.6532917023 96.5797729492 22.5039978027
427.5852050781 0.3465766907 87.3427886963 18.7953262329
411.6348876953 1.3515453339 78.8522186279 15.3547515869
397.3879394531 2.3514137268 71.0147705078 12.1375961304
384.4573364258 3.3410797119 63.7993469238 9.1215057373
372.7656250000 4.3154411316 57.1126251221 6.2618103027
362.1578979492 5.2540931702 50.9857330322 3.5585021973
352.5567016602 6.1366291046 45.3875579834 0.9668960571
343.7298583984 6.9630508423 40.2870025635 -1.5800170898
335.5223999023 7.7027511597 35.6840515137 -4.0599136353
327.9343872070 8.2945098877 31.6409225464 -6.4951248169
320.7334594727 8.6720123291 28.0954132080 -8.8633117676
313.6100463867 8.7842407227 25.0475158691 -11.0974578857
306.5640258789 8.5699844360 22.4350357056 -13.1975479126
299.4405517578 7.9986305237 20.2579650879 -15.1635894775
292.1622924805 7.0905876160 18.4230041504 -16.9732437134
284.7291259766 5.8815612793 16.9612579346 -18.6041641235
277.1411132812 4.4276714325 15.8105239868 -20.0786972046
269.5531005859 2.7799282074 14.9708023071 -21.3968353271
262.1198730469 1.0097541809 14.4420852661 -22.5362472534
254.9190673828 -0.8114356995 14.1310729980 -23.4969253540
248.1053466797 -2.6122188568 14.0066680908 -24.2788772583
241.8336181641 -4.3364810944 13.9755706787 -24.9267768860
236.0263671875 -5.9485130310 13.9755706787 -25.4853096008
230.8387451172 -7.4483165741 13.8822631836 -26.0215034485
226.1929931641 -8.8460922241 13.6645584106 -26.5576972961
222.0892333984 -10.1418390274 13.3846511841 -27.1609153748
218.6049804688 -11.3406610489 13.0114364624 -27.7641334534
215.5852050781 -12.4170494080 12.6382217407 -28.3673515320
213.0300292969 -13.3608036041 12.2961120605 -28.9929084778
210.9394531250 -14.1515150070 12.0162048340 -29.6408119202
209.2360839844 -14.8044910431 11.7673950195 -30.2887115479
207.8424072266 -15.3350334167 11.5496902466 -30.9366111755
206.6809082031 -15.7584466934 11.4252853394 -31.6068534851
205.7518310547 -16.0645294189 11.3319854736 -32.2770957947
204.9775390625 -16.2583808899 11.2697830200 -32.9026527405
204.3580322266 -16.3451042175 11.3008804321 -33.5282135010
203.8160400391 -16.3451042175 11.3630828857 -34.1090888977
203.5063476562 -16.2583808899 11.4563903809 -34.6452827454
203.2740478516 -16.1053390503 11.5807952881 -35.1144523621
203.1966552734 -15.8859806061 11.7051925659 -35.4942550659
203.1966552734 -15.6105070114 11.8295974731 -35.8070335388
203.2740478516 -15.2789182663 11.9540023804 -36.0527915955
203.3514404297 -14.9014167786 12.0473098755 -36.2091789246
203.5063476562 -14.4933071136 12.0473098755 -36.2985458374
203.6612548828 -14.0749950409 12.0162048340 -36.2985458374
203.8160400391 -13.6617841721 11.9229049683 -36.2315216064
203.8934326172 -13.2638769150 11.7985000610 -36.0751304626
203.9709472656 -12.8965787888 11.6740951538 -35.8517189026
204.0483398438 -12.5853948593 11.5807952881 -35.5165977478
203.9709472656 -12.3252248764 11.4874877930 -35.1144523621
203.8160400391 -12.1211700439 11.3941879272 -34.6452827454
203.5837402344 -11.9732303619 11.3008804321 -34.1090888977
203.2740478516 -11.8814058304 11.1764755249 -33.5505523682
202.9643554688 -11.8354940414 11.0831756592 -32.9696769714
202.4997558594 -11.8252906799 10.9276733398 -32.3664588928
201.9577636719 -11.8712034225 10.8032684326 -31.7409019470
201.4157714844 -11.9732303619 10.6788635254 -31.0706596375
200.7188720703 -12.1466770172 10.5855636597 -30.3333930969
200.0220947266 -12.4017457962 10.4922561646 -29.5737876892
199.2478027344 -12.7486391068 10.4611587524 -28.7694969177
198.3186035156 -13.1822547913 10.3989562988 -27.9428634644
197.3120117188 -13.6770877838 10.3989562988 -27.0938911438
196.1506347656 -14.2229347229 10.4300537109 -26.2225761414
194.9117431641 -14.8146934509 10.4611587524 -25.3289222717
193.5954589844 -15.4472627640 10.5233612061 -24.4352645874
192.2017822266 -16.1308479309 10.6166610718 -23.4745864868
190.8079833984 -16.8909492493 10.7410659790 -22.4915618896
189.4916992188 -17.7632846832 10.8654708862 -21.4638595581
188.3303222656 -18.7937622070 10.9587707520 -20.3914718628
187.2463378906 -20.0486984253 10.9898757935 -19.2520599365
186.2397460938 -21.5791091919 11.0209732056 -18.0009460449
185.1557617188 -23.4002971649 11.0209732056 -16.6157760620
183.9942626953 -25.5071640015 11.0520782471 -15.0742187500
182.6779785156 -27.8384895325 11.0831756592 -13.4432983398
181.3616943359 -30.3432617188 11.2386779785 -11.7006683350
179.8906250000 -32.9602622986 11.5185928345 -9.9580459595
178.4968261719 -35.6333808899 11.9851074219 -8.1930694580
177.0257568359 -38.3064994812 12.6382217407 -6.4504470825
175.6319580078 -40.9286041260 13.5090560913 -4.7078170776
174.2382812500 -43.4639816284 14.5975875854 -2.9651870728
172.9219970703 -45.8769302368 15.9038314819 -1.2002182007
171.8380126953 -48.1368370056 17.3344726562 0.5647506714
170.9088134766 -50.2181930542 18.8895263672 2.3744049072
170.2894287109 -52.1108016968 20.4445724487 4.2063980103
169.9022216797 -53.8095588684 21.9685211182 6.1054153442
169.8248291016 -55.3348693848 23.4924697876 8.0491180420
169.9022216797 -56.7377471924 24.9231109619 10.0821838379
170.2894287109 -58.0641021729 26.2915573120 12.1375961304
170.7540283203 -59.3445472717 27.5355987549 14.2823715210
171.3734130859 -60.5994834900 28.6863327026 16.4941635132
172.1477050781 -61.8493194580 29.7126617432 18.7059631348
173.0767822266 -63.1195602417 30.6456909180 20.9401016235
174.0833740234 -64.4459152222 31.4232177734 23.1295623779
175.3222656250 -65.8589935303 32.0763397217 25.2743301392
176.7934570312 -67.4047088623 32.6361541748 27.3744277954
178.6517333984 -69.1340713501 33.0715713501 29.4745178223
181.0520019531 -71.1083068848 33.3514785767 31.5969467163
183.9942626953 -73.4192199707 33.5069808960 33.8310852051
187.7108154297 -76.1637573242 33.5069808960 36.1992721558
192.0468750000 -79.3827209473 33.3825836182 38.6791687012
196.6926269531 -82.9230728149 33.0715713501 41.1814117432
200.9511718750 -86.4787292480 32.6361541748 43.4155426025
204.3580322266 -89.6721801758 32.1074371338 45.1805114746
206.3712158203 -92.2738800049 31.5476226807 46.3422698975
207.2229003906 -94.3552398682 31.0189056396 46.9231414795
207.3778076172 -96.2427520752 30.5523910522 47.1912384033
207.6101074219 -98.3139038086 30.1791763306 47.3699645996
208.0745849609 -100.6860427856 29.9303741455 47.5263671875
208.6940917969 -103.0989913940 29.7748641968 47.5040130615
208.6940917969 -104.9864959717 29.7437667847 47.0125122070
207.6101074219 -105.8282241821 29.8059692383 45.8284149170
205.1323242188 -105.3843994141 29.9614715576 43.8623657227
201.3383789062 -103.8131790161 30.1791763306 41.2931060791
196.9249267578 -101.5328674316 30.5212936401 38.3887329102
192.2791748047 -99.0025863647 30.8945007324 35.4396667480
187.8657226562 -96.5182266235 31.3299179077 32.6246490479
183.7619628906 -94.1817932129 31.7964324951 30.0107116699
179.8906250000 -91.9882049561 32.2940444946 27.5531539917
176.2514648438 -89.8864440918 32.7916641235 25.2296524048
172.7670898438 -87.8356933594 33.2581787109 23.0401916504
169.3602294922 -85.8155517578 33.6935882568 20.9624481201
166.1082763672 -83.8107147217 34.0668029785 18.9740600586
162.9337158203 -81.8109741211 34.4089126587 17.1420669556
159.8365478516 -79.8265380859 34.7199249268 15.4441223145
156.8167724609 -77.8574142456 34.9998321533 13.8802261353
153.9519042969 -75.9188995361 35.2175369263 12.4727172852
151.2419433594 -74.0160827637 35.4352493286 11.1769180298
148.6093750000 -72.1438751221 35.6218490601 9.9928207397
146.1315917969 -70.3175888062 35.7773590088 8.9204330444
143.7313232422 -68.5525207520 35.9328613281 7.9597549438
141.4084472656 -66.8384552002 36.1194686890 7.0884399414
139.3178710938 -65.1958160400 36.3060760498 6.3064880371
137.3822021484 -63.6245956421 36.4926757812 5.6139068604
135.6013183594 -62.1349945068 36.6792831421 5.0330352783
133.9753417969 -60.7270164490 36.8969879150 4.5191802979
132.5815429688 -59.4108619690 37.1147003174 4.1393737793
131.2652587891 -58.1916351318 37.3635101318 3.8265991211
130.1812744141 -57.0795364380 37.6434173584 3.6031799316
129.2521972656 -56.0898742676 37.9855270386 3.4691314697
128.4779052734 -55.2277412415 38.4209365845 3.3574295044
127.9359130859 -54.5033454895 38.9185562134 3.3127441406
127.6260986328 -53.9166870117 39.4783706665 3.3127441406
127.3939208984 -53.4473648071 40.0692901611 3.3797683716
127.3939208984 -53.0749626160 40.7224121094 3.4914779663
127.4713134766 -52.7739791870 41.3755340576 3.6478652954
127.7036132812 -52.5138092041 42.0286560059 3.8265991211
127.8583984375 -52.2791481018 42.6817779541 3.9829864502
128.0133056641 -52.0240783691 43.2726898193 4.0946960449
128.0906982422 -51.7026939392 43.8014068604 4.1617202759
127.8583984375 -51.2078628540 44.1746215820 4.1840591431
127.2390136719 -50.3865432739 44.2679290771 4.0946960449
125.8453369141 -49.0193748474 43.8947143555 3.9383010864
123.3675537109 -46.8359870911 42.8061828613 3.6255264282
119.3413085938 -43.6425323486 40.7846145630 3.1563568115
113.8438720703 -39.4236984253 37.7989196777 2.5307922363
107.3398437500 -34.5467910767 34.1290054321 1.7711868286
100.9132080078 -29.7464008331 30.4279861450 1.0339202881
95.8803710938 -25.9611854553 27.5666961670 0.4753875732
93.2478027344 -23.8849277496 26.1982498169 0.1849517822
93.0928955078 -23.5839462280 26.4470596313 0.2072906494
94.5640869141 -24.3797607422 27.6911010742 0.4083633423
95.7254638672 -25.1041545868 28.7174301147 0.6094360352
95.1834716797 -24.6858425140 28.4997253418 0.6094360352
92.2412109375 -22.7116127014 26.5714645386 0.3413391113
87.4406738281 -19.5844726562 23.3369598389 -0.1054916382
82.3303222656 -16.2940902710 19.8847503662 -0.5299758911
78.5362548828 -13.9015483856 17.3033752441 -0.8204116821
77.1425781250 -13.0190114975 16.3703460693 -0.8427581787
78.0717773438 -13.6464796066 17.0856628418 -0.6193389893
80.7043457031 -15.2891206741 19.0139236450 -0.2395401001
83.9562988281 -17.2939586639 21.4398040771 0.1849517822
87.0534667969 -19.1151466370 23.7723770142 0.5647506714
89.3763427734 -20.4466056824 25.6073379517 0.8775329590
90.7700195312 -21.2016067505 26.7891693115 1.0562667847
91.3120117188 -21.4311695099 27.3800888062 1.1456298828
91.0797119141 -21.2271156311 27.4422912598 1.1232910156
90.3829345703 -20.7067756653 27.1312866211 1.0115814209
89.3763427734 -19.9619750977 26.5403671265 0.8775329590
88.0600585938 -19.0794372559 25.7628402710 0.7434844971
86.7437744141 -18.1203804016 24.8609085083 0.6094360352
85.2725830078 -17.1307144165 23.8967819214 0.4753875732
83.8015136719 -16.1461505890 22.8704452515 0.3190002441
82.2529296875 -15.1819915771 21.8752136230 0.1626052856
80.7817382812 -14.2484416962 20.8488845825 0.0062179565
79.3880615234 -13.3506002426 19.8225555420 -0.1501693726
77.9168701172 -12.5088748932 18.8273239136 -0.2842178345
76.5231933594 -11.7232637405 17.8320922852 -0.4182662964
75.2069091797 -10.9886665344 16.8368606567 -0.5299758911
73.8906250000 -10.2999820709 15.8727264404 -0.6416854858
72.6517333984 -9.6317024231 14.9396972656 -0.7533874512
71.4128417969 -8.9838275909 14.0066680908 -0.8874359131
70.2514648438 -8.3614616394 13.1358413696 -1.0214843750
69.1674804688 -7.7799053192 12.2650146484 -1.1555328369
68.0833740234 -7.2442607880 11.4252853394 -1.2895812988
67.0769042969 -6.7494277954 10.6477584839 -1.4012908936
66.1477050781 -6.2903060913 9.9013366699 -1.4906539917
65.2185058594 -5.8617897034 9.2171173096 -1.5576782227
64.3668212891 -5.4485797882 8.5639953613 -1.6470413208
63.5925292969 -5.0557746887 7.9730758667 -1.7364120483
62.8182373047 -4.6782722473 7.4132614136 -1.8257751465
62.0439453125 -4.3262786865 6.9156417847 -1.9374847412
61.3471679688 -3.9895877838 6.4180297852 -2.0268478394
60.7276611328 -3.6784038544 5.9826126099 -2.0938720703
60.0308837891 -3.3978290558 5.5160980225 -2.1608963013
59.4888916016 -3.1376590729 5.0806884766 -2.2279205322
58.8693847656 -2.8978958130 4.6763763428 -2.2949447632
58.3273925781 -2.6632328033 4.3031616211 -2.3396301270
57.7854003906 -2.4438724518 3.9299468994 -2.4066543579
57.2434082031 -2.2194118500 3.5878372192 -2.4736785889
56.7014160156 -2.0000534058 3.2768325806 -2.5183563232
56.2368164062 -1.7806949615 2.9347152710 -2.5853805542
55.7722167969 -1.5766410828 2.6237106323 -2.6524047852
55.3851318359 -1.3827877045 2.3126983643 -2.7194290161
54.9205322266 -1.2093410492 2.0016860962 -2.7641143799
54.5334472656 -1.0614013672 1.7217788696 -2.8087997437
54.0688476562 -0.9491710663 1.4107666016 -2.8311386108
53.6816406250 -0.8624477386 1.1619644165 -2.8311386108
53.3719482422 -0.7859287262 0.9131546021 -2.8311386108
53.0622558594 -0.7247123718 0.6954498291 -2.8087997437
52.7525634766 -0.6685962677 0.4777374268 -2.8087997437
52.4428710938 -0.6124820709 0.2911376953 -2.8087997437
52.1330566406 -0.5461635590 0.1356277466 -2.8087997437
51.8233642578 -0.4798450470 0.0112228394 -2.8311386108
51.5136718750 -0.4084262848 -0.1442794800 -2.8311386108
51.2813720703 -0.3319053650 -0.3308868408 -2.8087997437
51.0490722656 -0.2553863525 -0.4863891602 -2.8087997437
50.8167724609 -0.1890678406 -0.6418914795 -2.8087997437
50.5844726562 -0.1329536438 -0.7974014282 -2.8311386108
50.4296875000 -0.0819396973 -0.9218063354 -2.8534774780
50.1973876953 -0.0411281586 -1.0151062012 -2.8534774780
50.0424804688 -0.0054187775 -1.0773086548 -2.8311386108
49.9650878906 0.0353927612 -1.1395111084 -2.8087997437
49.8876953125 0.0915069580 -1.1706085205 -2.8087997437
49.8101806641 0.1629257202 -1.1395111084 -2.8311386108
49.7327880859 0.2292442322 -1.1395111084 -2.8534774780
49.6553955078 0.2853603363 -1.1084060669 -2.8758239746
49.5780029297 0.3210697174 -1.1084060669 -2.8758239746
49.5004882812 0.3210697174 -1.0773086548 -2.8087997437
49.4230957031 0.3108673096 -1.0462036133 -2.7417755127
49.4230957031 0.3006629944 -1.0151062012 -2.6970901489
49.3457031250 0.3006629944 -0.9840087891 -2.6524047852
49.3457031250 0.3108673096 -0.9218063354 -2.6300659180
49.3457031250 0.3210697174 -0.8596038818 -2.6300659180
49.2681884766 0.3261699677 -0.8596038818 -2.6300659180
49.1907958984 0.3312721252 -0.8284988403 -2.6077270508
49.1907958984 0.3465766907 -0.8284988403 -2.6077270508
49.1134033203 0.3771839142 -0.7974014282 -2.6077270508
49.0360107422 0.4179954529 -0.7974014282 -2.6077270508
48.9584960938 0.4639072418 -0.7974014282 -2.6077270508
48.8811035156 0.4945163727 -0.8284988403 -2.6300659180
48.8037109375 0.5149211884 -0.8596038818 -2.6300659180
48.6488037109 0.5302257538 -0.8907012939 -2.6077270508
48.5714111328 0.5557327271 -0.9529037476 -2.5853805542
48.5714111328 0.5812397003 -1.0151062012 -2.5630416870
48.4938964844 0.6118469238 -1.0773086548 -2.5853805542
48.4165039062 0.6424560547 -1.1395111084 -2.6077270508
48.2617187500 0.6832656860 -1.1395111084 -2.6524047852
48.1842041016 0.7240772247 -1.0773086548 -2.6970901489
48.0294189453 0.7444820404 -0.9840087891 -2.7194290161
47.9519042969 0.7597866058 -0.8907012939 -2.7417755127
47.8745117188 0.7648887634 -0.7974014282 -2.7194290161
47.7971191406 0.7648887634 -0.7351989746 -2.6970901489
47.7971191406 0.7750911713 -0.7040939331 -2.6970901489
47.7971191406 0.7954959869 -0.6418914795 -2.6970901489
47.7196044922 0.8414096832 -0.5796890259 -2.7194290161
47.7196044922 0.8924217224 -0.5174942017 -2.7417755127
47.7196044922 0.9281311035 -0.4552917480 -2.7641143799
47.7971191406 0.9536380768 -0.3930892944 -2.7641143799
47.7971191406 0.9587402344 -0.3308868408 -2.7417755127
47.7971191406 0.9536380768 -0.2375793457 -2.7194290161
47.8745117188 0.9536380768 -0.1442794800 -2.7194290161
47.8745117188 0.9587402344 -0.0198745728 -2.7194290161
47.9519042969 0.9791450500 0.1045303345 -2.7194290161
48.0294189453 1.0250587463 0.2600326538 -2.7417755127
48.1068115234 1.0913753510 0.3844375610 -2.7641143799
48.1842041016 1.1627941132 0.4777374268 -2.7864532471
48.2617187500 1.2444171906 0.5710449219 -2.7641143799
48.3391113281 1.3158359528 0.6021423340 -2.7641143799
48.3391113281 1.3719520569 0.6332473755 -2.7417755127
48.4165039062 1.4025592804 0.6643447876 -2.7417755127
48.4165039062 1.4025592804 0.6643447876 -2.7417755127
48.4165039062 1.3872547150 0.6954498291 -2.7641143799
48.4938964844 1.3668498993 0.7576522827 -2.7864532471
48.4938964844 1.3617477417 0.8198547363 -2.7641143799
48.4938964844 1.3872547150 0.9131546021 -2.7417755127
48.5714111328 1.4229640961 1.0375595093 -2.7194290161
48.6488037109 1.4739780426 1.1619644165 -2.6747512817
48.7261962891 1.5147895813 1.2863693237 -2.6524047852
48.8037109375 1.5402965546 1.4418716431 -2.6300659180
48.9584960938 1.5658035278 1.5973739624 -2.6300659180
49.1134033203 1.5913105011 1.7217788696 -2.6077270508
49.3457031250 1.6372222900 1.8772888184 -2.5630416870
49.5780029297 1.7086410522 2.0638885498 -2.5407028198
49.8101806641 1.8004665375 2.2504959106 -2.4960174561
50.0424804688 1.8973922729 2.4371032715 -2.4736785889
50.1973876953 1.9892177582 2.6237106323 -2.4513320923
50.3522949219 2.0657367706 2.7792129517 -2.4289932251
50.4296875000 2.1218528748 2.8725128174 -2.4066543579
50.5070800781 2.1626625061 2.9347152710 -2.3843078613
50.5070800781 2.1983737946 2.9347152710 -2.3843078613
50.5070800781 2.2340831757 2.8725128174 -2.3843078613
50.4296875000 2.2646903992 2.7481155396 -2.3843078613
50.2747802734 2.2799949646 2.6237106323 -2.4066543579
50.1199951172 2.2850971222 2.4059982300 -2.4289932251
49.9650878906 2.2952995300 2.2193984985 -2.4513320923
49.8101806641 2.3003997803 2.0016860962 -2.4513320923
49.6553955078 2.2952995300 1.8150863647 -2.4289932251
49.5004882812 2.2748928070 1.6284790039 -2.4513320923
49.3457031250 2.2493858337 1.4729690552 -2.4736785889
49.2681884766 2.2289810181 1.2863693237 -2.4960174561
49.1907958984 2.2238807678 1.1619644165 -2.5183563232
49.0360107422 2.2544879913 1.0375595093 -2.5407028198
48.9584960938 2.3003997803 0.9131546021 -2.5407028198
48.8811035156 2.3361091614 0.8509521484 -2.5407028198
48.8037109375 2.3361091614 0.7576522827 -2.5407028198
48.6488037109 2.3106021881 0.6954498291 -2.5630416870
48.4938964844 2.2697925568 0.6332473755 -2.5630416870
48.4165039062 2.2289810181 0.5088424683 -2.5407028198
48.2617187500 2.1932716370 0.4155426025 -2.5183563232
48.1842041016 2.1779670715 0.2911376953 -2.4960174561
48.0294189453 2.1677646637 0.1667327881 -2.4736785889
47.9519042969 2.1575622559 0.0112228394 -2.4960174561
47.7971191406 2.1473598480 -0.1442794800 -2.5183563232
47.6422119141 2.1218528748 -0.3308868408 -2.5630416870
47.4099121094 2.0861434937 -0.5174942017 -2.5853805542
47.1002197266 2.0300273895 -0.7040939331 -2.5853805542
46.7905273438 1.9433040619 -0.9529037476 -2.6077270508
46.4033203125 1.8310737610 -1.2328109741 -2.6300659180
46.0162353516 1.6831340790 -1.5438232422 -2.6524047852
45.5516357422 1.5096874237 -1.9170379639 -2.6747512817
45.0870361328 1.3311405182 -2.2902450562 -2.6747512817
44.6999511719 1.1474914551 -2.6634597778 -2.6970901489
44.2353515625 0.9689426422 -3.0055694580 -2.6970901489
43.8482666016 0.7954959869 -3.3476791382 -2.6970901489
43.3836669922 0.6220493317 -3.6897888184 -2.6970901489
42.9964599609 0.4384002686 -4.0318984985 -2.6970901489
42.6093750000 0.2547512054 -4.4051132202 -2.7194290161
42.2221679688 0.0711021423 -4.8094253540 -2.7194290161
41.8350830078 -0.1023445129 -5.1515350342 -2.7417755127
41.6027832031 -0.2502841949 -5.4936447144 -2.7641143799
41.3704833984 -0.3727169037 -5.7113571167 -2.7641143799
41.2156982422 -0.4594402313 -5.8357620239 -2.7417755127
41.1381835938 -0.5053520203 -5.8668594360 -2.7194290161
41.1381835938 -0.5308589935 -5.8046569824 -2.6970901489
41.0607910156 -0.5461635590 -5.7735595703 -2.6747512817
40.9833984375 -0.5665683746 -5.7424545288 -2.6524047852
40.9058837891 -0.5971775055 -5.7113571167 -2.6524047852
40.7510986328 -0.6430892944 -5.7424545288 -2.6747512817
40.5961914062 -0.6992053986 -5.7735595703 -2.6970901489
40.3638916016 -0.7655220032 -5.8046569824 -2.6970901489
40.2091064453 -0.8216381073 -5.8357620239 -2.7194290161
39.9768066406 -0.8522453308 -5.8357620239 -2.7194290161
39.7445068359 -0.8624477386 -5.8357620239 -2.7194290161
39.5895996094 -0.8624477386 -5.8357620239 -2.7194290161
39.4348144531 -0.8777523041 -5.8046569824 -2.7194290161
39.2799072266 -0.9185638428 -5.8046569824 -2.7194290161
39.2025146484 -0.9797801971 -5.8046569824 -2.6970901489
39.1251220703 -1.0409965515 -5.8357620239 -2.6747512817
38.9702148438 -1.0818080902 -5.8357620239 -2.6524047852
38.8928222656 -1.0920104980 -5.8357620239 -2.6524047852
38.8153076172 -1.0818080902 -5.8357620239 -2.6524047852
38.8153076172 -1.0716037750 -5.8357620239 -2.6970901489
38.8153076172 -1.0818080902 -5.8046569824 -2.7417755127
38.8153076172 -1.1124153137 -5.7735595703 -2.7641143799
38.7379150391 -1.1481246948 -5.7424545288 -2.7864532471
38.6605224609 -1.1940383911 -5.7424545288 -2.7864532471
38.5830078125 -1.2348480225 -5.7113571167 -2.7417755127
38.5830078125 -1.2552547455 -5.7113571167 -2.6970901489
38.5056152344 -1.2756595612 -5.6491546631 -2.6747512817
38.4282226562 -1.2909641266 -5.5869522095 -2.6524047852
38.4282226562 -1.3164710999 -5.5247497559 -2.6524047852
38.3508300781 -1.3470783234 -5.4936447144 -2.6524047852
38.3508300781 -1.3827877045 -5.4625473022 -2.6747512817
38.2733154297 -1.4082946777 -5.4314422607 -2.6747512817
38.1959228516 -1.4184970856 -5.4003448486 -2.6747512817
38.1959228516 -1.4082946777 -5.3381423950 -2.6524047852
38.1185302734 -1.3878898621 -5.3070449829 -2.6300659180
38.0410156250 -1.3623828888 -5.2448425293 -2.6300659180
37.9636230469 -1.3317737579 -5.1515350342 -2.6524047852
37.8862304688 -1.3062667847 -5.0893325806 -2.6747512817
37.8088378906 -1.2807617188 -5.0271301270 -2.6970901489
37.8088378906 -1.2705574036 -4.9960327148 -2.6747512817
37.7313232422 -1.2807617188 -4.9338302612 -2.6524047852
37.7313232422 -1.3011665344 -4.8716278076 -2.6077270508
37.6539306641 -1.3215713501 -4.7783279419 -2.5630416870
37.6539306641 -1.3368759155 -4.7161254883 -2.5407028198
37.5765380859 -1.3419780731 -4.6539230347 -2.5407028198
37.5765380859 -1.3215713501 -4.5917205811 -2.5407028198
37.4990234375 -1.2858619690 -4.5295181274 -2.5407028198
37.4216308594 -1.2501525879 -4.4673156738 -2.5407028198
37.3442382812 -1.2297477722 -4.4051132202 -2.5183563232
37.2667236328 -1.2144432068 -4.3429107666 -2.5183563232
37.2667236328 -1.2042407990 -4.2807083130 -2.5183563232
37.1893310547 -1.1991386414 -4.2185058594 -2.5183563232
37.1119384766 -1.2042407990 -4.1874084473 -2.5407028198
37.1119384766 -1.2042407990 -4.1563034058 -2.5407028198
37.0345458984 -1.1889362335 -4.1252059937 -2.5630416870
36.9570312500 -1.1634292603 -4.0630035400 -2.5853805542
36.9570312500 -1.1379222870 -4.0318984985 -2.5853805542
36.8796386719 -1.1124153137 -3.9696960449 -2.5853805542
36.8796386719 -1.0869083405 -3.9075012207 -2.5853805542
36.8796386719 -1.0614013672 -3.8452987671 -2.5630416870
36.8022460938 -1.0460987091 -3.8141937256 -2.5630416870
36.8022460938 -1.0358943939 -3.7830963135 -2.5630416870
36.8022460938 -1.0307941437 -3.7519912720 -2.5630416870
36.8022460938 -1.0205917358 -3.7208938599 -2.5630416870
36.7247314453 -1.0103874207 -3.6586914062 -2.5407028198
36.7247314453 -1.0052871704 -3.5964889526 -2.4960174561
36.8022460938 -1.0001850128 -3.5653839111 -2.4513320923
36.7247314453 -0.9797801971 -3.5031814575 -2.4289932251
36.7247314453 -0.9593753815 -3.4409866333 -2.4066543579
36.7247314453 -0.9338684082 -3.4098815918 -2.3843078613
36.6473388672 -0.8981590271 -3.4098815918 -2.3843078613
36.6473388672 -0.8471450806 -3.3787841797 -2.4066543579
36.6473388672 -0.8012313843 -3.3787841797 -2.4289932251
36.5699462891 -0.7757244110 -3.3476791382 -2.4513320923
36.5699462891 -0.7859287262 -3.3165817261 -2.4513320923
36.5699462891 -0.8165359497 -3.2854766846 -2.4513320923
36.5699462891 -0.8522453308 -3.2543792725 -2.4289932251
36.5699462891 -0.8675498962 -3.2232742310 -2.4289932251
36.5699462891 -0.8573474884 -3.1921768188 -2.4289932251
36.5699462891 -0.8369407654 -3.1610717773 -2.4513320923
36.4924316406 -0.8216381073 -3.1299743652 -2.4736785889
36.4924316406 -0.8165359497 -3.0988693237 -2.5183563232
36.4924316406 -0.8267383575 -3.0677719116 -2.5407028198
36.4924316406 -0.8369407654 -3.0677719116 -2.5407028198
36.4924316406 -0.8369407654 -3.0366668701 -2.5407028198
36.4924316406 -0.8318405151 -3.0055694580 -2.5630416870
36.4924316406 -0.8318405151 -3.0055694580 -2.5853805542
36.4924316406 -0.8471450806 -2.9744720459 -2.5853805542
36.4924316406 -0.8624477386 -2.9744720459 -2.5853805542
36.4150390625 -0.8522453308 -2.9744720459 -2.5630416870
36.4150390625 -0.8165359497 -2.9744720459 -2.5183563232
36.4150390625 -0.7757244110 -2.9744720459 -2.4960174561
36.4924316406 -0.7502193451 -2.9433670044 -2.4513320923
36.4924316406 -0.7451171875 -2.9122695923 -2.4513320923
36.4924316406 -0.7553195953 -2.9122695923 -2.4289932251
36.5699462891 -0.7706241608 -2.8811645508 -2.4066543579
36.5699462891 -0.7859287262 -2.8811645508 -2.4066543579
36.5699462891 -0.7859287262 -2.8811645508 -2.4066543579
36.5699462891 -0.7757244110 -2.8500671387 -2.4066543579
36.6473388672 -0.7655220032 -2.8500671387 -2.4289932251
36.6473388672 -0.7553195953 -2.8500671387 -2.4289932251
36.6473388672 -0.7451171875 -2.8189620972 -2.4513320923
36.6473388672 -0.7196102142 -2.7878646851 -2.4513320923
36.6473388672 -0.6890010834 -2.7567596436 -2.4513320923
36.6473388672 -0.6634960175 -2.7256622314 -2.4513320923
36.6473388672 -0.6481914520 -2.7256622314 -2.4513320923
36.6473388672 -0.6379890442 -2.7256622314 -2.4513320923
36.6473388672 -0.6328868866 -2.7256622314 -2.4736785889
36.6473388672 -0.6430892944 -2.6945571899 -2.4960174561
36.6473388672 -0.6583938599 -2.6945571899 -2.5407028198
36.6473388672 -0.6787986755 -2.6945571899 -2.5630416870
36.6473388672 -0.6941032410 -2.6945571899 -2.5630416870
36.7247314453 -0.6992053986 -2.6945571899 -2.5407028198
36.7247314453 -0.6890010834 -2.6945571899 -2.4960174561
36.7247314453 -0.6736984253 -2.6945571899 -2.4736785889
36.7247314453 -0.6430892944 -2.6634597778 -2.4289932251
36.6473388672 -0.6073799133 -2.6323547363 -2.4066543579
36.6473388672 -0.5614681244 -2.6323547363 -2.3619689941
36.7247314453 -0.5206565857 -2.6012573242 -2.3619689941
36.7247314453 -0.5002517700 -2.6012573242 -2.3396301270
36.7247314453 -0.4951496124 -2.5701522827 -2.3396301270
36.7247314453 -0.5155563354 -2.5390548706 -2.3619689941
36.6473388672 -0.5512657166 -2.5079498291 -2.3619689941
36.6473388672 -0.5869750977 -2.5079498291 -2.3843078613
36.6473388672 -0.6073799133 -2.4768524170 -2.3843078613
36.6473388672 -0.6124820709 -2.5079498291 -2.3843078613
36.6473388672 -0.6073799133 -2.5079498291 -2.3843078613
36.6473388672 -0.5971775055 -2.5079498291 -2.3843078613
36.6473388672 -0.5869750977 -2.4768524170 -2.3843078613
36.6473388672 -0.5767726898 -2.4457550049 -2.3843078613
36.6473388672 -0.5767726898 -2.4146499634 -2.3843078613
36.6473388672 -0.5920753479 -2.3524475098 -2.3619689941
36.6473388672 -0.6073799133 -2.3213500977 -2.3396301270
36.8022460938 -0.6226844788 -2.4768524170 -2.4736785889
