575.5700683594 -156.8237152100 154.2289581299 21.5896911621
577.5797729492 -156.0281677246 154.7785644531 21.3236083984
573.4891967773 -152.3349761963 152.3568725586 20.7966594696
563.6896362305 -145.9963989258 147.1527709961 20.0453643799
548.8035278320 -137.3811340332 139.4754638672 19.1166820526
529.6312255859 -126.9225006104 129.7371063232 18.0596523285
507.0975646973 -115.1185455322 118.4129180908 16.9222755432
482.1807250977 -102.4931488037 106.0181350708 15.7494230270
455.8943786621 -89.5637741089 93.0909271240 14.5828304291
429.1990051270 -76.8154983521 80.1293640137 13.4538021088
402.9660644531 -64.6752014160 67.6029052734 12.3863372803
377.9780273438 -53.4986343384 55.9008636475 11.3919162750
354.7863159180 -43.5315628052 45.3323822021 10.4747114182
333.8533020020 -34.9486312866 36.1035652161 9.6274185181
315.3924255371 -27.8209762573 28.3289184570 8.8343858719
299.4747924805 -22.1162681580 22.0141639709 8.0778741837
286.0470581055 -17.7439537048 17.0963287354 7.3307538033
274.8069152832 -14.5293922424 13.4208335876 6.5690250397
265.4519653320 -12.2850227356 10.7873001099 5.7686882019
257.6087646484 -10.7650642395 8.9724540710 4.9109606743
250.8148651123 -9.7560653687 7.7129364014 3.9781036377
244.6612396240 -9.0316581726 6.7911987305 2.9638564587
238.7743835449 -8.4172058105 5.9782409668 1.8671755791
232.8341674805 -7.7704124451 5.1080284119 0.6974520683
226.5738220215 -6.9877967834 4.0546188354 -0.5307049751
219.8332824707 -6.0434799194 2.7492980957 -1.7943401337
212.5592041016 -4.9245262146 1.1691818237 -3.0694532394
204.7693481445 -3.6762199402 -0.6628417969 -4.3236970901
196.5348663330 -2.3761672974 -2.6723403931 -5.5278549194
188.0158233643 -1.1149215698 -4.7677154541 -6.6537532806
179.3722839355 0.0104980469 -6.8459167480 -7.6732177734
170.7821044922 0.9160079956 -8.7867202759 -8.5664224625
162.4409027100 1.5239906311 -10.4985122681 -9.3166732788
154.4732055664 1.7827072144 -11.8897094727 -9.9166650772
147.0212554932 1.6662864685 -12.9144973755 -10.3653545380
140.1562347412 1.2005958557 -13.5499801636 -10.6658725739
133.8780975342 0.4115104675 -13.7961578369 -10.8307399750
128.1513061523 -0.6298255920 -13.7102813721 -10.8756084442
122.9402923584 -1.8263931274 -13.3438720703 -10.8203048706
118.1205444336 -3.1005744934 -12.7885437012 -10.6846542358
113.5853424072 -4.3359451294 -12.1301574707 -10.4895267487
109.2280120850 -5.4484291077 -11.4660491943 -10.2578783035
104.9062347412 -6.3539390564 -10.8820953369 -10.0043163300
100.5311126709 -7.0071983337 -10.4469909668 -9.7434501648
96.0670623779 -7.3629341125 -10.2008132935 -9.4857149124
91.4429473877 -7.4340820312 -10.1721878052 -9.2352828979
86.7121276855 -7.2271080017 -10.3496627808 -8.9952869415
81.8923797607 -6.7937583923 -10.7103424072 -8.7615509033
77.0370483398 -6.1922416687 -11.2084274292 -8.5309448242
72.2528686523 -5.5001716614 -11.7752075195 -8.2940788269
67.6465454102 -4.7887001038 -12.3477096558 -8.0446910858
63.2891998291 -4.1354408264 -12.8515167236 -7.7744331360
59.2875671387 -3.6050720215 -13.2236480713 -7.4780893326
55.7127685547 -3.2299308777 -13.4125747681 -7.1514854431
52.5825958252 -3.0552978516 -13.3839492798 -6.7925338745
49.9326171875 -3.0747032166 -13.1263198853 -6.4033212662
47.7450561523 -3.2816734314 -12.6454162598 -5.9869794846
45.9487609863 -3.6374092102 -11.9641342163 -5.5518550873
44.4903869629 -4.0966339111 -11.1282730103 -5.1052522659
43.2632293701 -4.6076011658 -10.1950836182 -4.6576061249
42.1783447266 -5.1056289673 -9.2218246460 -4.2193508148
41.1290283203 -5.5325126648 -8.2714614868 -3.8009214401
40.0441284180 -5.8429718018 -7.3955230713 -3.4106664658
38.8525390625 -5.9982032776 -6.6455459595 -3.0558881760
37.4830932617 -5.9787979126 -6.0386810303 -2.7418060303
35.9357910156 -5.7782936096 -5.6035766602 -2.4705052376
34.2106323242 -5.4096221924 -5.3287734985 -2.2398996353
32.3254089355 -4.9115905762 -5.1970977783 -2.0489454269
30.3512573242 -4.3100738525 -5.1742019653 -1.8913822174
28.3415527344 -3.6697502136 -5.2200012207 -1.7609491348
26.3851928711 -3.0294265747 -5.2772521973 -1.6503419876
24.5533447266 -2.4473114014 -5.3058776855 -1.5512132645
22.8993225098 -1.9557495117 -5.2600784302 -1.4573011398
21.4943237305 -1.6000137329 -5.1054992676 -1.3613023758
20.3738403320 -1.3865737915 -4.8192443848 -1.2600865364
19.5379638672 -1.3283615112 -4.3955917358 -1.1494793892
18.9866333008 -1.4189147949 -3.8345336914 -1.0284376144
18.6842651367 -1.6194190979 -3.1646957397 -0.8990478516
18.5953369141 -1.9104766846 -2.4147109985 -0.7633976936
18.6309204102 -2.2468070984 -1.6303787231 -0.6267037392
18.7376403809 -2.5896072388 -0.8517684937 -0.4920969009
18.8265380859 -2.8936004639 -0.1189575195 -0.3658375740
18.8443298340 -3.1264457703 0.5165252686 -0.2531437874
18.7554016113 -3.2687377930 1.0260543823 -0.1581883430
18.5064086914 -3.2946090698 1.3981857300 -0.0841026306
18.0795898438 -3.2040596008 1.6157379150 -0.0329728127
17.4748840332 -3.0164909363 1.6901626587 -0.0047993660
16.7279052734 -2.7448387146 1.6329116821 0.0014615059
15.8742370605 -2.4149742126 1.4783325195 -0.0121035576
14.9671936035 -2.0721740723 1.2665100098 -0.0402770042
14.0779418945 -1.7487754822 1.0317764282 -0.0799283981
13.2420349121 -1.4835929871 0.8199539185 -0.1258411407
12.5128479004 -1.3024902344 0.6653747559 -0.1727967262
11.9615173340 -1.2248764038 0.5966720581 -0.2155790329
11.6058044434 -1.2701492310 0.6367492676 -0.2510566711
11.4635314941 -1.4383163452 0.7970504761 -0.2760996819
11.5169067383 -1.7229042053 1.0661315918 -0.2896647453
11.7481079102 -2.0915756226 1.4325332642 -0.2907085419
12.1215820312 -2.5378646851 1.8733673096 -0.2792301178
12.6017761230 -3.0164909363 2.3542709351 -0.2583608627
13.1175537109 -3.5015830994 2.8409042358 -0.2312307358
13.6333007812 -3.9543380737 3.2989044189 -0.1999268532
14.0957336426 -4.3618164062 3.6939392090 -0.1686229706
14.4692077637 -4.6916809082 4.0030899048 -0.1404495239
14.7359924316 -4.9439315796 4.2034683228 -0.1185369492
14.8427124023 -5.1120986938 4.2950668335 -0.1039280891
14.8427124023 -5.2091178894 4.2721710205 -0.1007976532
14.7182006836 -5.2479248047 4.1576690674 -0.1070585251
14.5225830078 -5.2543907166 3.9630126953 -0.1247973442
14.2557983398 -5.2543907166 3.7225646973 -0.1519274712
14.0068054199 -5.2737960815 3.4649353027 -0.1863617897
13.7933959961 -5.3384742737 3.2244796753 -0.2260136604
13.6510925293 -5.4743003845 3.0241012573 -0.2698392868
13.6155395508 -5.6877441406 2.8924255371 -0.3136644363
13.7222290039 -5.9917335510 2.8351745605 -0.3554029465
13.9534606934 -6.3798103333 2.8695297241 -0.3929677010
14.3269348145 -6.8390312195 2.9840240479 -0.4242715836
14.7893371582 -7.3499984741 3.1729583740 -0.4493150711
15.3406677246 -7.8868370056 3.4076843262 -0.4670538902
15.9453735352 -8.4236755371 3.6653137207 -0.4774885178
16.5322875977 -8.9281730652 3.9172134399 -0.4806189537
17.0836181641 -9.3744583130 4.1347656250 -0.4774885178
17.5638122559 -9.7431297302 4.2950668335 -0.4691405296
17.9195251465 -10.0083160400 4.3694915771 -0.4576625824
18.1507263184 -10.1764831543 4.3523178101 -0.4430541992
18.2574462891 -10.2346916199 4.2378158569 -0.4274020195
18.2040710449 -10.1958847046 4.0259933472 -0.4127936363
18.0440063477 -10.0729942322 3.7340087891 -0.3971419334
17.7772216797 -9.8918914795 3.3733291626 -0.3835768700
17.4570922852 -9.6719818115 2.9783020020 -0.3700118065
17.0836181641 -9.4456062317 2.5661010742 -0.3585333824
16.7279052734 -9.2256965637 2.1825180054 -0.3480987549
16.4077758789 -9.0381278992 1.8332901001 -0.3376641273
16.1587829590 -8.9023017883 1.5584869385 -0.3272294998
15.9809570312 -8.8117485046 1.3638305664 -0.3167948723
15.8742370605 -8.7729415894 1.2550582886 -0.3063602448
15.8386535645 -8.7729415894 1.2378845215 -0.2938389778
15.8742370605 -8.7988128662 1.2951354980 -0.2802739143
15.9453735352 -8.8376197815 1.4268112183 -0.2656650543
16.0343017578 -8.8634948730 1.5928344727 -0.2500133514
16.0876464844 -8.8505554199 1.7874908447 -0.2322745323
16.1054382324 -8.7794113159 1.9764175415 -0.2145352364
16.0343017578 -8.6306495667 2.1424407959 -0.1957530975
15.8564453125 -8.4042701721 2.2569427490 -0.1759271622
15.5896606445 -8.0873413086 2.3199157715 -0.1561017036
15.2161865234 -7.6863327026 2.3141937256 -0.1373190880
14.7359924316 -7.2206420898 2.2454910278 -0.1174931526
14.1846618652 -6.6967391968 2.1138153076 -0.0987110138
13.5799560547 -6.1404953003 1.9420623779 -0.0809721947
12.9574890137 -5.5777893066 1.7416839600 -0.0632333755
12.3349914551 -5.0409507751 1.5298614502 -0.0465378761
11.7658996582 -4.5429191589 1.3352050781 -0.0319290161
11.2856750488 -4.1160354614 1.1691818237 -0.0173206329
10.8944091797 -3.7732353210 1.0546798706 -0.0037555695
10.6098632812 -3.5145187378 1.0031509399 0.0087656975
10.4320068359 -3.3528213501 1.0146026611 0.0192003250
10.3608703613 -3.2752075195 1.0890274048 0.0296349525
10.3964233398 -3.2687377930 1.2207031250 0.0379829407
10.4853515625 -3.3204841614 1.3981857300 0.0463304520
10.6098632812 -3.4045639038 1.6100082397 0.0546784401
10.7521362305 -3.5015830994 1.8275604248 0.0619826317
10.8766174316 -3.5921363831 2.0336685181 0.0703301430
10.9477844238 -3.6503448486 2.2168655396 0.0797214508
10.9477844238 -3.6632843018 2.3599929810 0.0891127586
10.8588562012 -3.6309432983 2.4458694458 0.0995473862
10.6987915039 -3.5339241028 2.4744949341 0.1110253334
10.4675903320 -3.3851623535 2.4458694458 0.1235470772
10.1474304199 -3.1975936890 2.3657226562 0.1371121407
9.8095397949 -2.9776840210 2.2454910278 0.1496334076
9.4360351562 -2.7383689880 2.0966415405 0.1611118317
9.0803527832 -2.5055236816 1.9363403320 0.1705026627
8.7602233887 -2.2985496521 1.7874908447 0.1767635345
8.5112304688 -2.1239166260 1.6558074951 0.1778068542
8.3333740234 -2.0010261536 1.5699386597 0.1746768951
8.2622375488 -1.9298782349 1.5241317749 0.1642422676
8.2622375488 -1.9169425964 1.5355834961 0.1465029716
8.3689270020 -1.9622192383 1.5928344727 0.1225032806
8.5467834473 -2.0527687073 1.6958847046 0.0911993980
8.7602233887 -2.1691932678 1.8390121460 0.0536346436
9.0269775391 -2.3050193787 2.0050430298 0.0108528137
9.2759704590 -2.4408454895 2.1767959595 -0.0340161324
9.5071716309 -2.5637359619 2.3370971680 -0.0799283981
9.7028198242 -2.6478195190 2.4802246094 -0.1237540245
9.8095397949 -2.6995620728 2.5832748413 -0.1623620987
9.8450927734 -2.6930923462 2.6405258179 -0.1957530975
9.7917480469 -2.6413497925 2.6519699097 -0.2187094688
9.6672363281 -2.5443305969 2.6176223755 -0.2301874161
9.4716186523 -2.4085044861 2.5317459106 -0.2291440964
9.2226257324 -2.2468070984 2.4115219116 -0.2155790329
8.9558410645 -2.0657043457 2.2683944702 -0.1894922256
8.6712951660 -1.8975410461 2.1138153076 -0.1508841515
8.4223022461 -1.7423095703 1.9592437744 -0.1018414497
8.2088623047 -1.6129493713 1.8218383789 -0.0444507599
8.0665893555 -1.5353355408 1.7130584717 0.0171136856
7.9954528809 -1.4965286255 1.6386337280 0.0807647705
7.9954528809 -1.5159301758 1.5985641479 0.1433725357
8.0843811035 -1.5741424561 1.6042861938 0.2007632256
8.2266540527 -1.6776313782 1.6443634033 0.2508497238
8.4045104980 -1.8134574890 1.7187881470 0.2925882339
8.6357116699 -1.9557495117 1.8046646118 0.3218050003
8.8491210938 -2.1109809875 1.9077148438 0.3395438194
9.0625610352 -2.2468070984 1.9993133545 0.3458046913
9.2226257324 -2.3632316589 2.0794677734 0.3416309357
9.3293457031 -2.4473114014 2.1309890747 0.3280658722
9.3826904297 -2.4861221313 2.1538925171 0.3082399368
9.3471069336 -2.4861221313 2.1424407959 0.2842402458
9.2581787109 -2.4473114014 2.0966415405 0.2581539154
9.0981140137 -2.3696975708 2.0222167969 0.2331104279
8.9024963379 -2.2662124634 1.9248886108 0.2122411728
8.6890563965 -2.1497879028 1.8161163330 0.1955461502
8.4578552246 -2.0268974304 1.7073364258 0.1861548424
8.2444458008 -1.9104766846 1.5985641479 0.1830244064
8.0487976074 -1.8134574890 1.5126876831 0.1861548424
7.9243164062 -1.7358398438 1.4554367065 0.1945023537
7.8531799316 -1.6970329285 1.4325332642 0.2070240974
7.8353881836 -1.6840972900 1.4382553101 0.2216324806
7.8887329102 -1.7035026550 1.4840621948 0.2351975441
7.9954528809 -1.7423095703 1.5584869385 0.2477192879
8.1555175781 -1.8005218506 1.6558074951 0.2550234795
8.3333740234 -1.8716659546 1.7645874023 0.2571101189
8.5289916992 -1.9298782349 1.8848114014 0.2518930435
8.7068481445 -1.9816207886 1.9935913086 0.2414584160
8.8491210938 -2.0074958801 2.0909194946 0.2226758003
8.9558410645 -2.0010261536 2.1596145630 0.1997199059
9.0269775391 -1.9686851501 2.2054214478 0.1736330986
9.0269775391 -1.8975410461 2.2111434937 0.1465029716
8.9736328125 -1.8005218506 2.1882400513 0.1193728447
8.8669128418 -1.6840972900 2.1367187500 0.0953736305
8.7246398926 -1.5482711792 2.0622940063 0.0776343346
8.5467834473 -1.4059753418 1.9764175415 0.0661563873
8.3689270020 -1.2701492310 1.8790893555 0.0630259514
8.1911010742 -1.1537284851 1.7817611694 0.0692868233
8.0310363770 -1.0696449280 1.6958847046 0.0838952065
7.9065246582 -1.0114326477 1.6329116821 0.1047644615
7.8353881836 -0.9984970093 1.5871124268 0.1318945885
7.7998046875 -1.0179023743 1.5699386597 0.1631984711
7.8175964355 -1.0825805664 1.5813827515 0.1945023537
7.8887329102 -1.1795997620 1.6157379150 0.2258062363
7.9776611328 -1.2960243225 1.6672592163 0.2518930435
8.0843811035 -1.4318504333 1.7359619141 0.2738056183
8.2088623047 -1.5741424561 1.8046646118 0.2873706818
8.3333740234 -1.7099685669 1.8790893555 0.2936315536
8.4223022461 -1.8328590393 1.9420623779 0.2915444374
8.4934387207 -1.9298782349 1.9935913086 0.2821536064
8.5289916992 -1.9945564270 2.0336685181 0.2665014267
8.5112304688 -2.0333671570 2.0508422852 0.2477192879
8.4756469727 -2.0333671570 2.0508422852 0.2268500328
8.3867187500 -2.0074958801 2.0336685181 0.2070240974
8.2977905273 -1.9622192383 2.0050430298 0.1903285980
8.1733093262 -1.8910713196 1.9706878662 0.1788506508
8.0487976074 -1.8199234009 1.9420623779 0.1746768951
7.9421081543 -1.7423095703 1.9134368896 0.1778068542
7.8531799316 -1.6711616516 1.9019927979 0.1882414818
7.7998046875 -1.6129493713 1.9019927979 0.2059807777
7.7820434570 -1.5676765442 1.9191665649 0.2289366722
7.8175964355 -1.5482711792 1.9535140991 0.2550234795
7.8709716797 -1.5482711792 2.0050430298 0.2821536064
7.9598693848 -1.5612068176 2.0680160522 0.3061532974
8.0843811035 -1.5935478210 2.1367187500 0.3259787560
8.2088623047 -1.6323547363 2.2054214478 0.3374571800
8.3333740234 -1.6776313782 2.2741165161 0.3395438194
8.4578552246 -1.7099685669 2.3256454468 0.3311963081
8.5467834473 -1.7423095703 2.3657226562 0.3113703728
8.6179199219 -1.7552452087 2.3771667480 0.2811098099
8.6357116699 -1.7552452087 2.3714447021 0.2414584160
8.6357116699 -1.7293739319 2.3428192139 0.1955461502
8.5823669434 -1.6970329285 2.2970199585 0.1454596519
8.5112304688 -1.6388206482 2.2283172607 0.0953736305
8.4045104980 -1.5806121826 2.1481704712 0.0484175682
8.2977905273 -1.5094642639 2.0622940063 0.0098094940
8.1733093262 -1.4447860718 1.9764175415 -0.0194077492
8.0843811035 -1.3865737915 1.9019927979 -0.0361032486
7.9954528809 -1.3477668762 1.8332901001 -0.0381898880
7.9243164062 -1.3218955994 1.7817611694 -0.0267119408
7.8887329102 -1.3154258728 1.7531356812 -0.0006251335
7.9065246582 -1.3348312378 1.7416839600 0.0379829407
7.9421081543 -1.3736381531 1.7474136353 0.0859823227
7.9954528809 -1.4318504333 1.7645874023 0.1402425766
8.0843811035 -1.5094642639 1.7989349365 0.1976327896
8.1911010742 -1.6000137329 1.8332901001 0.2518930435
8.2799987793 -1.6905670166 1.8733673096 0.3009357452
8.3867187500 -1.7811164856 1.9077148438 0.3405876160
8.4578552246 -1.8652000427 1.9363403320 0.3677177429
8.5112304688 -1.9428138733 1.9535140991 0.3812828064
8.5467834473 -2.0010261536 1.9592437744 0.3791956902
8.5467834473 -2.0398330688 1.9535140991 0.3625001907
8.5289916992 -2.0592384338 1.9363403320 0.3322396278
8.4756469727 -2.0657043457 1.9134368896 0.2905011177
8.4045104980 -2.0527687073 1.8848114014 0.2425017357
8.3333740234 -2.0204315186 1.8561859131 0.1892852783
8.2622375488 -1.9751548767 1.8332901001 0.1371121407
8.1911010742 -1.9298782349 1.8161163330 0.0880689621
8.1377258301 -1.8781356812 1.8161163330 0.0473742485
8.1021728516 -1.8199234009 1.8275604248 0.0160698891
8.0843811035 -1.7681808472 1.8504638672 -0.0016689301
8.1021728516 -1.7229042053 1.8905410767 -0.0068860054
8.1377258301 -1.6776313782 1.9420623779 0.0025053024
8.1911010742 -1.6452903748 1.9935913086 0.0233745575
8.2622375488 -1.6129493713 2.0565643311 0.0536346436
8.3333740234 -1.5870780945 2.1138153076 0.0922431946
8.4045104980 -1.5612068176 2.1596145630 0.1339817047
8.4578552246 -1.5418052673 2.1996917725 0.1767635345
8.5112304688 -1.5288696289 2.2225952148 0.2153716087
8.5289916992 -1.5094642639 2.2283172607 0.2477192879
8.5289916992 -1.4965286255 2.2168655396 0.2717189789
8.5112304688 -1.4771232605 2.1882400513 0.2831969261
8.4756469727 -1.4706573486 2.1424407959 0.2842402458
8.4223022461 -1.4577217102 2.0966415405 0.2717189789
8.3689270020 -1.4512519836 2.0393905640 0.2498059273
8.2977905273 -1.4512519836 1.9821395874 0.2174587250
8.2444458008 -1.4512519836 1.9306182861 0.1788506508
8.2088623047 -1.4641876221 1.8905410767 0.1371121407
8.1911010742 -1.4771232605 1.8561859131 0.0932865143
8.1911010742 -1.4965286255 1.8447418213 0.0525913239
8.2266540527 -1.5159301758 1.8447418213 0.0171136856
8.2622375488 -1.5418052673 1.8561859131 -0.0121035576
8.3333740234 -1.5612068176 1.8848114014 -0.0319290161
8.4223022461 -1.5806121826 1.9191665649 -0.0434074402
8.5112304688 -1.5935478210 1.9535140991 -0.0454940796
8.6001586914 -1.6000137329 1.9935913086 -0.0392336845
8.6890563965 -1.6000137329 2.0222167969 -0.0267119408
8.7602233887 -1.5870780945 2.0508422852 -0.0100164413
8.8135681152 -1.5612068176 2.0622940063 0.0087656975
8.8313598633 -1.5353355408 2.0565643311 0.0265049934
8.8313598633 -1.5029945374 2.0393905640 0.0421566963
8.8135681152 -1.4706573486 2.0107650757 0.0536346436
8.7602233887 -1.4383163452 1.9649658203 0.0588521957
8.6890563965 -1.4124450684 1.9191665649 0.0588521957
8.6179199219 -1.3995094299 1.8619155884 0.0536346436
8.5289916992 -1.3930397034 1.8161163330 0.0432000160
8.4578552246 -1.3995094299 1.7703094482 0.0296349525
8.4045104980 -1.4189147949 1.7359619141 0.0150265694
8.3689270020 -1.4577217102 1.7130584717 0.0014615059
8.3511657715 -1.5029945374 1.7073364258 -0.0068860054
8.3689270020 -1.5547409058 1.7187881470 -0.0100164413
8.4045104980 -1.6194190979 1.7416839600 -0.0047993660
8.4578552246 -1.6840972900 1.7817611694 0.0108528137
8.5467834473 -1.7423095703 1.8275604248 0.0358958244
8.6357116699 -1.7940521240 1.8790893555 0.0703301430
8.7246398926 -1.8393287659 1.9363403320 0.1141557693
8.8135681152 -1.8652000427 1.9878616333 0.1652855873
8.9024963379 -1.8716659546 2.0279388428 0.2205891609
8.9558410645 -1.8716659546 2.0622940063 0.2769360542
8.9914245605 -1.8457946777 2.0794677734 0.3332834244
9.0091857910 -1.8134574890 2.0851898193 0.3833694458
9.0091857910 -1.7681808472 2.0794677734 0.4271950722
8.9736328125 -1.7164382935 2.0565643311 0.4605860710
8.9380493164 -1.6646957397 2.0279388428 0.4814553261
8.8669128418 -1.6129493713 1.9935913086 0.4908461571
8.8135681152 -1.5741424561 1.9592437744 0.4856290817
8.7424316406 -1.5418052673 1.9306182861 0.4689335823
8.6890563965 -1.5223999023 1.9077148438 0.4418034554
8.6535034180 -1.5223999023 1.8905410767 0.4073691368
8.6357116699 -1.5353355408 1.8848114014 0.3656306267
8.6357116699 -1.5676765442 1.8905410767 0.3228487968
8.6535034180 -1.6064834595 1.9077148438 0.2790231705
8.6890563965 -1.6582260132 1.9363403320 0.2404150963
8.7424316406 -1.7099685669 1.9706878662 0.2070240974
8.8135681152 -1.7681808472 2.0107650757 0.1809372902
8.8669128418 -1.8199234009 2.0508422852 0.1642422676
8.9380493164 -1.8652000427 2.0851898193 0.1558942795
8.9914245605 -1.8975410461 2.1195449829 0.1569375992
9.0269775391 -1.9234123230 2.1424407959 0.1652855873
9.0447692871 -1.9363479614 2.1538925171 0.1788506508
9.0269775391 -1.9428138733 2.1538925171 0.1955461502
9.0091857910 -1.9363479614 2.1481704712 0.2132849693
8.9558410645 -1.9234123230 2.1367187500 0.2289366722
8.8847045898 -1.9040069580 2.1195449829 0.2414584160
8.8135681152 -1.8846054077 2.0966415405 0.2477192879
8.7246398926 -1.8716659546 2.0794677734 0.2477192879
8.6357116699 -1.8587303162 2.0622940063 0.2404150963
8.5645751953 -1.8522644043 2.0508422852 0.2258062363
8.5112304688 -1.8587303162 2.0508422852 0.2049369812
8.4578552246 -1.8716659546 2.0622940063 0.1809372902
8.4223022461 -1.8846054077 2.0794677734 0.1538071632
8.4223022461 -1.9104766846 2.1023635864 0.1277208328
8.4223022461 -1.9298782349 2.1367187500 0.1047644615
8.4400634766 -1.9557495117 2.1710662842 0.0859823227
8.4756469727 -1.9751548767 2.2111434937 0.0755476952
8.5289916992 -1.9945564270 2.2454910278 0.0745038986
8.5645751953 -2.0010261536 2.2683944702 0.0828518867
8.6001586914 -1.9945564270 2.2855682373 0.1005907059
8.6357116699 -1.9880905151 2.2912979126 0.1287641525
8.6535034180 -1.9686851501 2.2855682373 0.1642422676
8.6535034180 -1.9428138733 2.2683944702 0.2070240974
8.6535034180 -1.9169425964 2.2397689819 0.2518930435
8.6179199219 -1.8910713196 2.1996917725 0.2978053093
8.5823669434 -1.8652000427 2.1596145630 0.3416309357
8.5467834473 -1.8522644043 2.1138153076 0.3812828064
8.5112304688 -1.8457946777 2.0680160522 0.4125866890
8.4578552246 -1.8522644043 2.0279388428 0.4344992638
8.4400634766 -1.8716659546 1.9935913086 0.4459772110
8.4045104980 -1.9040069580 1.9764175415 0.4459772110
8.4045104980 -1.9492835999 1.9649658203 0.4344992638
8.4045104980 -2.0010261536 1.9649658203 0.4125866890
8.4223022461 -2.0592384338 1.9764175415 0.3812828064
8.4578552246 -2.1174468994 1.9993133545 0.3437180519
8.5112304688 -2.1691932678 2.0279388428 0.2998924255
8.5467834473 -2.2144660950 2.0565643311 0.2529363632
8.6001586914 -2.2532768250 2.0909194946 0.2059807777
8.6535034180 -2.2662124634 2.1138153076 0.1600680351
8.6712951660 -2.2662124634 2.1367187500 0.1172862053
8.7068481445 -2.2532768250 2.1481704712 0.0797214508
8.7068481445 -2.2209358215 2.1538925171 0.0463304520
8.6890563965 -2.1691932678 2.1481704712 0.0192003250
8.6535034180 -2.1109809875 2.1309890747 -0.0016689301
8.6179199219 -2.0463027954 2.1080932617 -0.0173206329
8.5467834473 -1.9816207886 2.0794677734 -0.0298423767
8.4934387207 -1.9234123230 2.0508422852 -0.0371465683
8.4223022461 -1.8716659546 2.0222167969 -0.0423636436
8.3511657715 -1.8328590393 1.9993133545 -0.0454940796
8.2977905273 -1.8134574890 1.9878616333 -0.0486245155
8.2622375488 -1.8134574890 1.9878616333 -0.0496683121
8.2444458008 -1.8328590393 1.9993133545 -0.0496683121
8.2266540527 -1.8652000427 2.0164871216 -0.0496683121
8.2266540527 -1.9169425964 2.0508422852 -0.0486245155
8.2622375488 -1.9751548767 2.0909194946 -0.0454940796
8.2977905273 -2.0333671570 2.1424407959 -0.0402770042
8.3333740234 -2.0915756226 2.1939697266 -0.0319290161
8.3867187500 -2.1433219910 2.2397689819 -0.0204510689
8.4223022461 -2.1821289062 2.2855682373 -0.0047993660
8.4578552246 -2.2080001831 2.3199157715 0.0139832497
8.4934387207 -2.2080001831 2.3370971680 0.0369396210
8.5112304688 -2.1885948181 2.3485412598 0.0609393120
8.5112304688 -2.1433219910 2.3370971680 0.0880689621
8.4934387207 -2.0851097107 2.3141937256 0.1141557693
8.4578552246 -2.0139617920 2.2741165161 0.1412858963
8.4223022461 -1.9298782349 2.2283172607 0.1652855873
8.3867187500 -1.8393287659 2.1710662842 0.1851115227
8.3333740234 -1.7487754822 2.1080932617 0.2018065453
8.2977905273 -1.6711616516 2.0451126099 0.2132849693
8.2622375488 -1.6064834595 1.9821395874 0.2185020447
8.2444458008 -1.5547409058 1.9306182861 0.2185020447
8.2444458008 -1.5223999023 1.8905410767 0.2132849693
8.2622375488 -1.5159301758 1.8561859131 0.2049369812
8.2799987793 -1.5223999023 1.8390121460 0.1924157143
8.3333740234 -1.5482711792 1.8332901001 0.1788506508
8.3867187500 -1.5935478210 1.8390121460 0.1642422676
8.4400634766 -1.6452903748 1.8561859131 0.1517205238
8.4934387207 -1.6970329285 1.8790893555 0.1412858963
8.5467834473 -1.7487754822 1.9077148438 0.1339817047
8.5823669434 -1.8005218506 1.9363403320 0.1298079491
8.6179199219 -1.8328590393 1.9649658203 0.1308512688
8.6357116699 -1.8522644043 1.9821395874 0.1360683441
8.6357116699 -1.8587303162 1.9993133545 0.1444163322
8.6001586914 -1.8457946777 2.0050430298 0.1538071632
8.5823669434 -1.8134574890 1.9993133545 0.1652855873
8.5289916992 -1.7746505737 1.9878616333 0.1757202148
8.4756469727 -1.7229042053 1.9706878662 0.1851115227
8.4400634766 -1.6646957397 1.9420623779 0.1913719177
8.3867187500 -1.6064834595 1.9191665649 0.1934590340
8.3511657715 -1.5547409058 1.8905410767 0.1903285980
8.3333740234 -1.5159301758 1.8619155884 0.1830244064
8.3155822754 -1.4835929871 1.8390121460 0.1705026627
8.3333740234 -1.4706573486 1.8218383789 0.1548509598
8.3511657715 -1.4771232605 1.8161163330 0.1360683441
8.3867187500 -1.5029945374 1.8161163330 0.1162428856
8.4400634766 -1.5353355408 1.8218383789 0.0964169502
8.4756469727 -1.5870780945 1.8390121460 0.0786781311
8.5112304688 -1.6517601013 1.8619155884 0.0630259514
8.5467834473 -1.7164382935 1.8905410767 0.0525913239
8.5645751953 -1.7811164856 1.9191665649 0.0463304520
8.5645751953 -1.8393287659 1.9535140991 0.0463304520
8.5467834473 -1.8910713196 1.9878616333 0.0515480042
8.4934387207 -1.9298782349 2.0222167969 0.0619826317
8.4400634766 -1.9557495117 2.0508422852 0.0755476952
8.3689270020 -1.9622192383 2.0851898193 0.0932865143
8.2799987793 -1.9557495117 2.1080932617 0.1110253334
8.2088623047 -1.9363479614 2.1367187500 0.1287641525
8.1199340820 -1.9040069580 2.1596145630 0.1454596519
8.0665893555 -1.8652000427 2.1767959595 0.1590247154
8.0310363770 -1.8199234009 2.1996917725 0.1684160233
8.0310363770 -1.7746505737 2.2168655396 0.1746768951
8.0487976074 -1.7293739319 2.2340469360 0.1767635345
8.1021728516 -1.6905670166 2.2512207031 0.1746768951
8.1911010742 -1.6582260132 2.2626724243 0.1705026627
8.2977905273 -1.6323547363 2.2741165161 0.1663289070
8.4223022461 -1.6194190979 2.2798461914 0.1611118317
8.5467834473 -1.6064834595 2.2798461914 0.1590247154
8.6890563965 -1.6064834595 2.2683944702 0.1611118317
8.7957763672 -1.6064834595 2.2569427490 0.1673722267
8.9024963379 -1.6064834595 2.2340469360 0.1788506508
8.9736328125 -1.6064834595 2.2054214478 0.1976327896
9.0091857910 -1.6000137329 2.1653442383 0.2216324806
9.0091857910 -1.5935478210 2.1195449829 0.2498059273
8.9558410645 -1.5806121826 2.0737380981 0.2821536064
8.8847045898 -1.5612068176 2.0222167969 0.3155441284
8.7957763672 -1.5353355408 1.9764175415 0.3478918076
8.6890563965 -1.5094642639 1.9306182861 0.3771085739
8.5823669434 -1.4771232605 1.8905410767 0.4000649452
8.4756469727 -1.4512519836 1.8561859131 0.4157171249
8.4045104980 -1.4318504333 1.8390121460 0.4198908806
8.3511657715 -1.4189147949 1.8332901001 0.4136300087
8.3511657715 -1.4189147949 1.8447418213 0.3958911896
8.4045104980 -1.4253807068 1.8619155884 0.3656306267
8.4756469727 -1.4512519836 1.8962631226 0.3249354362
8.6179199219 -1.4835929871 1.9306182861 0.2748494148
8.7602233887 -1.5353355408 1.9764175415 0.2185020447
8.9380493164 -1.5870780945 2.0164871216 0.1579813957
9.1159057617 -1.6452903748 2.0508422852 0.0964169502
9.2581787109 -1.7035026550 2.0794677734 0.0369396210
9.3648986816 -1.7617111206 2.0909194946 -0.0173206329
9.4004821777 -1.8005218506 2.0794677734 -0.0642766953
9.3471069336 -1.8263931274 2.0508422852 -0.1007976532
9.2048339844 -1.8328590393 1.9935913086 -0.1258411407
8.9380493164 -1.8134574890 1.9077148438 -0.1394062042
8.5645751953 -1.7681808472 1.8046646118 -0.1414928436
8.0665893555 -1.6970329285 1.6729888916 -0.1321020126
7.4619140625 -1.5935478210 1.5184097290 -0.1143627167
6.7682800293 -1.4706573486 1.3523788452 -0.0882763863
6.0035400391 -1.3218955994 1.1749038696 -0.0590591431
5.1676330566 -1.1601943970 0.9916992188 -0.0277552605
4.3139343262 -0.7721214294 0.9458999634 -0.0413203239
5.1498413086 -0.9532241821 1.1405563354 -0.0381898880
5.9501647949 -1.1407928467 1.3294830322 -0.0308856964
6.7149353027 -1.3218955994 1.5126876831 -0.0183644295
7.3907470703 -1.4965286255 1.6787109375 -0.0006251335
7.9776611328 -1.6452903748 1.8332901001 0.0212874413
8.4756469727 -1.7746505737 1.9592437744 0.0473742485
8.8491210938 -1.8781356812 2.0680160522 0.0755476952
9.0981140137 -1.9557495117 2.1424407959 0.1047644615
9.2581787109 -2.0010261536 2.1939697266 0.1339817047
9.3115539551 -2.0204315186 2.2225952148 0.1600680351
9.2937622070 -2.0139617920 2.2283172607 0.1840677261
9.2048339844 -1.9880905151 2.2168655396 0.2028503418
9.0625610352 -1.9492835999 2.1825180054 0.2164154053
8.9024963379 -1.8910713196 2.1424407959 0.2247629166
8.7424316406 -1.8263931274 2.0966415405 0.2268500328
8.6001586914 -1.7617111206 2.0508422852 0.2237195969
8.4578552246 -1.6905670166 2.0050430298 0.2153716087
8.3689270020 -1.6323547363 1.9649658203 0.2038936615
8.2977905273 -1.5741424561 1.9306182861 0.1892852783
8.2799987793 -1.5353355408 1.9077148438 0.1736330986
8.2977905273 -1.4965286255 1.8905410767 0.1590247154
8.3511657715 -1.4771232605 1.8905410767 0.1454596519
8.4045104980 -1.4641876221 1.8905410767 0.1339817047
8.4934387207 -1.4577217102 1.9019927979 0.1266775131
8.5645751953 -1.4577217102 1.9134368896 0.1225032806
8.6357116699 -1.4641876221 1.9306182861 0.1214599609
8.7068481445 -1.4771232605 1.9477920532 0.1235470772
8.7424316406 -1.4900588989 1.9592437744 0.1287641525
8.7779846191 -1.5029945374 1.9706878662 0.1350250244
8.7779846191 -1.5094642639 1.9821395874 0.1412858963
8.7602233887 -1.5223999023 1.9878616333 0.1454596519
8.7246398926 -1.5288696289 1.9935913086 0.1485900879
8.6890563965 -1.5353355408 1.9935913086 0.1475467682
8.6357116699 -1.5353355408 1.9993133545 0.1423292160
8.6001586914 -1.5418052673 2.0050430298 0.1318945885
8.5645751953 -1.5418052673 2.0107650757 0.1162428856
8.5467834473 -1.5418052673 2.0222167969 0.0964169502
8.5467834473 -1.5482711792 2.0393905640 0.0734605789
8.5645751953 -1.5482711792 2.0622940063 0.0463304520
8.5823669434 -1.5547409058 2.0909194946 0.0181570053
8.6357116699 -1.5612068176 2.1195449829 -0.0110597610
8.6712951660 -1.5676765442 2.1596145630 -0.0392336845
8.7246398926 -1.5676765442 2.1939697266 -0.0642766953
8.7779846191 -1.5741424561 2.2340469360 -0.0851459503
8.8135681152 -1.5741424561 2.2683944702 -0.1018414497
8.8313598633 -1.5806121826 2.3027420044 -0.1122760773
8.8491210938 -1.5806121826 2.3256454468 -0.1185369492
8.8313598633 -1.5806121826 2.3428192139 -0.1174931526
8.7957763672 -1.5806121826 2.3542709351 -0.1122760773
8.7424316406 -1.5806121826 2.3542709351 -0.1028847694
8.6890563965 -1.5806121826 2.3428192139 -0.0893197060
8.6179199219 -1.5870780945 2.3256454468 -0.0747113228
8.5467834473 -1.5935478210 2.3027420044 -0.0590591431
8.4934387207 -1.6000137329 2.2741165161 -0.0434074402
8.4223022461 -1.6129493713 2.2454910278 -0.0298423767
8.3867187500 -1.6323547363 2.2111434937 -0.0194077492
8.3689270020 -1.6517601013 2.1825180054 -0.0121035576
8.3689270020 -1.6711616516 2.1596145630 -0.0089731216
8.3867187500 -1.6905670166 2.1424407959 -0.0089731216
8.4400634766 -1.7099685669 2.1309890747 -0.0131468773
8.4934387207 -1.7293739319 2.1252670288 -0.0204510689
8.5467834473 -1.7423095703 2.1252670288 -0.0308856964
8.6179199219 -1.7487754822 2.1367187500 -0.0413203239
8.6890563965 -1.7487754822 2.1481704712 -0.0527987480
8.7424316406 -1.7358398438 2.1653442383 -0.0642766953
8.7957763672 -1.7164382935 2.1825180054 -0.0726242065
8.8135681152 -1.6840972900 2.1996917725 -0.0788850784
8.8313598633 -1.6517601013 2.2111434937 -0.0809721947
8.8135681152 -1.6064834595 2.2225952148 -0.0778417587
8.7779846191 -1.5612068176 2.2283172607 -0.0715808868
8.7424316406 -1.5159301758 2.2340469360 -0.0590591431
8.6890563965 -1.4771232605 2.2283172607 -0.0413203239
8.6179199219 -1.4447860718 2.2225952148 -0.0194077492
8.5645751953 -1.4124450684 2.2111434937 0.0077223778
8.5112304688 -1.3995094299 2.1939697266 0.0379829407
8.4756469727 -1.3995094299 2.1767959595 0.0713739395
8.4578552246 -1.4059753418 2.1596145630 0.1078948975
8.4578552246 -1.4318504333 2.1424407959 0.1454596519
8.4756469727 -1.4706573486 2.1252670288 0.1830244064
8.4934387207 -1.5159301758 2.1138153076 0.2195458412
8.5467834473 -1.5676765442 2.0966415405 0.2539801598
8.6001586914 -1.6258850098 2.0909194946 0.2863273621
8.6712951660 -1.6776313782 2.0794677734 0.3145008087
8.7246398926 -1.7293739319 2.0737380981 0.3374571800
8.7779846191 -1.7746505737 2.0680160522 0.3551959991
8.8313598633 -1.8005218506 2.0680160522 0.3666739464
8.8491210938 -1.8199234009 2.0622940063 0.3708477020
8.8669128418 -1.8199234009 2.0622940063 0.3687610626
8.8491210938 -1.8069877625 2.0565643311 0.3593697548
8.8313598633 -1.7811164856 2.0565643311 0.3437180519
8.7957763672 -1.7358398438 2.0508422852 0.3228487968
8.7424316406 -1.6840972900 2.0508422852 0.2967619896
8.6712951660 -1.6258850098 2.0508422852 0.2665014267
8.6179199219 -1.5676765442 2.0508422852 0.2351975441
8.5645751953 -1.5094642639 2.0508422852 0.2028503418
8.5112304688 -1.4577217102 2.0565643311 0.1725897789
8.4934387207 -1.4124450684 2.0565643311 0.1444163322
8.4756469727 -1.3801040649 2.0622940063 0.1204166412
8.4578552246 -1.3542327881 2.0737380981 0.1026778221
8.4756469727 -1.3477668762 2.0794677734 0.0901560783
8.4934387207 -1.3542327881 2.0851898193 0.0859823227
8.5289916992 -1.3736381531 2.0851898193 0.0891127586
8.5645751953 -1.3995094299 2.0851898193 0.0985035896
8.6001586914 -1.4383163452 2.0794677734 0.1151990891
8.6357116699 -1.4835929871 2.0737380981 0.1360683441
8.6712951660 -1.5353355408 2.0622940063 0.1611118317
8.6712951660 -1.5806121826 2.0508422852 0.1871981621
8.6890563965 -1.6258850098 2.0336685181 0.2132849693
8.6712951660 -1.6711616516 2.0164871216 0.2383279800
8.6535034180 -1.7099685669 1.9993133545 0.2591972351
8.6179199219 -1.7423095703 1.9821395874 0.2758927345
8.6001586914 -1.7681808472 1.9764175415 0.2852840424
8.5645751953 -1.7875862122 1.9706878662 0.2894577980
8.5289916992 -1.8069877625 1.9764175415 0.2863273621
8.5112304688 -1.8199234009 1.9935913086 0.2769360542
8.5112304688 -1.8263931274 2.0164871216 0.2623276711
8.5112304688 -1.8393287659 2.0508422852 0.2445888519
8.5289916992 -1.8457946777 2.0909194946 0.2237195969
8.5645751953 -1.8522644043 2.1367187500 0.2038936615
8.6001586914 -1.8522644043 2.1882400513 0.1840677261
8.6535034180 -1.8587303162 2.2397689819 0.1694593430
8.6890563965 -1.8587303162 2.2855682373 0.1579813957
8.7424316406 -1.8522644043 2.3256454468 0.1538071632
8.7779846191 -1.8457946777 2.3542709351 0.1548509598
8.7957763672 -1.8328590393 2.3714447021 0.1631984711
8.7957763672 -1.8134574890 2.3714447021 0.1767635345
8.7957763672 -1.7940521240 2.3657226562 0.1945023537
8.7602233887 -1.7617111206 2.3428192139 0.2164154053
8.7246398926 -1.7293739319 2.3141937256 0.2383279800
8.6890563965 -1.6970329285 2.2741165161 0.2581539154
8.6179199219 -1.6582260132 2.2283172607 0.2758927345
8.5645751953 -1.6194190979 2.1882400513 0.2873706818
8.5289916992 -1.5870780945 2.1481704712 0.2925882339
8.4934387207 -1.5612068176 2.1138153076 0.2884144783
8.4756469727 -1.5353355408 2.0966415405 0.2758927345
8.4756469727 -1.5159301758 2.0909194946 0.2539801598
8.5112304688 -1.5094642639 2.1023635864 0.2237195969
8.5467834473 -1.5094642639 2.1252670288 0.1851115227
8.6179199219 -1.5159301758 2.1653442383 0.1412858963
8.7068481445 -1.5288696289 2.2111434937 0.0943298340
8.7957763672 -1.5418052673 2.2626724243 0.0452871323
8.8847045898 -1.5612068176 2.3199157715 -0.0027122498
8.9736328125 -1.5806121826 2.3714447021 -0.0465378761
9.0447692871 -1.6000137329 2.4172439575 -0.0851459503
9.0981140137 -1.6064834595 2.4458694458 -0.1164498329
9.1159057617 -1.6129493713 2.4630432129 -0.1394062042
9.1159057617 -1.6129493713 2.4630432129 -0.1540145874
9.0803527832 -1.6064834595 2.4401473999 -0.1581883430
9.0269775391 -1.6000137329 2.4057922363 -0.1550579071
8.9380493164 -1.5806121826 2.3542709351 -0.1446232796
8.8313598633 -1.5612068176 2.2970199585 -0.1279277802
8.7246398926 -1.5418052673 2.2283172607 -0.1070585251
8.6001586914 -1.5223999023 2.1653442383 -0.0841026306
8.4934387207 -1.5094642639 2.1080932617 -0.0601029396
8.4045104980 -1.4965286255 2.0622940063 -0.0361032486
8.3333740234 -1.4965286255 2.0279388428 -0.0152339935
8.2977905273 -1.5029945374 2.0164871216 0.0035486221
8.2799987793 -1.5094642639 2.0279388428 0.0192003250
8.2977905273 -1.5288696289 2.0565643311 0.0327653885
8.3333740234 -1.5547409058 2.1023635864 0.0432000160
8.3867187500 -1.5806121826 2.1653442383 0.0536346436
8.4578552246 -1.6000137329 2.2340469360 0.0630259514
8.5467834473 -1.6258850098 2.3084716797 0.0734605789
8.6179199219 -1.6452903748 2.3828964233 0.0870256424
8.6890563965 -1.6582260132 2.4458694458 0.1047644615
8.7246398926 -1.6646957397 2.4916687012 0.1256337166
8.7602233887 -1.6582260132 2.5260238647 0.1517205238
8.7602233887 -1.6517601013 2.5317459106 0.1830244064
8.7424316406 -1.6323547363 2.5145721436 0.2174587250
8.6890563965 -1.6129493713 2.4802246094 0.2550234795
8.6357116699 -1.5935478210 2.4229736328 0.2936315536
8.5645751953 -1.5741424561 2.3485412598 0.3322396278
8.4934387207 -1.5612068176 2.2626724243 0.3677177429
8.4223022461 -1.5547409058 2.1767959595 0.3990216255
8.3511657715 -1.5547409058 2.0966415405 0.4240646362
8.3155822754 -1.5676765442 2.0222167969 0.4418034554
8.2977905273 -1.5870780945 1.9649658203 0.4501514435
8.2977905273 -1.6194190979 1.9248886108 0.4480643272
8.3155822754 -1.6582260132 1.9019927979 0.4355425835
8.3689270020 -1.7035026550 1.9077148438 0.4136300087
8.4223022461 -1.7552452087 1.9363403320 0.3833694458
8.5112304688 -1.8005218506 1.9764175415 0.3458046913
8.5823669434 -1.8393287659 2.0393905640 0.3019790649
8.6535034180 -1.8716659546 2.1080932617 0.2550234795
8.7068481445 -1.8975410461 2.1825180054 0.2080674171
8.7602233887 -1.9040069580 2.2569427490 0.1611118317
8.7779846191 -1.9040069580 2.3199157715 0.1183295250
8.7957763672 -1.8846054077 2.3771667480 0.0807647705
8.7779846191 -1.8587303162 2.4172439575 0.0494608879
8.7424316406 -1.8199234009 2.4401473999 0.0254611969
8.6890563965 -1.7811164856 2.4458694458 0.0098094940
8.6357116699 -1.7358398438 2.4401473999 0.0025053024
8.5823669434 -1.6905670166 2.4229736328 0.0025053024
8.5289916992 -1.6582260132 2.3886184692 0.0098094940
8.4756469727 -1.6323547363 2.3542709351 0.0223307610
8.4578552246 -1.6129493713 2.3141937256 0.0390262604
8.4578552246 -1.6064834595 2.2741165161 0.0588521957
8.4756469727 -1.6129493713 2.2397689819 0.0786781311
8.4934387207 -1.6258850098 2.2054214478 0.0995473862
8.5467834473 -1.6517601013 2.1825180054 0.1183295250
8.6001586914 -1.6776313782 2.1596145630 0.1339817047
8.6357116699 -1.7035026550 2.1481704712 0.1475467682
8.6890563965 -1.7293739319 2.1309890747 0.1579813957
8.7068481445 -1.7487754822 2.1195449829 0.1642422676
8.7246398926 -1.7552452087 2.1080932617 0.1673722267
8.7068481445 -1.7552452087 2.0909194946 0.1673722267
8.6712951660 -1.7423095703 2.0680160522 0.1642422676
8.6001586914 -1.7229042053 2.0451126099 0.1600680351
8.5112304688 -1.6905670166 2.0164871216 0.1538071632
8.4223022461 -1.6517601013 1.9878616333 0.1465029716
8.3333740234 -1.6064834595 1.9592437744 0.1381554604
8.2444458008 -1.5676765442 1.9363403320 0.1287641525
8.1733093262 -1.5353355408 1.9191665649 0.1193728447
8.1199340820 -1.5094642639 1.9134368896 0.1089382172
8.1021728516 -1.4965286255 1.9191665649 0.0985035896
8.1199340820 -1.4900588989 1.9420623779 0.0859823227
8.1733093262 -1.4965286255 1.9764175415 0.0724172592
8.2622375488 -1.5159301758 2.0336685181 0.0578088760
8.3689270020 -1.5353355408 2.0966415405 0.0421566963
8.5112304688 -1.5676765442 2.1653442383 0.0254611969
8.6535034180 -1.5935478210 2.2397689819 0.0087656975
8.8135681152 -1.6194190979 2.3084716797 -0.0089731216
8.9380493164 -1.6323547363 2.3714447021 -0.0256686211
9.0447692871 -1.6323547363 2.4229736328 -0.0402770042
9.1159057617 -1.6258850098 2.4458694458 -0.0538420677
9.1336975098 -1.6000137329 2.4515991211 -0.0632333755
9.1336975098 -1.5612068176 2.4344177246 -0.0694937706
9.0625610352 -1.5159301758 2.3886184692 -0.0705375671
8.9736328125 -1.4641876221 2.3256454468 -0.0674071312
8.8313598633 -1.4124450684 2.2397689819 -0.0590591431
8.6890563965 -1.3671684265 2.1424407959 -0.0454940796
8.5289916992 -1.3283615112 2.0393905640 -0.0277552605
8.3867187500 -1.3089599609 1.9420623779 -0.0058426857
8.2622375488 -1.3089599609 1.8504638672 0.0192003250
8.1733093262 -1.3348312378 1.7703094482 0.0463304520
8.1199340820 -1.3865737915 1.7187881470 0.0755476952
8.1021728516 -1.4577217102 1.6844329834 0.1037211418
8.1377258301 -1.5547409058 1.6787109375 0.1318945885
8.2266540527 -1.6582260132 1.6958847046 0.1579813957
8.3333740234 -1.7746505737 1.7359619141 0.1819810867
8.4756469727 -1.8846054077 1.7932128906 0.2028503418
8.6179199219 -1.9945564270 1.8619155884 0.2195458412
8.7602233887 -2.0851097107 1.9363403320 0.2341542244
8.9024963379 -2.1497879028 2.0050430298 0.2466754913
8.9914245605 -2.1950645447 2.0622940063 0.2560667992
9.0625610352 -2.2080001831 2.1023635864 0.2633709908
9.0803527832 -2.1885948181 2.1252670288 0.2696318626
9.0625610352 -2.1497879028 2.1309890747 0.2758927345
9.0091857910 -2.0851097107 2.1138153076 0.2811098099
8.9024963379 -2.0074958801 2.0737380981 0.2873706818
8.7957763672 -1.9234123230 2.0279388428 0.2925882339
8.6712951660 -1.8393287659 1.9706878662 0.2988491058
8.5289916992 -1.7617111206 1.9134368896 0.3051095009
8.4223022461 -1.7035026550 1.8619155884 0.3103270531
8.3511657715 -1.6711616516 1.8275604248 0.3145008087
8.2977905273 -1.6646957397 1.8103866577 0.3165879250
8.2799987793 -1.6905670166 1.8103866577 0.3165879250
8.3155822754 -1.7358398438 1.8390121460 0.3145008087
8.3867187500 -1.8069877625 1.8848114014 0.3092837334
8.4756469727 -1.8910713196 1.9535140991 0.3009357452
8.6001586914 -1.9816207886 2.0279388428 0.2894577980
8.7068481445 -2.0786399841 2.1080932617 0.2769360542
8.8313598633 -2.1627235413 2.1939697266 0.2623276711
8.9024963379 -2.2338714600 2.2626724243 0.2477192879
8.9558410645 -2.2856140137 2.3199157715 0.2351975441
8.9736328125 -2.3050193787 2.3485412598 0.2237195969
8.9380493164 -2.3050193787 2.3599929810 0.2174587250
8.8491210938 -2.2726783752 2.3428192139 0.2153716087
8.7246398926 -2.2274017334 2.3027420044 0.2195458412
8.5823669434 -2.1562576294 2.2454910278 0.2289366722
8.4223022461 -2.0851097107 2.1710662842 0.2456321716
8.2444458008 -2.0074958801 2.0966415405 0.2675447464
8.1021728516 -1.9363479614 2.0164871216 0.2936315536
7.9776611328 -1.8846054077 1.9477920532 0.3228487968
7.9065246582 -1.8457946777 1.9019927979 0.3541526794
7.8887329102 -1.8328590393 1.8733673096 0.3833694458
7.9243164062 -1.8457946777 1.8676376343 0.4104995728
7.9954528809 -1.8781356812 1.8905410767 0.4324121475
8.1377258301 -1.9234123230 1.9363403320 0.4470210075
8.3155822754 -1.9880905151 1.9993133545 0.4522380829
8.5112304688 -2.0527687073 2.0737380981 0.4491076469
8.7246398926 -2.1109809875 2.1481704712 0.4365863800
8.9202880859 -2.1562576294 2.2225952148 0.4146733284
9.0803527832 -2.1885948181 2.2798461914 0.3844127655
9.2048339844 -2.1885948181 2.3141937256 0.3478918076
9.2759704590 -2.1691932678 2.3199157715 0.3082399368
9.2759704590 -2.1239166260 2.2970199585 0.2675447464
9.2404174805 -2.0527687073 2.2454910278 0.2278933525
9.1336975098 -1.9686851501 2.1653442383 0.1945023537
8.9914245605 -1.8781356812 2.0622940063 0.1673722267
8.8313598633 -1.7875862122 1.9477920532 0.1506772041
8.6535034180 -1.7099685669 1.8332901001 0.1444163322
8.4934387207 -1.6517601013 1.7187881470 0.1496334076
8.3511657715 -1.6194190979 1.6271896362 0.1663289070
8.2622375488 -1.6258850098 1.5584869385 0.1934590340
8.2266540527 -1.6582260132 1.5241317749 0.2289366722
8.2444458008 -1.7293739319 1.5298614502 0.2696318626
8.3155822754 -1.8263931274 1.5642089844 0.3134574890
8.4578552246 -1.9428138733 1.6386337280 0.3551959991
8.6179199219 -2.0721740723 1.7359619141 0.3938040733
8.8135681152 -2.1950645447 1.8561859131 0.4240646362
9.0091857910 -2.3114852905 1.9821395874 0.4438905716
9.1870422363 -2.3955688477 2.1023635864 0.4522380829
9.3293457031 -2.4537811279 2.2111434937 0.4470210075
9.4182434082 -2.4731826782 2.3027420044 0.4271950722
9.4716186523 -2.4537811279 2.3599929810 0.3958911896
9.4360351562 -2.3955688477 2.3828964233 0.3531088829
9.3471069336 -2.2985496521 2.3714447021 0.3019790649
9.2048339844 -2.1821289062 2.3256454468 0.2466754913
9.0269775391 -2.0463027954 2.2626724243 0.1892852783
8.8135681152 -1.9104766846 2.1767959595 0.1350250244
8.6179199219 -1.7940521240 2.0909194946 0.0870256424
8.4223022461 -1.7035026550 2.0050430298 0.0484175682
8.2799987793 -1.6452903748 1.9363403320 0.0212874413
8.2088623047 -1.6323547363 1.8905410767 0.0077223778
8.1911010742 -1.6711616516 1.8790893555 0.0087656975
8.2622375488 -1.7552452087 1.8962631226 0.0244178772
8.3867187500 -1.8781356812 1.9477920532 0.0515480042
8.5823669434 -2.0333671570 2.0336685181 0.0891127586
8.8313598633 -2.2080001831 2.1309890747 0.1339817047
9.0981140137 -2.3826332092 2.2454910278 0.1819810867
9.3648986816 -2.5508003235 2.3542709351 0.2310237885
9.6138916016 -2.6866264343 2.4515991211 0.2758927345
9.8095397949 -2.7836456299 2.5260238647 0.3145008087
9.9518127441 -2.8289184570 2.5603713989 0.3437180519
10.0051574707 -2.8289184570 2.5603713989 0.3614568710
9.9873657227 -2.7642402649 2.5145721436 0.3677177429
9.8806762695 -2.6607551575 2.4344177246 0.3614568710
9.6850280762 -2.5119934082 2.3141937256 0.3426742554
9.4538269043 -2.3373565674 2.1710662842 0.3155441284
9.1870422363 -2.1497879028 2.0107650757 0.2800664902
8.9024963379 -1.9751548767 1.8619155884 0.2404150963
8.6535034180 -1.8199234009 1.7245101929 0.1976327896
8.4400634766 -1.6970329285 1.6157379150 0.1558942795
8.2977905273 -1.6323547363 1.5470352173 0.1183295250
8.2266540527 -1.6129493713 1.5241317749 0.0859823227
8.2444458008 -1.6517601013 1.5527572632 0.0609393120
8.3511657715 -1.7358398438 1.6271896362 0.0442438126
8.5289916992 -1.8652000427 1.7416839600 0.0358958244
8.7602233887 -2.0139617920 1.8848114014 0.0358958244
9.0269775391 -2.1821289062 2.0336685181 0.0432000160
9.2937622070 -2.3373565674 2.1882400513 0.0557217598
9.5249633789 -2.4731826782 2.3141937256 0.0724172592
9.7206115723 -2.5702018738 2.4115219116 0.0922431946
9.8450927734 -2.6219482422 2.4630432129 0.1120686531
9.8628845215 -2.6154785156 2.4573211670 0.1308512688
9.8095397949 -2.5508003235 2.3943481445 0.1465029716
9.6316833496 -2.4408454895 2.2798461914 0.1600680351
9.4004821777 -2.2856140137 2.1252670288 0.1684160233
9.0803527832 -2.1045112610 1.9363403320 0.1736330986
8.7424316406 -1.9169425964 1.7359619141 0.1746768951
8.4045104980 -1.7358398438 1.5470352173 0.1715464592
8.0843811035 -1.5870780945 1.3810043335 0.1652855873
7.8175964355 -1.4706573486 1.2607803345 0.1569375992
7.6397399902 -1.4124450684 1.1978073120 0.1475467682
7.5508117676 -1.4124450684 1.2035293579 0.1360683441
7.5686035156 -1.4706573486 1.2836837769 0.1245903969
7.7108764648 -1.5741424561 1.4325332642 0.1131124496
7.9421081543 -1.7164382935 1.6386337280 0.1005907059
8.2444458008 -1.8846054077 1.8905410767 0.0891127586
8.5823669434 -2.0527687073 2.1653442383 0.0776343346
8.9380493164 -2.2015304565 2.4401473999 0.0671997070
9.2937622070 -2.3114852905 2.6920471191 0.0578088760
9.5783081055 -2.3696975708 2.9038772583 0.0494608879
9.7739562988 -2.3632316589 3.0527267456 0.0442438126
9.8806762695 -2.2791481018 3.1214294434 0.0421566963
9.8806762695 -2.1368522644 3.1157073975 0.0452871323
9.7739562988 -1.9234123230 3.0241012573 0.0536346436
9.5783081055 -1.6711616516 2.8638000488 0.0692868233
9.2937622070 -1.3930397034 2.6462478638 0.0932865143
8.9736328125 -1.1084518433 2.3886184692 0.1256337166
8.6357116699 -0.8562049866 2.1138153076 0.1663289070
8.3333740234 -0.6427612305 1.8561859131 0.2153716087
8.0665893555 -0.4939994812 1.6271896362 0.2717189789
7.9065246582 -0.4293212891 1.4554367065 0.3332834244
7.8353881836 -0.4551925659 1.3523788452 0.3979778290
7.8709716797 -0.5651473999 1.3237533569 0.4616293907
8.0310363770 -0.7527160645 1.3752822876 0.5200634003
8.2799987793 -0.9984970093 1.4955062866 0.5711932182
8.6001586914 -1.2766189575 1.6729888916 0.6108446121
8.9558410645 -1.5741424561 1.8848114014 0.6348443031
9.3115539551 -1.8457946777 2.1138153076 0.6421484947
9.6494750977 -2.0786399841 2.3256454468 0.6285834312
9.9162292480 -2.2338714600 2.5088500977 0.5962362289
10.0762939453 -2.3050193787 2.6347961426 0.5440630913
10.1474304199 -2.2726783752 2.6863250732 0.4741506577
10.0762939453 -2.1433219910 2.6691513062 0.3885869980
9.9162292480 -1.9234123230 2.5718231201 0.2936315536
9.6494750977 -1.6258850098 2.4057922363 0.1934590340
9.3293457031 -1.2766189575 2.1882400513 0.0922431946
8.9736328125 -0.9014778137 1.9420623779 -0.0037555695
8.6357116699 -0.5328063965 1.6958847046 -0.0903630257
8.3511657715 -0.2094116211 1.4668807983 -0.1613187790
8.1555175781 0.0493049622 1.2836837769 -0.2134919167
8.0843811035 0.2239379883 1.1691818237 -0.2468829155
8.1555175781 0.2950859070 1.1348266602 -0.2573175430
8.3689270020 0.2692146301 1.1863555908 -0.2479262352
8.7246398926 0.1463241577 1.3237533569 -0.2197527885
9.1870422363 -0.0477142334 1.5355834961 -0.1769709587
9.7206115723 -0.2870254517 1.7932128906 -0.1237540245
10.3074951172 -0.5392761230 2.0794677734 -0.0642766953
10.8766174316 -0.7656517029 2.3542709351 -0.0047993660
11.4101867676 -0.9273490906 2.5947265625 0.0505042076
11.8725891113 -0.9855613708 2.7664718628 0.0964169502
12.2105102539 -0.9079475403 2.8466262817 0.1298079491
12.4239196777 -0.6751022339 2.8122787476 0.1465029716
12.5484313965 -0.2740898132 2.6634216309 0.1475467682
12.5662231445 0.3015556335 2.3886184692 0.1318945885
12.5306396484 1.0453643799 2.0050430298 0.1016340256
12.5306396484 1.9314727783 1.5355834961 0.0588521957
12.5839843750 2.9469337463 1.0031509399 0.0066790581
12.7618408203 4.0464859009 0.4420928955 -0.0507116318
13.1708984375 5.2107086182 -0.1189575195 -0.1081023216
13.8111572266 6.4072723389 -0.6456680298 -0.1623620987
14.7715454102 7.5973739624 -1.1036758423 -0.2114052773
16.0520935059 8.7615966797 -1.4872512817 -0.2500133514
17.6705322266 9.8870162964 -1.7792282104 -0.2792301178
19.5735168457 10.9736251831 -1.9853363037 -0.2959256172
21.7077331543 12.0084991455 -2.1112823486 -0.3011431694
24.0375671387 13.0045547485 -2.1742630005 -0.2969689369
26.4563293457 13.9682769775 -2.2086105347 -0.2844476700
28.8573303223 14.9190597534 -2.2486877441 -0.2656650543
31.1516113281 15.8633804321 -2.3116607666 -0.2437524796
33.2502441406 16.8141632080 -2.4433364868 -0.2197527885
35.0465393066 17.7649459839 -2.6551666260 -0.1967964172
36.4693298340 18.7092666626 -2.9585952759 -0.1738405228
37.5186462402 19.6277084351 -3.3593521118 -0.1540145874
38.1233520508 20.5073471069 -3.8459854126 -0.1352319717
38.3367614746 21.3029022217 -4.3955917358 -0.1164498329
38.1944885254 21.9820327759 -4.9680938721 -0.0976676941
37.7320861816 22.5059356689 -5.5348815918 -0.0757546425
37.0384521484 22.8358001709 -6.0444107056 -0.0496683121
36.2025451660 22.9457550049 -6.4508895874 -0.0194077492
35.3132934570 22.8163986206 -6.7256927490 0.0160698891
34.4418334961 22.4412536621 -6.8287429810 0.0578088760
33.6770629883 21.8332748413 -6.7485961914 0.1026778221
33.0368041992 21.0118484497 -6.4795150757 0.1506772041
32.5744018555 20.0157852173 -6.0444107056 0.1976327896
32.2720642090 18.9162368774 -5.4719009399 0.2393712997
32.1297912598 17.7584838867 -4.8020706177 0.2738056183
32.0764160156 16.6265945435 -4.0864334106 0.2978053093
32.0764160156 15.5917282104 -3.3936996460 0.3061532974
32.0764160156 14.7056198120 -2.7753906250 0.2978053093
32.0052795410 14.0329589844 -2.2887649536 0.2717189789
31.8096313477 13.6060714722 -1.9796066284 0.2278933525
31.4539489746 13.4443740845 -1.8765563965 0.1694593430
30.9381713867 13.5413970947 -1.9853363037 0.0985035896
30.2623596191 13.8777236938 -2.3116607666 0.0202441216
29.4620056152 14.4080963135 -2.8154678345 -0.0590591431
28.5905456543 15.0807571411 -3.4566802979 -0.1331453323
27.7368774414 15.8245697021 -4.1780395508 -0.1967964172
26.9721069336 16.5683822632 -4.9222946167 -0.2427091599
26.4207763672 17.2539825439 -5.6150283813 -0.2687954903
26.1361999512 17.8166885376 -6.2047119141 -0.2698392868
26.2251281738 18.2371063232 -6.6340942383 -0.2458395958
26.7053222656 18.4828872681 -6.8859939575 -0.1988835335
27.6301574707 18.5799102783 -6.9489746094 -0.1310582161
28.9818115234 18.5540313721 -6.8344726562 -0.0486245155
30.7069702148 18.4634857178 -6.5882949829 0.0411133766
32.7700500488 18.3923339844 -6.2676849365 0.1308512688
35.0465393066 18.4246749878 -5.9470825195 0.2122411728
37.4475097656 18.6445846558 -5.7066268921 0.2758927345
39.8840637207 19.1426162720 -5.6436538696 0.3176312447
42.2138977051 19.9963836670 -5.8268585205 0.3291091919
44.3659057617 21.2446899414 -6.3192138672 0.3113703728
46.2866821289 22.9069442749 -7.1665267944 0.2612843513
47.9406890869 24.9702148438 -8.3802413940 0.1830244064
49.3279266357 27.3827514648 -9.9317321777 0.0807647705
50.5017395020 30.0604705811 -11.7752075195 -0.0371465683
51.5332794189 32.8869552612 -13.8247833252 -0.1634058952
52.5114593506 35.7328414917 -15.9774093628 -0.2875781059
53.5785522461 38.4493713379 -18.1185836792 -0.4023590088
54.8057250977 40.9007110596 -20.1109085083 -0.4994010925
56.3352355957 42.9510421753 -21.8513336182 -0.5745306015
58.2382507324 44.4968795776 -23.2310714722 -0.6235733032
60.5147247314 45.4670639038 -24.1757125854 -0.6496601105
63.2002716064 45.8357391357 -24.6566162109 -0.6559209824
66.2237396240 45.6158294678 -24.6737899780 -0.6496601105
69.4784088135 44.8849487305 -24.2730331421 -0.6423559189
72.8219909668 43.7465972900 -23.5574035645 -0.6433992386
76.0944366455 42.3365859985 -22.6356658936 -0.6653118134
79.1179046631 40.8166275024 -21.6624069214 -0.7195720673
81.7145233154 39.3548736572 -20.7921905518 -0.8124403954
83.7598114014 38.1130371094 -20.1853332520 -0.9501776695
85.1648254395 37.2075271606 -19.9677810669 -1.1296534538
85.9651489258 36.7224349976 -20.2311401367 -1.3446073532
86.2319335938 36.6965637207 -21.0154724121 -1.5814733505
86.1785736084 37.0781707764 -22.3036117554 -1.8183398247
86.1252136230 37.7637710571 -23.9982299805 -2.0301632881
86.4631347656 38.5722579956 -25.9447555542 -2.1845960617
87.6903076172 39.2578582764 -27.9084548950 -2.2492904663
90.3936309814 39.5424499512 -29.6088027954 -2.1866827011
95.1244506836 39.0896911621 -30.7194671631 -1.9633812904
102.4874725342 37.5826644897 -30.9026718140 -1.5501694679
112.9806518555 34.6979751587 -29.8149032593 -0.9220042229
127.0842132568 30.1639556885 -27.1584701538 -0.0642766953
145.1004791260 23.7671813965 -22.6700134277 1.0292739868
167.1361694336 15.3976898193 -16.1777877808 2.3523864746
193.1912841797 5.0231399536 -7.6016311646 3.8862786293
222.9990234375 -7.2659149170 3.0183792114 5.6006903648
256.0792541504 -21.2560348511 15.5448341370 7.4549264908
291.7916564941 -36.6302871704 29.7086601257 9.3978567123
329.2647705078 -52.9747314453 45.1320037842 11.3731346130
367.5559997559 -69.7783966064 61.3454055786 13.3191947937
405.5448913574 -86.4979782104 77.8164367676 15.1723871231
442.0932006836 -102.5578308105 93.9725875854 16.8742771149
476.0804443359 -117.3693771362 109.2184524536 18.3706054688
506.4395141602 -130.4087219238 122.9815216064 19.6165008545
532.2456665039 -141.1842651367 134.7408142090 20.5754451752
552.6984863281 -149.3403320312 144.0726928711 21.2276096344
567.2466430664 -154.5987548828 150.6336059570 21.5636043549
