598.064 -166.988 165.194 21.9165
591.017 -161.151 161.265 20.6516
578.865 -151.621 152.046 20.2308
559.834 -139.461 141.819 19.5135
537.013 -127.508 130.626 18.6836
512.068 -113.725 117.259 17.6549
485.955 -101.16 103.704 15.9059
460.865 -88.7143 93.1715 15.4721
436.287 -78.3652 81.1834 14.6948
412.15 -67.0245 70.3735 12.3101
390.08 -58.8184 59.8818 11.5918
369.947 -50.253 50.5269 11.7281
350.349 -42.5794 42.9865 10.2045
332.818 -35.9374 35.6936 9.16519
316.548 -29.0358 29.838 8.54244
301.943 -24.5568 23.623 9.32839
288.877 -19.9979 18.763 8.04532
276.837 -16.4639 14.5923 5.52427
264.998 -12.3376 10.3508 6.10621
255.755 -9.45588 8.50693 4.36574
245.724 -6.63398 5.23154 3.32747
237.455 -4.59748 2.92233 2.90336
230.025 -3.51264 1.1904 0.200852
221.513 -3.00019 -0.883211 -0.745079
214.908 -1.16328 -2.13211 -1.83918
206.361 0.653617 -3.95242 -3.35632
200.47 1.19268 -4.82425 -4.1981
193.041 1.25262 -7.54593 -4.925
186.377 1.64532 -7.66959 -6.59246
179.294 1.65862 -9.27786 -7.9013
172.048 1.226 -9.26016 -8.6894
165.587 1.05962 -9.44278 -8.26314
157.919 0.580375 -11.4516 -9.61171
151.681 0.0147011 -12.2704 -9.94133
144.341 -0.211617 -12.7299 -10.4954
137.517 -0.717355 -12.9656 -11.5809
130.451 -0.178292 -14.0553 -11.4993
123.627 -1.64253 -14.0318 -12.2068
117.091 -1.2165 -13.8964 -11.102
110.814 -2.75398 -14.0849 -10.7627
105.892 -1.94196 -13.9081 -10.7799
99.5953 -2.21479 -13.9198 -10.5147
93.0992 -2.89362 -15.8227 -9.51507
88.9468 -2.66743 -15.6046 -10.7359
83.4742 -3.52595 -14.9508 -10.0133
78.9195 -3.08003 -15.7343 -10.3665
74.5054 -4.32453 -14.6857 -8.9589
70.7008 -3.6125 -15.0922 -9.25202
66.9117 -4.11823 -14.403 -9.45495
63.6383 -3.87202 -14.9803 -8.56807
58.7125 -3.27302 -13.7196 -7.78534
55.8414 -3.659 -13.5664 -7.76279
53.7711 -3.25312 -13.643 -7.88949
50.6812 -3.72553 -14.4972 -7.03697
47.8258 -3.95185 -13.808 -6.7825
45.3179 -3.51264 -13.7314 -6.24028
41.8414 -3.32624 -12.5356 -6.44751
40.4312 -2.66071 -12.2823 -4.29688
36.7711 -3.57917 -12.6946 -5.16014
34.8883 -3.24641 -12.2998 -4.53632
33.5875 -2.19489 -11.8345 -4.96902
31.1343 -2.12165 -10.9804 -4.37956
28.9742 -3.91865 -10.7152 -4.20455
28.5367 -2.06843 -9.89639 -3.56354
26.3414 -3.37287 -9.05399 -2.64875
25.1695 -2.30134 -9.46048 -2.23216
22.8101 -1.23652 -8.56509 -2.37496
21.857 -3.0268 -8.1586 -1.9852
20.9976 -2.15498 -8.15262 -2.01634
19.1851 -1.71565 -7.62247 -2.26544
19.0211 -2.18818 -7.20426 -1.51063
17.5914 -1.67573 -6.20865 -1.19603
16.4586 -1.68244 -6.27933 -1.9852
15.2672 -0.557687 -5.86698 -1.30126
13.8961 -1.24311 -4.94205 -1.44513
13.1461 -0.956979 -5.91409 -1.41829
11.9195 -0.344674 -4.65347 -1.06934
12.0836 -0.73066 -3.25736 -0.973777
11.2242 -0.863839 -3.32803 -0.0214037
10.9312 -0.790597 -3.52823 -0.909355
9.982 -0.391305 -2.43253 -1.0178
9.86872 -0.411202 -1.814 -0.359621
8.53278 -0.351388 -2.29117 -0.883586
8.33356 -1.13007 -2.39139 -0.425115
7.65778 -0.218209 -1.58426 -0.299493
7.34528 -0.35798 -1.75516 -0.131996
7.4195 0.660209 -1.96134 -0.0922693
7.38044 -0.0385216 -0.788972 0.256684
6.97809 -0.763985 -0.895051 -0.074016
6.63044 -0.684151 -1.33682 -0.870702
6.15388 -0.0186241 -0.942171 -0.835269
5.73591 -0.384591 -0.547517 0.415593
5.07575 -0.803902 0.141814 -0.390758
5.51325 -1.16999 -0.194002 0.0344282
5.25934 -0.278146 -0.27054 -0.328483
4.74763 -0.737374 -0.188142 -0.428337
3.92341 -1.3896 0.984221 -0.442295
4.81794 -1.68244 0.424529 -0.879291
4.61872 -1.30976 0.306731 -0.214672
4.36091 -0.471139 0.224211 -0.241512
4.74763 -1.54267 1.50253 -0.262987
4.25153 -2.57417 0.919402 -0.473432
5.13044 -1.88203 1.89133 -0.216815
5.04059 -2.16828 0.530608 -0.754741
4.89216 -2.50764 0.825163 -0.287681
4.91169 -2.36787 1.66757 -0.759036
4.92731 -2.77387 1.44955 0.404854
6.0445 -3.08674 1.16086 -0.630193
5.07575 -3.68562 1.28464 -0.019256
6.28278 -3.41279 1.59677 -0.210376
6.6695 -3.77888 2.34494 -0.362842
7.01716 -4.47102 2.19772 -0.428337
6.28278 -5.62898 1.95029 -0.795543
6.54059 -5.38947 2.05038 -0.26406
6.61091 -5.66889 1.1373 -0.540002
7.107 -5.74885 2.1329 -0.64952
7.34528 -6.56074 2.15646 -1.32917
7.65778 -6.69392 2.20944 0.0720068
7.74763 -6.31452 2.02682 -0.314525
7.94684 -7.07319 1.69113 -0.591539
8.04059 -6.2812 1.68515 -0.916871
8.57184 -7.71882 1.77353 -0.389684
8.9195 -7.2862 1.83249 -0.0450243
8.89997 -7.85188 1.28464 -0.813796
8.70075 -8.55732 1.80307 -0.795543
9.30231 -8.55073 0.801604 -0.709648
9.34138 -8.0915 1.66159 -0.735416
9.04841 -8.30451 1.07846 -1.12839
8.49763 -7.99165 1.04306 -1.05431
8.66169 -7.73872 1.14328 -0.210376
9.28278 -7.9184 0.230071 -0.0654253
8.68122 -8.38435 1.77939 -0.698909
9.52106 -8.30451 0.748503 -0.54537
9.10309 -8.27119 -0.30594 -0.271575
8.55231 -7.96504 -0.482698 -0.813796
8.40778 -7.77876 0.442229 -0.822385
9.43122 -7.86518 -0.429597 -0.107299
7.91169 -8.12483 0.188933 0.647511
7.91169 -7.44599 -0.0526442 0.238431
8.88044 -7.0865 -0.429597 -0.69569
8.44294 -6.64057 -1.11893 -0.410083
7.16169 -7.13313 -0.317781 -0.596908
6.46638 -6.74714 -0.211702 -0.823459
5.91559 -5.88191 0.33615 -0.774068
5.62653 -5.38276 -0.429597 -0.511012
5.34919 -4.25141 -0.794832 0.113881
6.13825 -5.75544 0.124114 -0.459474
4.98591 -4.6573 0.141814 -0.359621
4.17731 -4.6573 -1.04825 -0.316673
4.70856 -3.45271 -0.500398 -0.832048
4.52497 -3.12666 0.0298753 0.426331
3.28278 -2.86701 -0.824373 -0.156688
3.17341 -3.55256 0.471648 0.200852
3.97809 -2.34797 0.289031 0.00114496
2.89606 -2.92695 0.38925 -0.35103
3.15388 -2.14826 -0.98929 0.270642
3.50153 -1.8288 -0.712434 -0.261913
2.62263 -1.48274 -0.818513 -0.278018
2.84138 -2.78059 -0.412019 0.286748
2.22028 -1.30305 -0.741853 -0.00315039
1.74372 -2.2414 0.247771 -0.468063
1.982 -0.697457 -0.3649 0.258832
1.25153 -1.80219 -0.093904 0.313592
1.28669 -0.917062 0.0769945 -0.744005
1.45075 -1.65583 0.713225 -0.552886
1.38044 -0.417916 0.206633 -0.126628
1.12263 -1.62922 -0.559236 0.264203
1.39606 -0.850533 -0.0113845 -0.338146
1.94684 -1.58918 -0.565095 -0.370357
1.15778 -1.49604 0.766203 0.425255
1.15778 -0.610909 0.0474534 0.501488
1.32575 -0.98359 0.31845 -0.105152
-0.248468 -1.42951 0.188933 0.132134
0.169501 -0.956979 0.477507 -0.244733
0.263251 -0.158395 0.524626 -0.482021
0.517157 -1.33637 -0.341341 0.749516
1.14216 -0.89045 -0.0467848 0.418812
0.337469 -0.198312 -0.24698 -0.368209
1.17731 -0.26484 -0.3295 0.224473
0.700751 -0.371285 -0.182283 -0.033214
0.392157 -0.411202 0.35385 -0.633415
1.45075 -0.49775 0.0357347 -0.184608
0.591376 -0.0518272 0.0298753 -0.0697207
0.700751 -0.704049 0.206633 -0.633415
0.646063 -1.30976 0.666106 -0.278018
1.19684 -0.411202 0.819182 -1.34313
0.739813 0.114555 1.3259 -0.214672
0.00543811 -1.17658 -0.382478 -1.06826
0.0601256 -0.637521 0.613005 -0.60013
0.919501 -0.797189 -0.28824 0.511151
0.810126 -0.318063 0.677825 0.154683
0.114813 -0.125069 0.182951 -0.559329
-0.525812 -0.10505 -0.252962 0.0344282
-0.0844056 0.513847 0.613005 -0.456253
1.10309 -0.624215 -0.28824 0.740925
-0.0297181 0.121146 -0.794832 0.366204
0.134344 -0.557687 -0.376619 0.138577
1.10309 -0.524361 0.259612 0.631405
-0.0492494 -0.198312 -0.300081 -0.258691
0.427313 0.347465 0.00631574 0.00436456
0.685126 -0.318063 0.783904 0.0269132
0.0601256 -0.790597 -0.0467848 -0.91365
0.427313 0.0546181 -0.27054 0.116028
0.0601256 0.247611 -0.3472 0.556248
0.536688 -1.14997 0.39511 -0.335998
1.19684 -0.291451 0.253752 0.637848
0.224188 0.107841 -0.559236 -0.0750879
-0.744562 -1.74897 -0.129182 0.702271
0.169501 -1.11665 -0.629915 -0.105152
-0.103937 -0.564278 -0.0703444 -0.0117411
0.0991881 -0.10505 -0.117464 0.184746
0.337469 0.207694 0.182951 0.393044
-0.267999 -0.710763 -0.659334 -0.149173
-0.432062 -0.10505 -0.718294 -0.416526
0.919501 0.0812294 -0.494417 -0.411157
0.208563 -0.49775 -0.093904 0.293191
0.169501 0.227714 -0.38846 0.609932
0.700751 -0.524361 0.383269 0.611004
0.0601256 0.0147011 0.0651536 0.832188
-0.287531 0.31414 -0.182283 -0.464843
-0.0101869 -0.311471 0.277312 -0.359621
-1.03753 -0.837228 0.400969 -0.00207846
0.517157 -0.437814 0.224211 -0.574359
-0.670343 0.0413124 -0.582796 0.524037
1.25153 0.181083 0.000334297 -0.466991
-0.471124 0.527152 0.218352 -0.223258
-0.0101869 -0.0585411 -0.912752 -0.180313
-0.486749 0.347465 0.236052 0.445656
0.372626 -0.231515 -0.0232253 0.184746
-0.123468 0.347465 -0.0762038 -0.135215
0.282782 0.460624 -0.30594 0.367276
0.755438 0.953056 -0.0467848 -0.344589
-0.396906 0.52056 0.0474534 -0.755817
0.189032 1.29253 0.0298753 0.303929
0.298407 -0.00531844 -0.0172438 0.240578
0.134344 0.00139543 -0.093904 0.819306
0.0991881 -0.464425 -0.3295 0.565911
-0.486749 1.03301 0.112273 -1.21643
-0.580499 0.686942 0.153533 -0.180313
-1.22112 0.154472 -0.830232 0.209443
-1.018 -0.238229 0.660124 0.271718
0.169501 0.0081093 -0.0820632 0.295338
0.189032 -0.198312 -0.0232253 0.550877
-0.725031 0.107841 -0.358919 -0.661331
-0.506281 0.6137 -1.03055 0.271718
-0.0297181 -0.304757 -0.0113845 -0.268356
-0.0648744 -0.24482 -0.32364 0.111737
-0.451593 -0.491158 -0.0585036 0.177231
0.208563 -0.0984581 1.26694 0.0548292
-0.0648744 -0.644234 -0.470857 0.837559
-0.0101869 0.766776 -0.470857 -0.811649
-0.342218 -1.01692 -0.741853 0.283528
-0.506281 0.36077 1.20798 0.249169
-0.342218 0.134452 0.129973 -0.212524
-0.650812 0.0546181 0.118254 0.720524
-0.486749 0.0347206 1.21982 -0.214672
0.0796569 0.374076 -0.300081 0.252389
-0.0101869 -0.877145 0.112273 -0.0579104
-0.232843 -0.24482 -0.176301 0.773137
-0.0648744 -0.0651329 0.453948 -0.363914
0.0991881 0.593681 0.760344 -0.0890459
-0.928156 0.154472 -0.453279 0.549805
-0.0101869 0.207694 0.831023 -0.087974
0.169501 0.374076 0.95468 0.277085
-0.451593 -0.584298 -0.217561 -0.647373
0.462469 0.0413124 0.359709 0.349022
-0.139093 0.0480263 0.153533 -0.402568
-0.432062 0.307548 -0.0467848 0.489678
0.392157 1.29253 0.135832 0.242726
-0.287531 0.221 -0.27054 0.00221689
-0.377374 -0.258126 0.171233 -0.708572
0.208563 -0.537667 -0.0113845 -0.103004
-0.342218 0.593681 -0.241121 -0.757963
-0.357843 0.746757 0.0651536 0.245949
-0.0101869 0.467216 -0.311799 0.0859648
-0.963312 0.919852 -0.0526442 0.344727
-0.541437 -0.298043 0.289031 -0.0289187
0.263251 0.174369 0.654265 -0.134143
-0.158624 -0.917062 0.118254 0.0601965
0.353094 -0.49775 -0.535676 0.209443
-0.178156 0.101249 -0.435579 -0.323114
-0.342218 0.061332 0.554167 -0.124481
-0.471124 -0.211617 -0.98343 0.0956312
-0.0492494 -0.597604 0.613005 0.0172506
0.337469 1.53216 0.159392 0.317887
-0.779718 -0.111764 -0.765413 0.757031
0.462469 -0.24482 0.342009 -0.039657
-0.615656 -1.04353 -1.01285 0.967476
0.665594 0.533866 0.300871 0.456395
-0.928156 -0.504464 -0.129182 -1.05001
0.169501 -0.164986 -0.317781 0.116028
0.407782 -0.431222 -0.512117 -0.313451
-0.506281 -0.26484 -0.152742 -0.501348
-0.0648744 -1.20319 -0.429597 0.413445
0.0601256 0.387382 0.424529 0.0408712
-1.20159 -0.298043 0.707244 0.437066
0.571844 0.247611 1.155 -0.900766
-0.322687 -0.477731 0.518767 0.0408712
0.0249694 -0.857125 0.742644 -0.564697
0.665594 0.620292 -0.859651 0.613156
-0.471124 0.919852 0.247771 -0.799838
-0.0844056 0.906547 0.0946947 0.274937
0.0991881 -0.185006 -0.565095 -0.335998
1.08747 0.12786 -0.0585036 0.469277
-0.541437 0.0480263 0.283171 0.0397993
-0.213312 0.420707 0.37155 0.860104
-0.525812 0.893241 -0.400178 0.180451
-0.0101869 0.420707 -0.0408034 0.263127
-0.158624 0.214408 0.129973 -0.0836786
-0.541437 -0.0186241 0.772063 -0.560401
-0.416437 0.780082 0.112273 0.0333563
-0.322687 0.167777 -0.093904 -0.0149607
-0.451593 -0.797189 -0.229402 -0.193195
0.224188 0.294242 0.33029 -0.22863
-0.0648744 0.0879433 0.383269 -0.389684
0.556219 0.141166 -0.27054 0.618523
0.298407 -0.364693 0.347991 -0.0632776
0.864813 -0.138375 -0.618196 -0.562549
0.646063 -0.0252159 0.259612 0.121399
0.189032 0.926444 -0.447298 -0.364988
0.665594 -0.0119102 -0.24698 0.509003
-0.0101869 0.294242 0.960661 -0.922241
-0.287531 -0.251534 -0.0703444 -0.303787
-0.357843 0.753471 -0.612215 0.0655676
0.755438 0.919852 0.177092 -0.482021
-0.103937 0.646903 -0.252962 0.201928
0.353094 -0.204903 0.560027 -0.335998
-0.486749 0.0347206 0.265471 0.0344282
-0.303156 0.540458 -0.00552508 -0.202861
0.243719 0.540458 0.542327 -0.360694
0.0601256 -0.710763 -0.588655 -0.00851767
0.630438 -0.298043 -0.571077 -0.00100272
0.153876 0.0679238 -0.535676 0.379086
0.407782 0.413993 -0.671174 0.278157
0.482001 1.0396 -1.00113 -0.47021
0.630438 0.254325 0.0769945 -0.463769
-0.213312 -0.185006 0.448088 -0.157764
0.263251 0.593681 0.153533 -0.613014
-0.193781 -0.976998 0.536467 0.251317
0.829657 -0.377999 0.400969 -0.449811
0.114813 0.0147011 0.0121751 0.107441
0.517157 -0.650826 0.000334297 0.153611
0.903876 0.320853 0.300871 0.65503
0.298407 -0.75068 0.300871 0.994317
0.591376 -0.0252159 -0.235261 -0.0171084
-0.416437 -0.284737 0.206633 -0.399347
0.134344 0.653617 -0.753694 0.146092
0.501532 0.480521 -0.30594 0.857956
0.263251 0.620292 0.41281 -0.039657
0.114813 0.0546181 -0.500398 -0.366062
0.884344 0.420707 0.0592943 0.36298
0.720282 -0.371285 0.442229 0.933117
0.939032 0.0081093 -0.98343 0.632481
0.282782 -0.164986 1.06076 -0.203933
0.610907 -0.304757 0.35385 0.00436456
0.0445006 0.606986 -0.170442 0.663617
0.739813 0.0812294 0.671965 0.375866
0.189032 -0.0119102 -0.500398 -0.26406
0.755438 -0.457833 -0.176301 -0.111595
0.556219 -0.817208 0.0121751 0.136429
-0.0101869 0.627006 0.966521 -0.116962
0.169501 0.147758 -0.229402 -0.0482477
0.630438 -0.351388 0.0121751 0.469277
0.720282 -0.0984581 0.648406 -0.295198
0.700751 -0.783883 0.895842 -0.529266
-0.560968 0.241019 -0.335359 0.195485
0.517157 -0.664132 -1.11893 -0.71931
0.720282 -0.0984581 0.39511 0.215886
0.978094 0.021415 -0.123323 0.760251
0.337469 -0.0585411 -0.3295 0.516522
-0.432062 -0.191598 0.465788 -0.450885
0.536688 -0.278146 0.400969 0.522961
0.700751 -0.397897 1.36703 -0.111595
-0.139093 0.447318 -0.170442 1.31858
0.153876 -0.258126 0.118254 -0.444442
0.462469 0.194389 0.0828538 -0.284461
0.134344 -0.537667 -0.26468 -0.00851767
-0.908624 -0.624215 0.889983 -0.679584
0.462469 0.254325 0.560027 -0.532485
0.739813 -0.75068 -0.0113845 -0.302715
0.536688 -1.11665 0.0180345 0.349022
0.446844 -1.00361 0.937102 -0.198566
-0.357843 0.061332 0.29489 0.391972
-0.560968 -0.198312 0.471648 0.342579
-0.158624 -0.331368 -0.30594 -0.213596
-0.744562 0.340873 0.0828538 -0.067573
0.134344 1.01971 -0.034944 0.0773779
0.0445006 -1.07014 0.194792 0.43277
1.32575 0.493949 -0.199861 0.353318
0.372626 -0.0917442 0.583586 0.579869
-0.0297181 0.12786 0.365569 -0.265134
0.774969 0.0812294 0.654265 0.743073
-0.248468 -0.384591 0.0769945 0.644291
0.446844 -0.630807 -0.294099 -0.47021
-0.0648744 -0.670846 -0.412019 0.657178
0.610907 -0.677438 0.347991 0.0881124
-0.248468 -0.637521 0.265471 0.609932
0.153876 -1.22321 0.383269 0.0440908
-0.873468 -1.20991 0.165373 -0.738635
0.700751 0.400687 -0.217561 0.0859648
0.0249694 -0.737374 -0.0172438 -0.13092
0.243719 -0.118356 -0.129182 0.213738
-0.357843 -0.996896 0.206633 0.0430189
0.392157 -0.185006 0.542327 0.293191
0.337469 0.147758 0.97824 -0.382167
-0.0492494 -0.491158 -0.441438 -0.189975
0.189032 -0.491158 0.400969 -0.160983
0.317938 0.773368 -0.26468 -0.503496
0.665594 -0.151681 0.0711351 0.0730825
0.298407 -0.111764 -0.064363 -0.71072
-0.689874 -0.144967 0.141814 -0.289829
0.864813 -0.697457 -0.0232253 0.426331
0.114813 0.141166 0.259612 0.114956
-0.560968 -0.956979 0.0769945 -0.211448
-0.744562 -0.843819 0.29489 -0.876071
0.282782 -0.384591 -0.111482 -0.113742
-0.506281 -0.96357 0.536467 0.301781
-1.05316 -0.550973 -0.382478 -0.331703
0.755438 0.806693 0.984221 -0.348882
-0.232843 -0.278146 0.542327 0.0956312
0.407782 0.114555 -0.158723 -0.103004
0.610907 -0.318063 0.960661 -0.17065
-0.650812 -0.790597 0.289031 -0.609792
0.0991881 -0.451119 -0.0762038 -0.69032
0.282782 -0.344674 0.448088 0.0247656
-0.486749 -0.770577 0.00631574 -0.509939
-0.377374 -0.231515 0.0887132 0.967476
0.00543811 0.154472 0.677825 0.0462385
-0.0101869 0.394096 0.465788 0.980359
0.939032 -0.291451 -0.394319 0.248097
0.610907 -0.923653 0.742644 -0.251176
-0.287531 -0.144967 0.236052 -0.405788
-0.779718 0.021415 -0.553377 0.221253
-0.213312 0.84661 0.0415941 0.00865991
-0.193781 0.567069 0.512908 -0.359621
0.0249694 0.121146 -0.335359 0.193337
-0.471124 -0.976998 -0.747713 -0.419748
-0.580499 0.327445 0.35385 0.448876
0.501532 0.134452 -0.541536 -0.455179
0.864813 0.593681 0.406828 0.125695
0.646063 0.354179 -0.294099 -0.126628
-0.193781 -0.344674 0.106413 0.529404
-0.670343 0.460624 0.453948 0.743073
0.0445006 -0.910348 -0.500398 -0.140586
-0.303156 -0.0651329 0.342009 -1.21214
1.06794 -0.271432 0.100554 -0.00744574
0.337469 -0.477731 0.230071 0.401635
0.774969 -0.783883 -0.217561 0.158978
-0.615656 0.287528 -0.464998 -0.507791
0.0249694 0.666923 0.241911 0.0709348
-0.725031 0.600394 0.277312 0.675427
0.189032 0.201102 -0.252962 0.127843
0.517157 0.480521 -0.0585036 0.0193983
-0.596124 0.00139543 0.141814 0.457467
0.243719 0.0081093 -0.093904 -0.499202
0.482001 0.307548 -0.400178 0.21481
-0.615656 -0.0452354 0.0180345 -0.319892
0.646063 -0.118356 -0.0290846 -0.562549
-0.303156 -0.0651329 -0.529817 0.0355039
0.337469 -0.617501 0.265471 -0.544296
0.169501 0.201102 -0.199861 0.39412
0.337469 -0.0385216 -0.0762038 -0.180313
-0.525812 -0.444527 0.453948 -0.300567
0.685126 0.686942 -0.700593 0.0118795
-0.267999 0.294242 0.41281 0.510079
-0.560968 0.400687 0.907561 -0.564697
0.0445006 -0.777291 0.0534349 0.258832
-0.357843 -0.96357 -0.141023 -0.10408
-0.853937 0.640311 0.359709 0.825745
-0.451593 -0.644234 0.0651536 -0.303787
-0.158624 0.161063 0.177092 0.216958
-0.123468 -1.22321 0.0534349 -1.0833
0.739813 -0.298043 0.707244 -0.047172
-0.0844056 0.12786 -0.170442 0.0462385
0.427313 0.0812294 0.194792 0.253464
-0.689874 -0.0452354 0.165373 0.0698591
-0.416437 0.0679238 0.754485 -0.439075
0.427313 0.134452 0.206633 1.00506
0.517157 0.813285 0.636565 -0.865333
0.317938 0.0746376 0.618987 0.0924078
0.00543811 -0.437814 0.872283 -0.0557627
-0.342218 0.587089 0.660124 0.616376
0.337469 0.666923 -0.683015 -0.0214037
-0.303156 -0.431222 0.0180345 0.442437
0.298407 0.347465 0.383269 0.379086
0.591376 -0.917062 0.171233 -0.162059
1.19684 0.45391 -0.529817 -0.135215
-0.193781 1.01299 0.0534349 0.398415
1.01325 -0.0518272 -0.0820632 -0.29305
0.263251 -0.125069 -0.064363 0.6153
0.407782 0.653617 -0.123323 0.273865
0.446844 -0.0186241 -0.0997634 -0.200714
0.00543811 0.394096 0.430388 0.0548292
0.685126 0.0746376 -0.571077 0.554101
0.919501 0.447318 -0.317781 -0.112667
-0.377374 -0.138375 0.324431 0.201928
0.392157 0.241019 0.730803 0.14824
0.501532 -0.451119 0.677825 1.09739
-0.689874 0.0945351 0.0711351 0.510079
0.298407 0.0945351 -0.38846 -0.303787
0.353094 0.720145 0.200652 0.0290609
0.700751 0.241019 -0.0526442 -0.381093
-0.303156 -0.437814 -0.370759 -1.23147
-0.0492494 0.38079 -0.529817 -1.10262
0.282782 0.267631 -0.0290846 0.117104
0.446844 0.174369 -0.123323 -0.302715
0.591376 0.167777 -0.629915 -0.25225
0.392157 -0.125069 -0.0467848 -0.270503
-0.248468 -0.557687 0.0474534 -0.422969
-0.303156 -0.610909 -0.135164 0.340436
0.224188 -0.444527 0.265471 0.342579
-0.342218 0.0679238 -1.05411 -0.300567
0.407782 0.021415 0.218352 -0.608718
0.243719 0.327445 -0.258821 -0.39183
0.317938 -0.0319298 0.448088 -0.0289187
-0.799249 0.633598 -0.317781 -0.188899
0.446844 0.45391 -0.629915 0.250241
-0.650812 0.31414 0.530608 -0.0138888
0.337469 -0.0651329 0.471648 0.555173
0.337469 -0.1717 -0.506257 -0.194271
-0.0101869 0.347465 -0.0879225 -0.347808
-0.287531 -1.1966 0.477507 0.117104
0.153876 -0.65754 -0.141023 0.0279852
0.0249694 -0.837228 -0.164583 -0.369283
0.337469 -0.59089 -0.394319 -0.698909
0.0445006 0.0413124 0.601286 0.0204702
-0.139093 -0.178292 0.200652 -0.0933413
1.12263 0.620292 0.666106 -0.150249
-0.0101869 -0.331368 -0.576936 -0.142734
0.224188 0.507255 0.536467 1.31965
0.462469 0.214408 0.0828538 0.398415
0.0445006 0.899833 0.0474534 0.270642
0.919501 0.36077 0.400969 1.01901
-0.213312 -0.284737 0.27133 -0.416526
0.392157 -0.0784386 0.153533 -0.455179
0.0991881 0.620292 -0.0820632 -0.426189
0.169501 0.161063 0.0121751 -0.520675
-1.03753 -0.437814 -0.229402 -0.440147
1.19684 0.0280068 -0.635896 0.679722
-0.123468 0.0879433 0.465788 -0.846008
0.720282 -0.138375 -0.641756 0.170788
-0.834406 0.147758 -0.111482 0.461762
-0.357843 0.513847 -1.01871 -0.249029
0.372626 -0.0651329 0.347991 0.190114
1.25153 0.627006 0.106413 0.289971
-0.525812 0.247611 1.11374 -0.25547
-0.0101869 1.16607 0.536467 -0.404716
0.189032 -0.185006 0.000334297 0.349022
0.00543811 0.793388 0.512908 0.0687872
1.01325 -0.0186241 -0.0526442 0.108513
0.282782 -0.790597 -0.476716 0.152535
0.392157 0.587089 0.742644 -0.0579104
0.517157 0.294242 -0.358919 -0.193195
0.810126 0.154472 0.118254 -1.06934
0.427313 -0.0518272 0.542327 0.360833
-0.834406 -0.377999 -0.170442 0.0183225
-0.0101869 -0.1717 0.0298753 -0.876071
1.01325 -0.484444 0.448088 -0.0503954
0.630438 0.121146 0.577727 -0.738635
0.427313 1.16607 0.942961 -0.0525393
-0.0297181 0.374076 0.530608 -0.651666
-0.432062 -0.0518272 0.0711351 0.215886
0.337469 -0.00531844 -0.0879225 0.361908
0.700751 0.666923 0.424529 -1.17778
0.392157 -0.125069 0.483489 0.495045
-0.0492494 0.254325 0.0887132 -0.58295
0.153876 0.434013 0.618987 -0.108375
-0.139093 -0.524361 0.99594 -0.0965609
0.263251 0.174369 0.165373 -0.178165
-0.303156 -0.0718468 0.689665 0.413445
0.0445006 0.746757 0.200652 -0.522823
0.243719 -0.823922 -0.294099 -0.223258
0.0249694 0.0280068 -0.276521 -0.570066
0.282782 -0.364693 0.236052 -0.154544
-0.322687 -0.0319298 0.218352 -1.04142
1.03278 0.227714 0.135832 0.509003
0.610907 0.294242 0.37155 -0.139511
0.224188 -0.570992 0.383269 0.413445
0.337469 0.114555 -0.111482 0.46391
0.224188 0.201102 0.283171 -1.24005
0.0991881 0.061332 0.807463 -0.533559
-0.525812 -0.431222 0.683684 -0.329557
0.755438 0.606986 0.35385 0.250241
0.263251 0.174369 -0.26468 -0.543224
0.298407 0.513847 0.0357347 -0.431558
-0.342218 0.493949 -0.0232253 -0.620529
0.317938 0.374076 0.677825 0.355465
1.12263 0.307548 0.171233 0.483235
0.462469 0.886527 0.359709 0.0419431
0.114813 -0.610909 0.418669 -0.243659
-0.342218 0.740165 0.907561 0.0516096
-0.0297181 -0.178292 -0.453279 -0.039657
0.243719 -0.331368 -0.606355 -0.208229
0.0796569 -0.24482 0.601286 0.68187
0.153876 -0.144967 0.194792 -0.131996
0.978094 0.567069 -0.229402 0.196557
-0.486749 -0.0917442 0.0592943 0.255612
0.134344 0.207694 0.854582 0.231991
0.864813 -0.218209 0.683684 -0.232921
0.0601256 -0.125069 0.501067 0.614228
0.337469 0.633598 -0.358919 0.0644918
0.774969 -0.125069 -0.523958 -0.300567
0.462469 -0.484444 0.0711351 0.526185
-0.213312 0.547172 0.347991 0.288895
0.810126 -0.131661 -0.064363 0.296414
0.353094 -0.224923 -0.341341 0.561616
0.337469 0.021415 -0.188142 -0.335998
0.337469 0.141166 0.306731 -0.451957
-0.432062 -0.0119102 0.277312 0.0805975
0.482001 0.31414 0.512908 -0.401494
0.829657 0.413993 0.200652 0.601342
-0.635187 0.600394 0.583586 0.881581
-0.232843 0.0746376 -0.588655 -0.522823
-0.322687 0.480521 0.135832 0.0677152
0.646063 0.673637 0.795622 -0.76011
0.0445006 0.274223 0.448088 0.106366
0.427313 0.0679238 0.0592943 -0.268356
0.646063 0.36077 0.0121751 0.428479
0.189032 0.121146 0.236052 -0.407936
-0.322687 0.0480263 0.0711351 -0.0868983
0.462469 0.493949 0.206633 0.477868
0.0601256 -0.431222 -0.28824 -0.222186
0.353094 -0.00531844 -0.535676 0.135357
-0.0492494 -0.537667 -0.565095 0.146092
0.864813 0.367484 0.289031 0.0376478
-0.322687 0.434013 -0.034944 -0.314525
0.169501 -0.897042 -0.842073 1.09954
-0.744562 -0.00531844 0.530608 0.548733
0.958563 -0.191598 1.08432 0.0333563
0.427313 0.0413124 0.530608 0.287823
0.00543811 0.633598 0.212492 -0.630193
0.536688 -0.504464 0.247771 -0.381093
0.317938 -0.950265 1.56149 1.07055
-0.0648744 -0.570992 -0.476716 -0.214672
0.517157 0.194389 0.442229 -0.688173
-0.123468 0.327445 0.442229 -0.605497
0.571844 -0.1717 0.618987 0.464982
0.739813 -0.0119102 0.112273 0.198704
0.114813 -0.0585411 0.0238939 0.0548292
-0.0844056 -0.238229 -0.064363 0.103146
0.153876 -0.0784386 -0.606355 0.350098
0.462469 -0.637521 0.0474534 0.374791
0.864813 0.327445 0.530608 -0.145954
-0.287531 0.553764 0.648406 -0.319892
0.282782 0.227714 -0.0997634 0.812863
0.392157 0.407401 0.99008 -0.174945
-0.799249 0.0347206 0.542327 0.510079
-0.0648744 -0.0851524 1.37887 -0.329557
0.0601256 0.181083 -0.164583 -0.203933
1.21247 -0.111764 0.648406 0.139653
0.591376 0.853324 0.277312 -0.0439524
0.337469 0.480521 -0.117464 0.240578
0.978094 -1.07673 0.212492 0.32433
-0.525812 -0.24482 -0.28824 -0.31023
0.392157 -0.218209 -0.199861 -0.647373
0.208563 0.653617 0.0769945 -0.480949
0.903876 0.227714 0.465788 0.584164
1.15778 0.374076 0.695525 0.299634
-0.123468 0.447318 1.17856 -0.521749
1.17731 0.181083 1.3082 -0.89647
-0.303156 0.241019 0.0121751 -0.753669
1.19684 0.241019 0.0592943 -0.689247
1.30622 0.587089 0.613005 -0.878217
-0.580499 0.0945351 -0.123323 0.598122
0.482001 -0.191598 0.548186 -0.0117411
-0.0844056 0.340873 0.35385 -0.0149607
0.208563 0.114555 -0.30594 0.305001
-0.357843 -0.863839 0.0946947 -0.0106653
0.169501 0.0879433 0.683684 -0.94264
0.372626 0.241019 0.106413 -0.659183
0.134344 0.420707 0.477507 0.486458
0.392157 0.147758 -0.26468 0.684018
-0.123468 -0.304757 -0.0172438 -0.775142
0.134344 0.400687 0.33615 0.279233
-0.416437 0.38079 0.442229 -0.634487
-0.0297181 0.633598 0.937102 -0.484168
0.739813 0.107841 0.795622 -0.221111
-0.615656 -0.351388 0.230071 -0.040729
-0.158624 0.427299 0.683684 0.255612
0.700751 0.0147011 0.689665 -0.194271
0.372626 0.52056 -0.188142 0.438141
-0.377374 -0.604195 -0.00552508 0.176156
0.720282 0.161063 -0.199861 0.438141
0.591376 0.653617 0.306731 0.265275
0.392157 -0.377999 0.766203 -0.0922693
-0.158624 -0.151681 0.560027 0.346875
-0.322687 0.274223 0.560027 0.661469
0.189032 -0.298043 0.601286 -0.0482477
0.224188 0.114555 0.29489 -0.0858263
0.134344 0.420707 0.666106 0.124619
0.0249694 -0.0319298 -0.0467848 -0.250102
0.0445006 0.420707 -0.553377 0.482163
-0.267999 -0.1717 0.224211 0.570206
0.00543811 0.0081093 -0.188142 1.26489
0.501532 -0.40461 0.565886 -0.274797
0.134344 -0.790597 -0.152742 -0.206081
0.337469 0.340873 0.424529 0.434918
0.169501 -0.0585411 -0.282381 0.0644918
-0.541437 -0.204903 0.37155 0.0483862
-0.0844056 -0.311471 -0.0113845 -0.0310663
0.700751 0.440604 0.448088 -0.3768
-0.248468 0.547172 -0.800813 -0.877143
1.04841 -0.371285 0.724944 -0.143806
0.353094 -0.531075 0.895842 0.444584
0.446844 -0.178292 0.37155 -0.249029
0.153876 0.753471 0.141814 -0.482021
0.114813 -0.411202 1.28464 -0.518527
-0.232843 -0.577584 0.97238 0.166493
0.462469 0.141166 0.801604 1.15323
0.353094 -0.511056 0.677825 -0.0987124
0.263251 0.367484 0.825163 0.178303
0.224188 -0.211617 0.37155 -0.0622057
0.591376 0.154472 0.218352 -0.711793
-0.0101869 0.367484 -0.229402 -0.151321
0.0445006 -0.0452354 0.283171 -0.0622057
0.282782 0.147758 -0.842073 -0.405788
0.317938 0.653617 0.760344 0.296414
0.392157 -0.397897 -0.335359 -0.422969
-0.248468 0.107841 -0.38846 -0.0482477
-0.123468 0.31414 -0.300081 0.22662
-0.615656 -1.02351 -0.353059 0.00436456
0.282782 -0.0252159 -0.0997634 0.208367
0.0601256 0.840018 -0.064363 0.0193983
-0.615656 0.0746376 0.512908 0.266347
0.427313 1.08623 0.524626 0.204075
-1.56878 -0.550973 -0.294099 0.220181
1.28669 0.201102 1.47897 -0.494907
-0.0297181 -0.0452354 0.100554 0.0526815
0.427313 -0.0385216 0.41281 0.0269132
0.337469 -0.644234 -0.594636 -0.32204
-0.193781 0.300834 0.212492 0.426331
0.0445006 -0.391305 0.583586 -0.610866
-0.158624 -0.211617 0.489348 -0.38861
0.610907 1.74505 0.165373 -0.811649
0.134344 0.274223 -0.417879 -0.848154
1.10309 -0.677438 1.10788 0.506856
-0.357843 -0.26484 -0.506257 0.114956
0.0796569 0.979789 0.677825 0.455319
1.08747 0.527152 -0.311799 -0.266208
0.571844 0.420707 0.124114 -0.602275
0.0445006 0.553764 0.93112 0.0430189
0.169501 0.274223 0.00631574 0.697976
-0.0648744 0.134452 0.383269 -1.283
0.591376 0.0480263 0.124114 -0.18246
0.462469 -0.185006 0.182951 -0.0761637
-0.0492494 0.234306 0.589446 -0.462696
0.517157 0.347465 0.430388 0.401635
0.153876 0.587089 0.501067 0.438141
0.571844 0.320853 -0.712434 -1.06612
-0.0844056 -0.0718468 -0.034944 0.0118795
-1.25628 0.181083 -0.895051 -0.795543
0.446844 -0.617501 0.613005 -0.0375094
0.427313 0.167777 -0.317781 -0.200714
-0.615656 -0.883736 -0.111482 0.984654
0.849188 -0.284737 -0.205842 -0.00637381
0.0601256 -0.0984581 -0.335359 1.18973
0.407782 -0.504464 0.147673 0.244874
-0.0844056 0.733451 -0.194002 0.146092
0.169501 -0.664132 -0.3295 -0.192123
0.556219 -0.0252159 0.241911 0.104218
0.372626 -0.238229 -0.194002 -0.84708
0.482001 -0.59089 0.624846 -0.0364336
0.317938 0.606986 -0.665315 0.526185
0.392157 -1.01692 -0.034944 -0.060058
0.00543811 -0.258126 -1.01871 0.699051
0.407782 -0.0585411 1.04892 -0.0847506
-0.0297181 -0.98359 0.31259 0.254536
0.482001 -0.377999 0.648406 -0.427263
0.958563 -0.10505 0.31845 0.0344282
0.700751 -0.324776 0.630705 0.628186
0.317938 0.267631 0.577727 0.0494619
-0.0648744 0.407401 0.206633 0.527257
0.243719 -0.431222 0.100554 0.25776
0.610907 -0.457833 -0.341341 0.834336
-0.139093 -0.697457 0.106413 -0.689247
-0.416437 -0.151681 -0.435579 0.629258
-0.267999 -0.377999 -1.08939 0.58846
-0.377374 0.0746376 -0.464998 -0.609792
0.646063 -0.377999 0.0121751 -0.463769
0.337469 -0.198312 0.518767 -0.094417
0.0991881 -0.371285 0.819182 0.486458
-0.158624 -0.211617 0.247771 -0.095489
0.298407 -0.557687 0.736785 -0.0761637
0.407782 -1.16999 -0.135164 -0.437999
0.0601256 -0.617501 0.866301 0.62389
-0.213312 -0.511056 0.778044 0.25776
-0.139093 -0.670846 0.766203 0.276013
-0.193781 -0.604195 0.212492 -0.0503954
-0.0648744 0.0280068 -0.0585036 0.730187
0.0445006 0.0280068 -0.229402 0.200852
0.169501 0.227714 0.33029 0.178303
-0.248468 -0.10505 -0.335359 0.128914
0.517157 -0.437814 -0.194002 0.868695
0.0796569 -1.28974 0.39511 0.773137
0.282782 -0.271432 -0.146883 0.948147
0.0796569 -0.231515 0.265471 -0.47021
0.993719 0.434013 -0.158723 0.383381
-0.0101869 -0.211617 -0.459138 -0.289829
0.0445006 -0.956979 0.642546 -0.608718
-0.560968 0.121146 -0.0762038 -0.369283
0.372626 0.587089 -0.27054 -0.164207
-0.506281 -1.06342 0.459929 0.123547
1.10309 -0.131661 0.495207 0.499341
0.903876 -0.40461 0.000334297 -0.217891
1.14216 0.70684 0.289031 -0.0729403
0.263251 0.0546181 -0.0879225 1.18866
1.56013 -0.544381 -0.0526442 0.128914
0.298407 -0.544381 -0.194002 0.337212
0.0249694 -0.504464 0.0534349 -0.067573
0.610907 -0.178292 -0.594636 -0.601203
0.571844 0.221 0.300871 0.468205
0.353094 -0.391305 -0.559236 0.893391
-0.287531 -0.98359 0.147673 -0.298419
-0.0101869 -1.05683 0.37155 0.203
-0.377374 -0.371285 -0.565095 -0.123405
0.591376 0.0746376 -0.3295 -0.0622057
0.536688 -0.338082 -0.117464 0.840779
0.392157 -0.0319298 -0.382478 0.493973
0.482001 -0.75068 1.47897 0.142872
0.630438 -0.451119 -0.170442 0.366204
0.978094 -0.830514 -0.0585036 -0.489538
1.08747 -0.0252159 -0.794832 0.0623441
0.774969 -0.371285 0.153533 -0.0665011
0.0991881 0.061332 1.0372 0.0548292
-0.0844056 -1.07673 0.31845 -0.179237
-0.471124 -0.178292 -0.211702 0.204075
0.919501 0.101249 0.730803 -0.235073
1.28669 0.493949 1.42599 0.398415
0.427313 -0.331368 0.39511 -0.26406
0.446844 -0.371285 0.31845 -0.398273
0.591376 -0.384591 0.624846 0.587384
0.372626 -0.797189 -0.677034 0.482163
1.10309 -1.3896 0.442229 -0.410083
0.114813 -0.770577 0.106413 -0.669919
0.978094 -0.936959 0.37155 0.00865991
0.337469 -1.58918 -0.111482 -0.00529807
0.739813 -0.331368 0.442229 0.658249
0.337469 -0.278146 0.247771 -0.300567
0.774969 -0.783883 -0.0762038 -0.305934
1.08747 -0.810616 0.153533 0.521889
1.90778 0.174369 -0.447298 0.0269132
0.794501 -0.371285 -0.406038 0.429551
1.17731 -0.191598 0.825163 0.743073
1.56013 -0.424508 0.31845 0.358685
0.700751 -0.617501 0.442229 0.0226179
0.392157 0.294242 0.630705 -0.0568346
0.337469 -1.4228 0.424529 -0.635562
0.536688 -0.577584 0.0474534 0.0129553
0.337469 -0.544381 -0.406038 0.0172506
-0.377374 -1.10334 0.571868 0.709786
0.337469 -0.491158 -0.641756 -0.476654
1.232 -0.318063 -0.0290846 -0.116962
0.685126 -0.0851524 0.0121751 0.237359
0.794501 -0.936959 0.453948 -0.280166
1.81794 -0.304757 -0.188142 -0.194271
1.03278 -0.138375 -0.406038 -0.461622
0.536688 0.187797 0.283171 -0.69032
0.0991881 -0.0851524 -0.435579 0.196557
0.0445006 -0.0119102 -0.0290846 0.444584
-0.0297181 -0.351388 -0.500398 -0.403642
0.849188 -1.27644 -0.665315 0.152535
0.0445006 -0.677438 1.26694 0.131062
0.630438 -0.238229 0.424529 -0.308082
-0.0101869 0.0679238 0.0887132 0.510079
0.700751 -0.431222 0.424529 -0.410083
0.517157 -0.311471 -1.30155 0.448876
0.298407 0.420707 -0.294099 -0.498126
-0.248468 -0.384591 -0.064363 0.702271
0.392157 -0.304757 -0.0997634 0.404854
0.282782 -0.59089 -0.547517 0.157902
0.372626 -0.511056 -0.188142 -0.135215
-0.158624 -0.903756 0.0946947 -0.200714
0.591376 -0.318063 0.501067 -0.232921
-0.635187 -0.191598 0.171233 -0.419748
1.17731 -0.324776 0.118254 -0.436927
0.224188 -0.138375 0.342009 -0.607644
0.0991881 -0.131661 0.560027 0.236287
-0.139093 0.141166 0.436369 -0.542148
0.00543811 1.06621 1.43185 0.268494
0.298407 0.394096 0.530608 0.0773779
0.501532 0.879935 0.748503 0.0258375
0.0991881 0.620292 0.259612 0.0129553
0.903876 -1.03681 0.430388 0.0698591
0.571844 0.560477 -0.28824 -0.187828
1.68903 0.693534 0.135832 0.191189
0.884344 1.01299 0.565886 -0.0310663
0.224188 0.493949 0.347991 0.853665
1.06794 0.0679238 0.29489 0.229844
0.646063 0.627006 0.436369 0.350098
1.28669 0.0347206 0.601286 -0.133068
0.536688 1.07952 -0.241121 -0.268356
0.0445006 0.194389 -0.32364 0.503636
0.591376 -0.331368 -0.3649 0.767766
1.14216 0.367484 0.554167 0.893391
-0.705499 -0.158395 0.0651536 0.717305
-0.357843 0.513847 0.0592943 -0.196418
1.27106 0.646903 -0.476716 0.571278
-0.303156 -0.111764 -0.506257 -0.0761637
-0.303156 0.560477 -0.447298 0.506856
0.372626 0.86663 -0.376619 -0.0665011
1.15778 0.254325 0.719084 0.859032
0.864813 0.799979 -0.441438 -0.0686449
0.774969 0.567069 0.35385 -0.00100272
1.34138 0.294242 0.0828538 -0.319892
0.739813 1.07293 0.224211 -0.363914
0.794501 0.726859 0.0651536 -1.01243
1.61872 1.47893 0.577727 -0.210376
1.17731 0.187797 -0.476716 0.236287
1.43513 1.69854 0.159392 -0.304861
1.87263 0.926444 0.0592943 -0.51316
1.12263 0.993095 0.236052 -0.573287
1.17731 0.913139 0.724944 -0.981292
1.45075 1.93804 -0.111482 0.249169
1.61872 0.919852 -0.0585036 0.388749
1.74372 1.49224 0.495207 -0.0321421
2.32966 0.979789 -0.105623 -0.529266
2.51325 2.84991 -0.00552508 0.252389
2.03669 2.018 -0.382478 -0.111595
2.97028 2.15105 -1.49588 -0.163131
2.22028 3.20928 0.39511 -0.0579104
3.15388 2.57696 -0.211702 -0.996326
3.75934 3.40899 -1.4075 0.491826
4.14216 4.67339 -0.765413 -0.562549
4.87263 6.03777 -0.453279 -0.221111
5.64216 5.61187 -1.06583 0.337212
6.20856 6.25738 -1.7316 -0.0836786
9.02888 7.53521 -1.06583 -0.557182
8.9195 9.03936 -2.53861 -0.134143
11.2047 9.55181 -2.15567 -0.397199
12.5054 11.2289 -3.34561 -0.299493
13.6383 12.8462 -3.05704 -0.55396
14.9586 14.1906 -3.71683 0.302853
17.2437 15.0158 -4.21158 -0.677436
18.8023 17.4982 -4.83609 -0.555034
21.0718 18.2171 -4.31766 -0.272651
22.4625 19.7145 -5.6962 -0.666698
23.5054 20.9856 -5.5253 -0.433706
26.0836 23.1287 -5.99063 -1.63303
27.1265 22.35 -6.86844 -0.428337
28.7945 23.9672 -7.58121 0.125695
29.9468 24.6128 -7.98184 -0.393978
30.6226 25.3116 -7.44571 -0.26406
30.8414 23.9672 -7.56363 -0.346736
30.8062 24.8392 -7.28079 0.231991
31.3726 24.4065 -7.66373 -0.265134
30.2945 23.3683 -7.40457 0.46069
29.2672 22.543 -7.79923 -0.150249
29.4508 22.8158 -6.59158 0.112809
27.0914 21.9307 -7.35733 0.370495
25.8297 20.6862 -6.892 0.0741545
25.9195 21.598 -5.55472 -0.790174
24.9859 20.1738 -6.55032 0.197632
24.5484 19.6546 -7.08646 0.0859648
22.607 18.1771 -6.53262 0.73663
23.2281 18.9758 -6.10257 0.311444
21.3648 17.7845 -5.49588 0.522961
21.9312 18.4167 -6.56217 -0.950157
21.7125 18.7961 -6.60928 -0.347808
22.0953 18.4633 -6.12613 -0.128772
21.107 17.8244 -5.81986 -0.447664
20.7047 16.9858 -6.45023 -0.369283
20.4312 17.6314 -7.1984 -0.756889
21.0133 17.8909 -5.6962 -0.137363
20.3765 17.5182 -5.92594 -0.345661
19.6226 16.7596 -5.3721 0.445656
20.1187 17.5182 -5.53116 0.0881124
21.7476 16.673 -6.06729 -0.095489
20.5562 16.5998 -5.21903 -0.0901217
21.7125 18.2104 -6.36771 0.149315
22.5328 17.7446 -6.29703 -0.895397
23.9781 19.3951 -7.66373 0.470353
25.5523 20.7994 -8.0054 0.203
26.8336 23.0954 -9.63126 -0.123405
28.025 23.1154 -9.71964 -0.578655
29.4508 24.4131 -10.7624 -0.47558
31.3531 26.0438 -11.0863 -0.628045
33.4976 26.5695 -11.2748 0.206219
34.7945 28.3864 -11.6696 -0.324188
36.0211 29.4778 -12.995 0.196557
36.8258 29.4778 -13.914 -0.111595
38.2906 30.7092 -13.5723 -0.934051
41.6578 32.8122 -14.8625 0.288895
43.4898 34.9286 -16.2409 0.458542
47.0211 36.6856 -16.9478 -0.114814
50.1851 38.7487 -19.0155 -0.443368
52.8961 41.3776 -19.5988 0.244874
55.3453 43.0615 -22.5501 -0.927608
58.9156 45.6038 -23.3277 -0.142734
61.9547 47.1545 -24.5413 -0.823459
63.7633 48.1128 -25.5603 -0.979146
65.3218 48.7051 -25.425 -0.985588
66.4898 48.7252 -26.7563 -1.62873
67.8453 48.0529 -27.7577 -0.794469
67.3531 47.1744 -26.2201 -1.17563
67.9742 46.6553 -27.6281 -0.908281
68.1578 45.0914 -26.7386 -0.886808
69.6578 44.3127 -27.4573 -2.45549
71.6148 43.8534 -27.5457 -2.29121
73.482 42.529 -27.0802 -1.87998
74.8179 40.965 -27.039 -2.29014
76.8492 41.3244 -27.0154 -1.95299
80.1812 40.153 -27.3454 -0.865333
83.6031 38.6623 -27.1156 -2.24934
89.5328 37.7438 -27.7047 -2.1774
94.3648 35.4743 -26.179 -1.54606
102.962 34.303 -26.4911 -1.20677
113.908 32.2265 -27.039 0.0290609
126.9 31.0884 -26.6208 -0.619457
141.466 27.5611 -24.3056 0.150387
157.994 22.8958 -20.559 0.947075
176.826 15.2155 -14.3676 2.33323
198.474 5.0595 -7.89932 3.86432
224.752 -7.23957 1.42599 5.20967
256.634 -20.9562 13.7498 7.54497
292.064 -35.8376 26.4742 10.0521
332.252 -53.0616 42.9748 11.8097
377.123 -72.5085 61.4487 14.1826
422.123 -91.596 81.6075 17.0837
465.603 -111.981 100.871 19.1517
504.857 -129.824 122.002 20.7096
539.74 -146.283 138.915 21.6577
566.419 -158.329 152.246 21.298
585.236 -165.337 162.254 22.9741
595.959 -169.344 165.265 22.7153
