589.6202392578 -163.9837036133 162.4787902832 21.4509105682
582.7730102539 -158.3113403320 158.6601562500 20.2217102051
570.9637451172 -149.0492706299 149.7004394531 19.8126716614
552.4672851562 -137.2323608398 139.7617034912 19.1156387329
530.2893066406 -125.6159820557 128.8840637207 18.3090400696
506.0482482910 -112.2209091187 115.8938827515 17.3094024658
480.6689758301 -100.0094757080 102.7204895020 15.6095991135
456.2856445312 -87.9144515991 92.4840698242 15.1880388260
432.4003295898 -77.8568344116 80.8335494995 14.4325714111
408.9418334961 -66.8354949951 70.3223190308 12.1150379181
387.4930419922 -58.8605422974 60.1316909790 11.4169597626
367.9294738770 -50.5363235474 51.0402755737 11.5494794846
348.8816833496 -43.0788078308 43.7121849060 10.0688037872
331.8435974121 -36.6238212585 36.6245460510 9.0587310791
316.0326843262 -29.9165840149 30.9338264465 8.4535217285
301.8224182129 -25.5636711121 24.8938751221 9.2173366547
289.1416625977 -21.1331443787 20.1706924438 7.9703974724
277.4568786621 -17.6986770630 16.1173400879 5.5192999840
265.9499511719 -13.6885643005 11.9952888489 6.0848579407
256.9507141113 -10.8879547119 10.2033424377 4.3944458961
247.2044982910 -8.1455535889 7.0202026367 3.3854160309
239.1656494141 -6.1663703918 4.7759742737 2.9732475281
231.9449157715 -5.1120986938 3.0928039551 0.3468484879
223.6748657227 -4.6140670776 1.0775756836 -0.5724434853
217.2544555664 -2.8289184570 -0.1361389160 -1.6357336044
208.9488372803 -1.0631790161 -1.9051818848 -3.1101484299
203.2220458984 -0.5392761230 -2.7524948120 -3.9282245636
196.0013122559 -0.4810638428 -5.3974761963 -4.6346492767
189.5275573730 -0.0994567871 -5.5177001953 -6.2551498413
182.6447448730 -0.0865211487 -7.0806503296 -7.5271320343
175.6018524170 -0.5069351196 -7.0634689331 -8.2930355072
169.3237304688 -0.6686325073 -7.2409515381 -7.8787794113
161.8717803955 -1.1343231201 -9.1931991577 -9.1893711090
155.8070831299 -1.6840972900 -9.9889831543 -9.5097141266
148.6752777100 -1.9040069580 -10.4355392456 -10.0481414795
142.0414428711 -2.3955688477 -10.6645431519 -11.1030845642
135.1764068604 -1.8716659546 -11.7236785889 -11.0237808228
128.5425872803 -3.2946090698 -11.7007827759 -11.7114238739
122.1933135986 -2.8806648254 -11.5691070557 -10.6376991272
116.0930480957 -4.3747558594 -11.7523040771 -10.3079643250
111.3088684082 -3.5856666565 -11.5805511475 -10.3246603012
105.1907958984 -3.8508529663 -11.5920028687 -10.0669240952
98.8771057129 -4.5105819702 -13.4412002563 -9.0954589844
94.8398895264 -4.2906723022 -13.2293777466 -10.2818775177
89.5221710205 -5.1250343323 -12.5938949585 -9.5796260834
85.0936889648 -4.6916809082 -13.3553237915 -9.9229259491
80.8074798584 -5.9011840820 -12.3362655640 -8.5549449921
77.1081848145 -5.2091178894 -12.7312927246 -8.8398103714
73.4266815186 -5.7006797791 -12.0614624023 -9.0370254517
70.2431640625 -5.4613647461 -12.6225128174 -8.1751232147
65.4589843750 -4.8792533875 -11.3973541260 -7.4144382477
62.6667175293 -5.2543907166 -11.2484970093 -7.3925256729
60.6570129395 -4.8598480225 -11.3229217529 -7.5156545639
57.6513366699 -5.3190727234 -12.1530609131 -6.6871433258
54.8768615723 -5.5389785767 -11.4832305908 -6.4398431778
52.4403076172 -5.1120986938 -11.4087982178 -5.9128932953
49.0611572266 -4.9309959412 -10.2466125488 -6.1142816544
47.6917114258 -4.2842025757 -10.0004348755 -4.0242233276
44.1346893311 -5.1767768860 -10.4011917114 -4.8631687164
42.3028259277 -4.8533821106 -10.0176086426 -4.2569160461
41.0401000977 -3.8314476013 -9.5653305054 -4.6774320602
38.6568908691 -3.7602996826 -8.7351913452 -4.1045694351
36.5582580566 -5.5066413879 -8.4775619507 -3.9344854355
36.1314086914 -3.7085571289 -7.6817779541 -3.3115367889
33.9972229004 -4.9762725830 -6.8630981445 -2.4225058556
32.8589782715 -3.9349365234 -7.2581253052 -2.0176415443
30.5646972656 -2.9000663757 -6.3879165649 -2.1564221382
29.6398620605 -4.6399383545 -5.9928817749 -1.7776446342
28.8039855957 -3.7926406860 -5.9871597290 -1.8079051971
27.0432434082 -3.3657569885 -5.4719009399 -2.0499887466
26.8831787109 -3.8249816895 -5.0654220581 -1.3164334297
25.4959411621 -3.3269500732 -4.0978851318 -1.0106987953
24.3932800293 -3.3334197998 -4.1665878296 -1.7776446342
23.2372436523 -2.2403411865 -3.7658309937 -1.1129579544
21.9033813477 -2.9065361023 -2.8669967651 -1.2527823448
21.1741943359 -2.6284141541 -3.8116302490 -1.2266955376
19.9825744629 -2.0333671570 -2.5864639282 -0.8875699043
20.1426391602 -2.4085044861 -1.2296218872 -0.7947015762
19.3067626953 -2.5378646851 -1.2983245850 0.1308512688
19.0221862793 -2.4667167664 -1.4929809570 -0.7320938110
18.0973510742 -2.0786399841 -0.4281158447 -0.8374834061
17.9906616211 -2.0980453491 0.1730194092 -0.1978402138
16.6923522949 -2.0398330688 -0.2907104492 -0.7070503235
16.4967041016 -2.7965812683 -0.3880386353 -0.2614912987
15.8386535645 -1.9104766846 0.3962936401 -0.1394062042
15.5363159180 -2.0463027954 0.2302703857 0.0233745575
15.6074523926 -1.0567092896 0.0298919678 0.0619826317
15.5718994141 -1.7358398438 1.1691818237 0.4011082649
15.1806030273 -2.4408454895 1.0661315918 0.0797214508
14.8427124023 -2.3632316589 0.6367492676 -0.6945290565
14.3802795410 -1.7164382935 1.0203247070 -0.6600947380
13.9712219238 -2.0721740723 1.4039077759 0.5555410385
13.3309631348 -2.4796524048 2.0737380981 -0.2281002998
13.7578125000 -2.8353881836 1.7474136353 0.1851115227
13.5088195801 -1.9686851501 1.6729888916 -0.1675796509
13.0108337402 -2.4149742126 1.7531356812 -0.2646217346
12.2105102539 -3.0488281250 2.8924255371 -0.2781867981
13.0819702148 -3.3334197998 2.3485412598 -0.7028765678
12.8863525391 -2.9712142944 2.2340469360 -0.0569725037
12.6373596191 -2.1562576294 2.1538925171 -0.0830588341
13.0108337402 -3.1975936890 3.3962326050 -0.1039280891
12.5306396484 -4.2001190186 2.8294525146 -0.3084473610
13.3843383789 -3.5274543762 3.7740859985 -0.0590591431
13.2954101562 -3.8055763245 2.4515991211 -0.5818347931
13.1531066895 -4.1354408264 2.7378463745 -0.1279277802
13.1708984375 -3.9996147156 3.5565338135 -0.5860085487
13.1886901855 -4.3941574097 3.3447036743 0.5451064110
14.2735900879 -4.6981506348 3.0641784668 -0.4607930183
13.3309631348 -5.2802619934 3.1844024658 0.1329379082
14.5047912598 -5.0150794983 3.4878311157 -0.0527987480
14.8782653809 -5.3708152771 4.2149200439 -0.2009706497
15.2161865234 -6.0434799194 4.0717926025 -0.2646217346
14.5047912598 -7.1688957214 3.8313369751 -0.6214866638
14.7537841797 -6.9360504150 3.9286651611 -0.1049718857
14.8249206543 -7.2077064514 3.0412750244 -0.3731422424
15.3051147461 -7.2853202820 4.0088119507 -0.4795751572
15.5363159180 -8.0744056702 4.0317153931 -1.1400880814
15.8386535645 -8.2037658691 4.0832443237 0.2216324806
15.9275817871 -7.8350944519 3.9057617188 -0.1540145874
16.1232299805 -8.5724372864 3.5794372559 -0.4232282639
16.2121582031 -7.8027534485 3.5737075806 -0.7393980026
16.7279052734 -9.1998252869 3.6595840454 -0.2270569801
17.0658264160 -8.7794113159 3.7168350220 0.1078948975
17.0480346680 -9.3291816711 3.1844024658 -0.6392254829
16.8524169922 -10.0147819519 3.6882095337 -0.6214866638
17.4393310547 -10.0083160400 2.7149505615 -0.5380091667
17.4748840332 -9.5620269775 3.5508117676 -0.5630526543
17.1903381348 -9.7690010071 2.9840240479 -0.9449605942
16.6567687988 -9.4650115967 2.9496765137 -0.8729615211
16.8168334961 -9.2192306519 3.0470046997 -0.0527987480
17.4215393066 -9.3938636780 2.1596145630 0.0880689621
16.8346252441 -9.8466186523 3.6653137207 -0.5275745392
17.6527404785 -9.7690010071 2.6634216309 -0.3783593178
17.2436828613 -9.7366638184 1.6386337280 -0.1122760773
16.7101440430 -9.4391365051 1.4668807983 -0.6392254829
16.5678405762 -9.2580375671 2.3657226562 -0.6475729942
17.5638122559 -9.3421211243 1.5184097290 0.0473742485
16.0876464844 -9.5943679810 2.1195449829 0.7809295654
16.0876464844 -8.9346389771 1.8848114014 0.3833694458
17.0302734375 -8.5853729248 1.5184097290 -0.5244441032
16.6034240723 -8.1520233154 0.8485794067 -0.2468829155
15.3584594727 -8.6306495667 1.6271896362 -0.4284458160
14.6826477051 -8.2555084229 1.7302398682 -0.6486167908
14.1490783691 -7.4146766663 2.2626724243 -0.6006174088
13.8645324707 -6.9295845032 1.5184097290 -0.3449683189
13.5977478027 -5.8300361633 1.1634521484 0.2623276711
14.3625183105 -7.2917861938 2.0565643311 -0.2948822975
13.2420349121 -6.2245788574 2.0737380981 -0.1978402138
12.4595031738 -6.2245788574 0.9172744751 -0.1561017036
12.9752807617 -5.0538864136 1.4497070312 -0.6569643021
12.7974243164 -4.7369575500 1.9649658203 0.5659756660
11.5880432129 -4.4847068787 1.1348266602 -0.0006251335
11.4813232422 -5.1509056091 2.3943481445 0.3468484879
12.2638549805 -3.9802093506 2.2168655396 0.1527638435
11.2145385742 -4.5429191589 2.3141937256 -0.1894922256
11.4635314941 -3.7861747742 0.9745254517 0.4146733284
11.8014526367 -3.4757118225 1.2436065674 -0.1028847694
10.9477844238 -3.1393814087 1.1405563354 -0.1185369492
11.1611938477 -4.4006271362 1.5355834961 0.4303255081
10.5564880371 -2.9647483826 1.2149810791 0.1485900879
10.0940856934 -3.8767242432 2.1767959595 -0.3032298088
10.3252868652 -2.3761672974 1.5813827515 0.4031953812
9.6138916016 -3.4498405457 1.8447418213 0.4564118385
9.6494750977 -2.5896072388 2.0107650757 -0.5714001656
9.8095397949 -3.3075485229 2.6290740967 -0.3856635094
9.7383728027 -2.1045112610 2.1367187500 0.0285916328
9.4894104004 -3.2816734314 1.3924560547 0.4084124565
9.7561645508 -2.5249290466 1.9248886108 -0.1769709587
10.2897338867 -3.2428665161 1.3867340088 -0.2082748413
9.5249633789 -3.1523170471 2.6805953979 0.5649323463
9.5249633789 -2.2920837402 1.9821395874 0.6390180588
9.6850280762 -2.6542854309 2.2454910278 0.0494608879
8.1555175781 -3.0876388550 2.1195449829 0.2800664902
8.5645751953 -2.6284141541 2.4000701904 -0.0861892700
8.6535034180 -1.8522644043 2.4458694458 -0.3167948723
8.9024963379 -2.9970855713 1.6042861938 0.8800582886
9.5071716309 -2.5637359619 1.8905410767 0.5586714745
8.7246398926 -1.8910713196 1.6958847046 -0.2061877251
9.5427551270 -1.9557495117 1.6157379150 0.3698043823
9.0803527832 -2.0592384338 1.7588653564 0.1193728447
8.7779846191 -2.0980453491 2.2798461914 -0.4639234543
9.8095397949 -2.1821289062 1.9706878662 -0.0277552605
8.9736328125 -1.7487754822 1.9649658203 0.0838952065
9.0803527832 -2.3826332092 2.1367187500 -0.4639234543
9.0269775391 -2.9712142944 2.5832748413 -0.1185369492
9.5605468750 -2.0980453491 2.7321243286 -1.1536531448
9.1159057617 -1.5870780945 3.2244796753 -0.0569725037
8.4045104980 -2.8418579102 1.5642089844 -0.8865265846
8.4578552246 -2.3179550171 2.5317459106 -0.4315757751
9.2937622070 -2.4731826782 1.6558074951 0.6484093666
9.1870422363 -2.0074958801 2.5947265625 0.3019790649
8.5112304688 -1.8199234009 2.1138153076 -0.3919243813
7.8887329102 -1.8005218506 1.6901626587 0.1851115227
8.3155822754 -1.1990051270 2.5317459106 -0.2917518616
9.4716186523 -2.3050193787 1.6558074951 0.8717107773
8.3689270020 -1.5806121826 1.1634521484 0.5075416565
8.5289916992 -2.2403411865 1.5699386597 0.2863273621
9.4716186523 -2.2080001831 2.1882400513 0.7652773857
8.3511657715 -1.8910713196 1.6443634033 -0.0997543335
8.8135681152 -1.3607025146 1.9420623779 0.1558942795
9.0625610352 -2.0074958801 2.6977767944 0.1778068542
8.4578552246 -2.4667167664 1.8905410767 -0.7362675667
8.8135681152 -1.6452903748 1.6729888916 0.2644147873
8.4578552246 -1.4577217102 1.5985641479 0.6922349930
8.9202880859 -2.8159828186 2.3199157715 -0.1748838425
9.5605468750 -1.9816207886 2.1825180054 0.7715382576
8.6179199219 -1.5935478210 1.3924560547 0.0786781311
7.6753234863 -3.3980979919 1.8103866577 0.8341460228
8.5645751953 -2.7836456299 1.3237533569 0.0494608879
8.2977905273 -2.2468070984 1.8676376343 0.1402425766
8.4934387207 -1.8005218506 1.8218383789 0.3311963081
8.7246398926 -1.4965286255 2.1138153076 0.5336284637
8.1377258301 -2.3891029358 1.2951354980 0.0066790581
7.9776611328 -1.8005218506 1.2378845215 -0.2531437874
9.2937622070 -1.6194190979 1.4554367065 -0.2479262352
8.6001586914 -2.1821289062 1.8447418213 0.4365863800
8.5645751953 -1.4771232605 1.5584869385 0.7444081306
9.0803527832 -2.2080001831 2.3084716797 0.7454514503
8.4578552246 -1.6840972900 1.9993133545 0.9604053497
8.1199340820 -1.3930397034 1.7588653564 -0.3000993729
8.3867187500 -2.0010261536 2.2054214478 -0.1978402138
7.3907470703 -2.5119934082 2.3256454468 0.1496334076
8.9024963379 -2.1239166260 2.1538925171 -0.4065327644
7.7464599609 -1.6582260132 1.3695602417 0.6609311104
9.6138916016 -1.5223999023 1.9363403320 -0.3021864891
7.9421081543 -1.1860694885 2.1481704712 -0.0653200150
8.3867187500 -1.7552452087 1.0489501953 -0.0235815048
7.9243164062 -1.3607025146 2.1653442383 0.5847582817
8.7602233887 -1.9234123230 1.9134368896 0.3311963081
8.2799987793 -1.3607025146 1.8619155884 0.0202441216
8.6712951660 -1.2507476807 1.6386337280 0.5085849762
9.1336975098 -0.7721214294 1.8905410767 -0.1832313538
8.0132446289 -1.1925354004 1.9821395874 -0.5828781128
8.5823669434 -0.4422569275 1.9649658203 0.4470210075
8.6890563965 -1.7035026550 1.9191665649 0.3854565620
8.5289916992 -1.6970329285 1.8447418213 0.9478836060
8.4934387207 -2.1497879028 1.6157379150 0.7016263008
7.9243164062 -0.6945037842 2.0451126099 -1.0305242538
7.8353881836 -1.0308380127 2.0851898193 -0.0235815048
7.2129211426 -1.5482711792 1.1291046143 0.3551959991
7.4085388184 -1.9298782349 2.5775451660 0.4157171249
8.5645751953 -1.6905670166 1.8561859131 0.4386730194
8.5823669434 -1.8910713196 1.9134368896 0.6870174408
7.6931152344 -1.5935478210 1.5871124268 -0.4910535812
7.9065246582 -1.1019859314 0.9344558716 0.4157171249
8.3689270020 -1.9945564270 1.9248886108 -0.1091456413
8.3333740234 -1.9363479614 1.6214599609 0.2602405548
7.9598693848 -2.1756591797 1.8790893555 0.3238921165
8.6001586914 -1.7940521240 3.1672286987 0.2049369812
8.3333740234 -2.3244209290 1.4783325195 0.9656224251
8.3867187500 -0.9532241821 1.4783325195 -0.6371383667
8.0665893555 -2.6866264343 1.2149810791 0.4271950722
7.9065246582 -1.3477668762 3.1099777222 0.3938040733
8.0665893555 -1.5676765442 2.0622940063 -0.0548853874
7.7642517090 -1.6452903748 2.0508422852 0.8518848419
7.9243164062 -1.6646957397 3.1214294434 -0.0569725037
8.4756469727 -1.3348312378 1.6443634033 0.3969345093
8.3867187500 -2.5508003235 2.0451126099 0.0953736305
8.1733093262 -1.9363479614 1.7645874023 0.9030146599
8.3333740234 -1.7617111206 2.3771667480 -0.2020139694
8.4934387207 -1.1213874817 2.6748733521 0.0651130676
7.4974670410 -1.5482711792 1.4955062866 0.6859741211
8.3867187500 -1.4965286255 2.7435760498 0.0661563873
8.5645751953 -1.3348312378 2.8638000488 0.4209342003
7.9598693848 -2.2662124634 1.7245101929 -0.4774885178
8.8491210938 -1.6582260132 2.2855682373 0.4908461571
8.2622375488 -1.6517601013 2.0851898193 -0.2395787239
7.9776611328 -1.3995094299 1.8905410767 0.6275401115
8.7779846191 -0.4422569275 2.0680160522 0.3875432014
8.1199340820 -1.4835929871 1.6729888916 0.1538071632
8.0310363770 -1.9492835999 2.1023635864 -0.5369658470
8.6001586914 -2.2209358215 1.9248886108 0.0515480042
8.0665893555 -1.1213874817 1.7016143799 -0.5849652290
8.0487976074 -0.9726257324 1.9993133545 0.3906736374
8.3867187500 -1.2442779541 1.6329116821 0.2351975441
7.4619140625 -0.8044586182 1.8848114014 0.4866724014
7.8709716797 -1.9880905151 2.2168655396 0.1235470772
8.6535034180 -1.5288696289 2.5718231201 0.0212874413
8.2444458008 -2.5896072388 2.0508422852 0.2101545334
8.7424316406 -2.1821289062 1.4153594971 0.3551959991
8.2266540527 -1.6000137329 1.5126876831 -0.1623620987
8.0665893555 -1.6388206482 2.4744949341 0.0306787491
7.9421081543 -1.9040069580 0.9802551270 0.2445888519
8.3511657715 -2.2791481018 2.5317459106 0.1684160233
8.7246398926 -0.2094116211 2.0909194946 0.4605860710
7.6397399902 -1.8069877625 1.1920776367 0.8873624802
8.8491210938 -1.9363479614 2.2683944702 0.1131124496
7.7998046875 -2.7124977112 0.9516296387 1.0918817520
9.0447692871 -1.1795997620 2.2283172607 0.5951929092
7.4974670410 -2.1885948181 1.8103866577 -0.8687872887
8.5645751953 -1.8587303162 1.6271896362 0.2644147873
8.7957763672 -2.1174468994 1.4382553101 -0.1529712677
7.9065246582 -1.9557495117 1.7874908447 -0.3355774879
8.3333740234 -2.8677291870 1.5184097290 0.5534543991
8.4578552246 -1.3218955994 2.3485412598 0.1913719177
7.2306823730 -1.9880905151 2.6233520508 0.5764102936
8.9558410645 -1.4577217102 3.0584564209 -0.7237458229
8.0843811035 -2.1627235413 2.4401473999 0.1913719177
8.4223022461 -2.5313949585 2.6576995850 -0.3971419334
9.0447692871 -1.0955162048 1.1004791260 0.7475385666
7.9421081543 -0.8044586182 2.1767959595 -0.6256604195
8.3155822754 -0.8173942566 2.0279388428 0.4188470840
8.4934387207 -1.8781356812 1.3867340088 -0.1748838425
9.4538269043 -1.5741424561 1.8790893555 0.6077141762
7.8709716797 -1.6517601013 2.2111434937 0.1903285980
8.1911010742 -1.2895545959 2.2970199585 0.9875354767
7.8887329102 -0.8303337097 1.5470352173 0.3270225525
8.3867187500 -1.2895545959 1.8962631226 0.4073691368
8.2444458008 -1.4900588989 2.0622940063 0.0703301430
7.8709716797 -1.7164382935 2.6863250732 -0.3929677010
7.9954528809 -0.9402885437 2.0451126099 0.1840677261
8.0843811035 -1.5353355408 1.8447418213 0.1371121407
7.9598693848 -2.4731826782 1.7130584717 -0.0361032486
8.6179199219 -1.4124450684 2.2569427490 -0.0705375671
8.3333740234 -1.6129493713 2.3084716797 -0.2270569801
8.9380493164 -1.5612068176 1.6729888916 0.7527556419
8.6890563965 -2.0527687073 2.2741165161 0.0901560783
9.2404174805 -1.8328590393 1.3352050781 -0.3950548172
9.0269775391 -1.7229042053 2.1882400513 0.2696318626
8.5823669434 -0.7979927063 1.5012359619 -0.2030572891
9.0447692871 -1.7099685669 1.6958847046 0.6463222504
8.3867187500 -1.4124450684 2.8695297241 -0.7446150780
8.1199340820 -1.9428138733 1.8676376343 -0.1435799599
8.0487976074 -0.9661598206 1.3409347534 0.2153716087
9.1336975098 -0.8044586182 2.1080932617 -0.3167948723
8.2977905273 -1.0696449280 1.6901626587 0.3478918076
8.7424316406 -1.8975410461 2.4802246094 -0.1748838425
7.9243164062 -1.6646957397 2.1939697266 0.1851115227
8.1021728516 -1.1731300354 1.9306182861 -0.0454940796
8.6357116699 -1.1731300354 2.4630432129 -0.1988835335
8.4578552246 -2.3891029358 1.3638305664 0.1433725357
9.0091857910 -1.9880905151 1.3810043335 0.1506772041
8.5467834473 -1.6323547363 1.4153594971 0.5200634003
8.7957763672 -1.2960243225 1.2836837769 0.4219775200
8.8669128418 -0.6880378723 0.9630813599 -0.3053169250
9.0091857910 -1.4512519836 2.0107650757 -0.2990560532
8.1911010742 -1.8781356812 2.3714447021 -0.0016689301
8.6535034180 -1.1213874817 2.0851898193 -0.4440975189
8.2088623047 -2.6478195190 2.4573211670 0.3958911896
9.2048339844 -2.0657043457 2.3256454468 -0.2854909897
8.5112304688 -1.6840972900 1.9477920532 0.2560667992
8.9024963379 -2.3308906555 1.9363403320 0.3009357452
9.2759704590 -1.3865737915 2.2283172607 0.7882337570
8.6890563965 -2.4279098511 2.2283172607 1.1179680824
8.9736328125 -1.7229042053 1.7073364258 0.1350250244
7.9954528809 -1.9751548767 2.1367187500 -0.2364482880
8.5289916992 -1.0631790161 1.2035293579 0.2936315536
8.8847045898 -1.2313423157 1.6386337280 0.9854483604
8.6535034180 -1.0955162048 2.3370971680 0.1131124496
8.5112304688 -1.6452903748 1.4497070312 -0.2041006088
9.2581787109 -1.2895545959 1.9935913086 0.5044112206
9.0981140137 -2.0592384338 2.3657226562 1.0584907532
9.3115539551 -1.6905670166 0.9802551270 0.7663207054
8.6712951660 -1.8587303162 2.9668502808 -0.0465378761
8.9914245605 -1.9945564270 2.2798461914 0.1558942795
8.4400634766 -1.1084518433 1.7703094482 0.7965812683
9.1159057617 -1.6194190979 2.5889968872 0.5169329643
8.5823669434 -1.7099685669 1.4497070312 -0.1049718857
9.1336975098 -2.1433219910 1.7645874023 0.0432000160
8.9380493164 -2.4925880432 1.9477920532 0.2842402458
8.3867187500 -1.0890502930 2.8752517700 0.0379829407
8.5645751953 -1.5547409058 1.7130584717 0.1047644615
9.0091857910 -2.0398330688 1.9477920532 0.6077141762
9.0981140137 -1.7940521240 2.5661010742 -0.1352319717
9.0803527832 -2.4602470398 2.8065490723 -0.3627076149
7.8531799316 -1.4641876221 1.6100082397 0.3416309357
8.9024963379 -2.3438262939 0.8485794067 -0.5474004745
9.0981140137 -1.7940521240 2.3199157715 0.3614568710
9.3471069336 -1.6776313782 1.8161163330 0.8904929161
8.7246398926 -1.7552452087 1.6157379150 0.6536269188
7.9776611328 -1.8846054077 2.3886184692 -0.2865343094
8.9202880859 -1.9686851501 2.3256454468 0.6598873138
9.0803527832 -2.0851097107 3.2645568848 0.0432000160
8.2622375488 -1.2636833191 1.7703094482 1.4330945015
8.5467834473 -1.9492835999 2.0508422852 -0.2802739143
8.8491210938 -1.5094642639 2.0164871216 -0.1247973442
8.5289916992 -2.2209358215 1.6787109375 0.1433725357
7.5152587891 -2.3050193787 2.8008270264 -0.5087924004
8.8491210938 -1.4512519836 2.4802246094 -0.3658375740
9.1159057617 -2.4279098511 1.9248886108 -0.1425366402
8.9202880859 -2.7836456299 1.9535140991 0.4908461571
8.8313598633 -2.6736907959 2.8466262817 -0.0413203239
8.0487976074 -1.6388206482 2.2225952148 0.5325846672
7.8531799316 -1.8910713196 2.3943481445 0.4845857620
8.2444458008 -2.0204315186 1.6386337280 -0.0559287071
7.6753234863 -1.3671684265 2.0164871216 0.0859823227
8.5289916992 -0.7074432373 1.9019927979 0.2268500328
8.4400634766 -2.7383689880 2.1252670288 0.5722365379
9.6850280762 -1.2184066772 1.7416839600 0.4950203896
8.7602233887 -1.7875862122 2.5031204224 0.7151908875
8.3689270020 -1.5741424561 2.2912979126 -0.1060152054
9.1514892578 -1.6194190979 2.5718231201 0.8737978935
8.1555175781 -2.0721740723 2.0107650757 0.7777991295
8.8313598633 -2.3114852905 1.6500854492 -0.3053169250
8.3333740234 -2.3502922058 1.5355834961 0.7903203964
8.9914245605 -2.3567619324 2.2741165161 0.2372846603
8.1555175781 -2.3179550171 2.1939697266 0.7444081306
8.5467834473 -2.8871307373 2.3084716797 0.1945023537
7.5508117676 -2.8741950989 2.0966415405 -0.5661830902
9.0803527832 -1.3089599609 1.7245101929 0.2351975441
8.4223022461 -2.4149742126 1.9191665649 0.0244178772
8.6357116699 -1.8134574890 1.8103866577 0.3593697548
8.0487976074 -2.6672210693 2.1367187500 0.1934590340
8.7779846191 -1.8781356812 2.4630432129 0.4365863800
8.7246398926 -1.5547409058 2.8867034912 -0.2197527885
8.3511657715 -2.1756591797 1.5069580078 -0.0329728127
8.5823669434 -2.1756591797 2.3256454468 -0.0047993660
8.7068481445 -0.9467544556 1.6787109375 -0.3376641273
9.0447692871 -1.8457946777 2.0050430298 0.2226758003
8.6890563965 -1.8069877625 1.8733673096 -0.5390529633
7.7286682129 -1.8393287659 2.0737380981 -0.1300148964
9.2404174805 -2.3761672974 1.9134368896 0.5659756660
8.5112304688 -1.5612068176 2.1882400513 0.2633709908
7.8531799316 -2.6284141541 2.0107650757 -0.0538420677
7.6753234863 -2.5184593201 2.2225952148 -0.6997461319
8.6712951660 -2.0721740723 1.8275604248 0.0411133766
7.9065246582 -2.6348838806 2.4573211670 0.4449338913
7.3729858398 -2.2338714600 1.5642089844 -0.1707100868
9.1336975098 -0.9144134521 2.8924255371 -0.1874055862
8.1733093262 -1.9686851501 2.4630432129 0.2445888519
8.7957763672 -1.5870780945 1.7817611694 0.0515480042
8.9914245605 -2.0074958801 2.8695297241 -0.0141901970
7.7642517090 -2.4667167664 2.2168655396 -0.4409670830
8.4934387207 -2.1368522644 1.8619155884 -0.5192270279
8.6712951660 -2.0333671570 2.3714447021 0.1757202148
7.9243164062 -2.4473114014 1.9420623779 -0.3439249992
8.0310363770 -1.9234123230 2.0222167969 1.0918817520
8.4045104980 -1.5482711792 2.5947265625 0.1965894699
8.3867187500 -1.3154258728 2.3886184692 1.1044030190
9.3115539551 -1.9816207886 1.5527572632 0.3927607536
8.9914245605 -2.5960769653 2.6576995850 -0.0924501419
8.1199340820 -1.8393287659 2.1653442383 -0.2427091599
7.6397399902 -1.6776313782 1.3981857300 0.3666739464
8.1911010742 -0.8756065369 1.9764175415 0.1600680351
8.2088623047 -1.1472587585 2.4344177246 -0.1978402138
8.4223022461 -1.5806121826 1.6100082397 0.3395438194
7.9421081543 -2.6478195190 1.2092590332 -0.2562742233
7.8353881836 -1.3801040649 2.2798461914 0.5878887177
8.8847045898 -1.5676765442 1.4096298218 -0.2907085419
9.2404174805 -1.1213874817 2.3313674927 0.2738056183
9.0269775391 -1.3542327881 1.6500854492 0.0285916328
8.2088623047 -2.0333671570 2.0393905640 0.6661481857
7.7464599609 -1.2507476807 2.3771667480 0.8737978935
8.4400634766 -2.5831375122 1.4497070312 0.0150265694
8.1021728516 -1.7617111206 2.2683944702 -1.0263504982
9.4360351562 -1.9622192383 2.0336685181 0.1444163322
8.7246398926 -2.1627235413 2.1596145630 0.5419759750
9.1514892578 -2.4602470398 1.7245101929 0.3061532974
7.7998046875 -1.4189147949 1.4840621948 -0.3418378830
8.4223022461 -1.0502395630 2.1710662842 0.2205891609
7.6931152344 -1.1149215698 2.2054214478 0.8080592155
8.5823669434 -1.5029945374 1.6901626587 0.2758927345
8.9024963379 -1.2313423157 1.8790893555 0.1705026627
7.8175964355 -1.6970329285 2.0737380981 0.5962362289
8.6357116699 -1.6905670166 1.8447418213 -0.3334903717
8.8669128418 -1.3995094299 1.5470352173 0.3604130745
7.7998046875 -1.7423095703 1.9535140991 -0.1592316628
9.0269775391 -1.8134574890 1.9077148438 -0.3950548172
8.1021728516 -1.7617111206 1.4210815430 0.1861548424
8.7246398926 -2.2985496521 2.1939697266 -0.3773159981
8.5645751953 -1.5029945374 1.7416839600 0.5346717834
8.7246398926 -1.7358398438 1.8619155884 -0.0235815048
7.8887329102 -2.1303863525 2.3771667480 -0.1404495239
9.0625610352 -1.0308380127 1.2550582886 0.1631984711
8.1377258301 -1.4124450684 2.3370971680 0.6473660469
7.8531799316 -1.3089599609 2.8180007935 -0.3971419334
8.4400634766 -2.4537811279 1.9878616333 0.4031953812
8.0487976074 -2.6348838806 1.7989349365 0.0505042076
7.5686035156 -1.0761146545 2.2855682373 0.9541444778
7.9598693848 -2.3244209290 1.9993133545 -0.1435799599
8.2444458008 -1.5418052673 2.1080932617 0.3625001907
8.2799987793 -2.8871307373 1.9878616333 -0.9011349678
9.1159057617 -1.9880905151 2.6233520508 0.1058082581
8.3155822754 -1.5741424561 1.7703094482 0.1965894699
8.8135681152 -1.6194190979 2.1252670288 0.3979778290
7.7286682129 -1.7423095703 2.0966415405 0.2195458412
7.9954528809 -1.6323547363 2.6691513062 -0.2750563622
8.8135681152 -1.5676765442 2.1367187500 1.1284027100
8.9024963379 -0.9079475403 2.5546493530 -0.6893115044
8.7068481445 -1.6258850098 2.5374755859 0.2414584160
8.4045104980 -2.1239166260 2.7836532593 0.0974602699
8.0665893555 -1.1278572083 2.5775451660 0.7506690025
8.7246398926 -1.0502395630 1.2722320557 0.1308512688
8.1021728516 -2.1174468994 1.9535140991 0.5816278458
8.6890563965 -1.3607025146 2.3084716797 0.5200634003
8.9736328125 -2.5896072388 2.1023635864 -0.0058426857
9.5605468750 -1.2572135925 1.4210815430 0.0202441216
8.2088623047 -0.7139091492 1.9878616333 0.5388455391
9.3826904297 -1.7487754822 1.8561859131 -0.1331453323
8.6535034180 -1.8199234009 1.8733673096 0.7496252060
8.7957763672 -1.0631790161 1.8161163330 0.4178037643
8.8313598633 -1.7164382935 1.8390121460 -0.0434074402
8.4045104980 -1.3154258728 2.3542709351 0.2049369812
9.0625610352 -1.6258850098 1.3810043335 0.6901478767
9.2937622070 -1.2636833191 1.6271896362 0.0421566963
8.0310363770 -1.8328590393 2.2512207031 0.3478918076
8.7779846191 -1.4641876221 2.6462478638 0.2957186699
8.8847045898 -2.1368522644 2.5947265625 1.2181410789
7.7286682129 -1.6064834595 2.0050430298 0.6473660469
8.6890563965 -1.6064834595 1.5584869385 -0.1435799599
8.7424316406 -0.9984970093 2.1309890747 0.1798939705
9.0803527832 -1.4641876221 1.8848114014 -0.2187094688
8.1021728516 -2.1239166260 1.5756607056 -1.0451331139
8.3511657715 -1.3283615112 1.4210815430 -0.9199171066
8.6712951660 -1.4383163452 1.9077148438 0.2654581070
8.8313598633 -1.5288696289 1.8161163330 -0.1425366402
8.9736328125 -1.5353355408 1.3237533569 -0.0934934616
8.7779846191 -1.8199234009 1.8905410767 -0.1112322807
8.1555175781 -2.2403411865 1.9821395874 -0.2594046593
8.1021728516 -2.2920837402 1.8046646118 0.4824986458
8.6179199219 -2.1303863525 2.1939697266 0.4845857620
8.0665893555 -1.6323547363 0.9115524292 -0.1404495239
8.7957763672 -1.6776313782 2.1481704712 -0.4399237633
8.6357116699 -1.3801040649 1.6844329834 -0.2291440964
8.7068481445 -1.7293739319 2.3714447021 0.1235470772
7.6219787598 -1.0825805664 1.6271896362 -0.0319290161
8.8313598633 -1.2572135925 1.3237533569 0.3948473930
7.7642517090 -1.3930397034 2.4515991211 0.1381554604
8.7246398926 -1.7617111206 2.3943481445 0.6911916733
8.7246398926 -1.8652000427 1.4439849854 -0.0371465683
8.3867187500 -1.3607025146 1.8504638672 -0.1863617897
8.1199340820 -2.8612594604 2.4000701904 0.2654581070
8.5467834473 -2.3373565674 1.7989349365 0.1788506508
8.4223022461 -2.5119934082 1.7760391235 -0.2072310448
8.7246398926 -2.2726783752 1.5527572632 -0.5275745392
8.4400634766 -1.6582260132 2.5202941895 0.1715464592
8.2622375488 -1.8716659546 2.1309890747 0.0609393120
9.4894104004 -1.0955162048 2.5832748413 0.0056352615
8.3867187500 -2.0204315186 1.3752822876 0.0129399300
8.6179199219 -1.2054710388 2.4573211670 1.4341378212
8.8491210938 -1.4900588989 2.0164871216 0.5388455391
8.4400634766 -0.8238639832 1.9821395874 0.4146733284
9.2937622070 -1.3477668762 2.3256454468 1.1419677734
8.1911010742 -1.9751548767 2.1996917725 -0.2531437874
8.7779846191 -1.7746505737 2.0851898193 -0.2907085419
8.4934387207 -1.0955162048 1.8561859131 -0.2625346184
8.5645751953 -1.5418052673 1.9477920532 -0.3543596268
7.3907470703 -2.1239166260 1.7130584717 -0.2760996819
9.5605468750 -1.6711616516 1.3180313110 0.8122334480
8.2799987793 -1.6129493713 2.3886184692 -0.6705293655
9.0981140137 -1.8328590393 1.3123092651 0.3176312447
7.5863952637 -1.5547409058 1.8275604248 0.6004099846
8.0487976074 -1.1990051270 0.9458999634 -0.0903630257
8.7602233887 -1.7617111206 2.2741165161 0.3364133835
9.6138916016 -1.0890502930 2.0393905640 0.4334559441
7.8887329102 -1.4577217102 3.0183792114 -0.0966238976
8.3867187500 -0.5651473999 2.4573211670 -0.2416653633
8.5823669434 -1.8781356812 1.9363403320 0.4908461571
8.4045104980 -0.9273490906 2.4344177246 0.2185020447
9.3826904297 -1.7164382935 1.8848114014 0.2571101189
8.6712951660 -2.4667167664 1.4726104736 0.2998924255
8.7779846191 -1.1278572083 2.6576995850 0.0953736305
8.9024963379 -1.4124450684 1.5871124268 -0.0361032486
9.1870422363 -1.5482711792 2.0508422852 -0.8875699043
8.8135681152 -1.7487754822 2.4630432129 0.5023245811
7.5863952637 -2.0657043457 1.7703094482 0.1694593430
8.3867187500 -1.8652000427 1.9649658203 -0.6997461319
9.3826904297 -2.1691932678 2.3714447021 0.1026778221
9.0091857910 -1.5806121826 2.4973983765 -0.5661830902
8.8135681152 -0.5651473999 2.8523483276 0.1005907059
8.3689270020 -1.3348312378 2.4515991211 -0.4816622734
7.9776611328 -1.7487754822 2.0050430298 0.3614568710
8.7246398926 -1.7035026550 1.8504638672 0.5033679008
9.0803527832 -1.0502395630 2.3485412598 -0.9929599762
8.7779846191 -1.8199234009 2.4057922363 0.6327576637
8.3511657715 -1.4512519836 2.0222167969 -0.4148807526
8.5467834473 -1.2766189575 2.5374755859 0.0463304520
8.2622375488 -2.2080001831 2.9038772583 0.0578088760
8.6535034180 -1.5288696289 2.0966415405 -0.0214943886
8.1021728516 -1.7681808472 2.6061706543 0.5534543991
8.4400634766 -0.9726257324 2.1309890747 -0.3564467430
8.6357116699 -2.4990577698 1.6500854492 -0.0653200150
8.4223022461 -1.6711616516 1.6672592163 -0.4023590088
8.6712951660 -2.0527687073 2.1653442383 0.0014615059
8.0843811035 -1.7293739319 2.1481704712 -0.8604397774
9.4004821777 -1.4771232605 2.0680160522 0.6463222504
8.9914245605 -1.4124450684 2.2970199585 0.0160698891
8.6179199219 -2.2532768250 2.3084716797 0.5534543991
8.7246398926 -1.5870780945 1.8275604248 0.6024971008
8.6179199219 -1.5029945374 2.2111434937 -1.0534806252
8.4934387207 -1.6388206482 2.7206726074 -0.3668813705
7.8887329102 -2.1174468994 2.6004486084 -0.1686229706
9.1336975098 -1.1084518433 2.2798461914 0.3948473930
8.6535034180 -1.5288696289 1.6787109375 -0.3762722015
8.6890563965 -1.1990051270 1.9706878662 -0.2677521706
8.0665893555 -1.2184066772 1.9134368896 -0.4514017105
8.7068481445 -1.3348312378 2.5947265625 0.4971070290
9.4894104004 -1.3995094299 2.1023635864 0.6212792397
8.8491210938 -0.8367996216 2.2855682373 0.1924157143
8.5112304688 -2.2920837402 2.3428192139 -0.0851459503
8.0665893555 -0.9790954590 2.8180007935 0.2018065453
8.3689270020 -1.8716659546 1.4955062866 0.1131124496
8.6357116699 -2.0204315186 1.3466567993 -0.0507116318
8.4756469727 -1.9363479614 2.5202941895 0.8143200874
8.5467834473 -1.8393287659 2.1252670288 0.0233745575
9.3471069336 -1.1472587585 1.7130584717 0.3426742554
7.9243164062 -1.7875862122 1.9935913086 0.4000649452
8.5289916992 -1.4965286255 2.7664718628 0.3771085739
9.2404174805 -1.9104766846 2.6004486084 -0.0747113228
8.4578552246 -1.8199234009 2.4229736328 0.7485818863
8.7246398926 -1.0825805664 1.5871124268 0.2143282890
9.1514892578 -1.8199234009 1.4268112183 -0.1404495239
8.8491210938 -2.1691932678 2.0050430298 0.6630177498
8.1911010742 -1.1666641235 2.2741165161 0.4324121475
9.1870422363 -1.8263931274 1.8733673096 0.4397163391
8.7424316406 -1.9169425964 1.6042861938 0.6974520683
8.7246398926 -1.6776313782 1.7531356812 -0.1748838425
8.7246398926 -1.5612068176 2.2340469360 -0.2875781059
7.9776611328 -1.7099685669 2.2054214478 0.2299804688
8.8669128418 -1.3930397034 2.4344177246 -0.2385349274
9.2048339844 -1.2960243225 2.1309890747 0.7360606194
7.7820434570 -1.1149215698 2.5031204224 1.0084047318
8.1733093262 -1.6258850098 1.3638305664 -0.3564467430
8.0843811035 -1.2313423157 2.0680160522 0.2174587250
9.0269775391 -1.0437736511 2.7092208862 -0.5870523453
8.4400634766 -1.4318504333 2.3714447021 0.2550234795
8.8135681152 -1.6323547363 1.9935913086 -0.1091456413
9.0269775391 -1.3477668762 1.9477920532 0.5680627823
8.5823669434 -1.5806121826 2.1653442383 -0.2447957993
8.0843811035 -1.6517601013 2.0050430298 0.0671997070
8.8491210938 -1.2184066772 2.1367187500 0.6160621643
8.4578552246 -2.1174468994 1.6558074951 -0.0642766953
8.7424316406 -1.7035026550 1.4153594971 0.2831969261
8.3511657715 -2.2209358215 1.3867340088 0.2936315536
9.2404174805 -1.3412971497 2.2168655396 0.1882414818
8.0843811035 -1.2766189575 1.9019927979 -0.1540145874
8.5645751953 -2.5702018738 1.1176528931 1.2202277184
7.6753234863 -1.7035026550 2.4515991211 0.6849308014
9.3293457031 -1.8846054077 2.9897537231 0.1840677261
8.8135681152 -1.6582260132 2.4515991211 0.4313688278
8.4045104980 -1.0825805664 2.1424407959 -0.4607930183
8.9202880859 -2.1885948181 2.1767959595 -0.2187094688
8.7068481445 -2.6219482422 3.4534835815 1.1920542717
8.3333740234 -2.2532768250 1.4726104736 -0.0569725037
8.9024963379 -1.5094642639 2.3657226562 -0.5171399117
8.2799987793 -1.3801040649 2.3657226562 -0.4367933273
8.9558410645 -1.8652000427 2.5374755859 0.6035404205
9.1159057617 -1.7099685669 2.0451126099 0.3447613716
8.5112304688 -1.7552452087 1.9592437744 0.2049369812
8.3155822754 -1.9298782349 1.8733673096 0.2518930435
8.5467834473 -1.7746505737 1.3466567993 0.4918899536
8.8491210938 -2.3179550171 1.9821395874 0.5158896446
9.2404174805 -1.3801040649 2.4515991211 0.0098094940
8.1199340820 -1.1601943970 2.5661010742 -0.1592316628
8.6712951660 -1.4771232605 1.8390121460 0.9416227341
8.7779846191 -1.3024902344 2.8981552124 -0.0183644295
7.6219787598 -1.6646957397 2.4630432129 0.6473660469
8.3333740234 -1.7811164856 3.2760086060 -0.1686229706
8.4578552246 -1.5223999023 1.7760391235 -0.0465378761
9.5783081055 -1.8069877625 2.5661010742 0.2873706818
8.9736328125 -0.8691406250 2.2054214478 0.1089382172
8.7246398926 -1.2313423157 1.8218383789 0.3854565620
9.3471069336 -2.7448387146 2.1424407959 0.4668464661
7.8887329102 -1.9363479614 1.6558074951 -0.1498408318
8.7779846191 -1.9104766846 1.7416839600 -0.4774885178
8.6001586914 -1.0631790161 2.0107650757 -0.3157515526
9.2759704590 -1.4771232605 2.3886184692 0.7193651199
9.5249633789 -1.3348312378 2.6119003296 0.4428467751
8.2799987793 -1.2636833191 3.0813522339 -0.3554029465
9.5427551270 -1.5223999023 3.2073059082 -0.7195720673
8.1021728516 -1.4641876221 1.9477920532 -0.5807914734
9.5605468750 -1.4641876221 1.9935913086 -0.5181837082
9.6672363281 -1.1278572083 2.5317459106 -0.7018332481
7.8353881836 -1.6064834595 1.8161163330 0.7329301834
8.8669128418 -1.8846054077 2.4687728882 0.1402425766
8.3155822754 -1.3671684265 2.2798461914 0.1371121407
8.6001586914 -1.5870780945 1.6386337280 0.4480643272
8.0487976074 -2.5378646851 2.0279388428 0.1412858963
8.5645751953 -1.6129493713 2.6004486084 -0.7644410133
8.7602233887 -1.4641876221 2.0393905640 -0.4889664650
8.5289916992 -1.2895545959 2.4000701904 0.6244096756
8.7779846191 -1.5547409058 1.6787109375 0.8164072037
8.2799987793 -1.9945564270 1.9191665649 -0.6016607285
8.5289916992 -1.3089599609 2.2626724243 0.4230213165
7.9954528809 -1.3283615112 2.3657226562 -0.4649667740
8.3689270020 -1.0825805664 2.8466262817 -0.3188819885
9.1159057617 -1.5935478210 2.7092208862 -0.0632333755
7.7998046875 -2.0398330688 2.1596145630 0.1120686531
8.2444458008 -1.2830848694 2.6004486084 0.4000649452
9.0803527832 -1.6840972900 2.6061706543 -0.0371465683
8.7602233887 -1.1925354004 1.7531356812 0.5774536133
8.0310363770 -2.2856140137 1.9306182861 0.3228487968
9.0981140137 -1.5418052673 1.7416839600 0.5774536133
8.9736328125 -1.0631790161 2.2340469360 0.4094562531
8.7779846191 -2.0657043457 2.6805953979 0.0619826317
8.2444458008 -1.8457946777 2.4802246094 0.4887595177
8.0843811035 -1.4318504333 2.4802246094 0.7944946289
8.5823669434 -1.9880905151 2.5202941895 0.1047644615
8.6179199219 -1.5870780945 2.2225952148 0.0682435036
8.5289916992 -1.2895545959 2.5832748413 0.2727622986
8.4223022461 -1.7293739319 1.8905410767 -0.0914068222
8.4400634766 -1.2895545959 1.3981857300 0.6202359200
8.1377258301 -1.8652000427 2.1538925171 0.7058000565
8.4045104980 -1.6905670166 1.7531356812 1.3809213638
8.8847045898 -2.0915756226 2.4859466553 -0.1154065132
8.5289916992 -2.4667167664 1.7874908447 -0.0486245155
8.7246398926 -1.3671684265 2.3485412598 0.5743236542
8.5645751953 -1.7552452087 1.6615371704 0.2143282890
7.8709716797 -1.8975410461 2.2970199585 0.1986761093
8.3155822754 -2.0010261536 1.9248886108 0.1214599609
9.0803527832 -1.2701492310 2.3714447021 -0.2145352364
8.1555175781 -1.1666641235 1.1577301025 -0.7007899284
9.4182434082 -2.0592384338 2.6405258179 0.0118961334
8.7424316406 -2.2144660950 2.8065490723 0.5837144852
8.8313598633 -1.8716659546 2.2970199585 -0.0903630257
8.5467834473 -0.9661598206 2.0737380981 -0.3167948723
8.5112304688 -2.0980453491 3.1844024658 -0.3522725105
8.1733093262 -2.2597427368 2.8809738159 0.3134574890
8.8491210938 -1.5612068176 2.7149505615 1.2724008560
8.7424316406 -2.1950645447 2.5947265625 0.0557217598
8.6535034180 -1.3412971497 2.7378463745 0.3249354362
8.6179199219 -1.9040069580 2.2970199585 0.0911993980
8.9736328125 -1.5482711792 2.1481704712 -0.5400962830
8.3867187500 -1.3412971497 1.7130584717 0.0045919418
8.4400634766 -1.7423095703 2.2111434937 0.0911993980
8.6712951660 -1.5547409058 1.1176528931 -0.2427091599
8.7068481445 -1.0631790161 2.6748733521 0.4397163391
8.7779846191 -2.0851097107 1.6100082397 -0.2594046593
8.1555175781 -1.5935478210 1.5584869385 0.1047644615
8.2799987793 -1.3930397034 1.6443634033 0.3718914986
7.7998046875 -2.6930923462 1.5928344727 0.1558942795
8.6712951660 -1.7229042053 1.8390121460 0.3541526794
8.4578552246 -0.8820762634 1.8733673096 0.1705026627
7.7998046875 -1.6258850098 2.4344177246 0.4104995728
8.8135681152 -0.6427612305 2.4458694458 0.3499784470
6.8750000000 -2.2338714600 1.6500854492 0.3656306267
9.6494750977 -1.5029945374 3.3733291626 -0.3293166161
8.3689270020 -1.7423095703 2.0336685181 0.2028503418
8.8135681152 -1.7358398438 2.3370971680 0.1778068542
8.7246398926 -2.3244209290 1.3581085205 -0.1613187790
8.2088623047 -1.4059753418 2.1424407959 0.5659756660
8.4400634766 -2.0786399841 2.5031204224 -0.4420108795
8.2444458008 -1.9040069580 2.4115219116 -0.2260136604
8.9914245605 -0.0024375916 2.0966415405 -0.6371383667
8.5289916992 -1.4318504333 1.5298614502 -0.6726160049
9.4716186523 -2.3567619324 3.0126495361 0.6442356110
8.0487976074 -1.9557495117 1.4439849854 0.2633709908
8.4756469727 -0.7462501526 2.5947265625 0.5941491127
9.4538269043 -1.1860694885 1.6329116821 -0.1070585251
8.9558410645 -1.2895545959 2.0565643311 -0.4336628914
8.4400634766 -1.1601943970 2.8409042358 0.1934590340
8.5645751953 -1.4318504333 1.9420623779 0.8299722672
8.3333740234 -1.5676765442 2.3084716797 -1.0952191353
8.9736328125 -1.6517601013 2.0565643311 -0.0256686211
8.8491210938 -1.8781356812 2.1138153076 0.0776343346
8.3511657715 -1.4706573486 2.5088500977 -0.2980127335
8.9024963379 -1.3607025146 2.3542709351 0.5419759750
8.5467834473 -1.1278572083 2.4229736328 0.5774536133
8.9558410645 -1.3865737915 1.2436065674 -0.8844394684
8.3155822754 -1.7681808472 1.9019927979 0.1631984711
7.1773376465 -1.5223999023 1.0661315918 -0.6214866638
8.8313598633 -2.2985496521 2.5317459106 0.1151990891
8.8135681152 -1.5353355408 1.6271896362 -0.0434074402
7.7998046875 -2.5572662354 1.8275604248 1.1085772514
9.2226257324 -1.9751548767 1.7359619141 0.1454596519
8.4578552246 -1.7940521240 1.6100082397 1.3078789711
8.7957763672 -2.1885948181 2.0794677734 0.3896303177
8.3155822754 -0.9855613708 1.7474136353 0.2936315536
8.5645751953 -2.3438262939 1.6157379150 -0.0350594521
8.9380493164 -1.7229042053 2.1710662842 0.2529363632
8.7602233887 -1.9298782349 1.7474136353 -0.6715726852
8.8669128418 -2.2726783752 2.5431976318 0.1162428856
8.7068481445 -1.1084518433 1.2894058228 0.6630177498
8.7779846191 -2.6866264343 1.9019927979 0.0932865143
8.4045104980 -1.9492835999 0.9458999634 0.8310155869
8.7957763672 -1.7552452087 2.9554061890 0.0692868233
8.3689270020 -2.6542854309 2.2397689819 0.3990216255
8.8669128418 -2.0657043457 2.5661010742 -0.2635784149
9.3293457031 -1.8005218506 2.2454910278 0.1851115227
9.0803527832 -2.0139617920 2.5489196777 0.7621469498
8.7068481445 -1.4383163452 2.4973983765 0.1997199059
8.3333740234 -1.3024902344 2.1367187500 0.6640615463
8.6357116699 -2.1174468994 2.0336685181 0.4021520615
8.9914245605 -2.1433219910 1.6042861938 0.9624919891
8.2622375488 -2.3761672974 2.0393905640 -0.5181837082
7.9954528809 -1.8457946777 1.5126876831 0.7631902695
8.1377258301 -2.0657043457 0.8772048950 0.7235388756
8.0310363770 -1.6258850098 1.4840621948 -0.4409670830
9.0269775391 -2.0657043457 1.9477920532 -0.2990560532
8.7246398926 -1.8910713196 2.4401473999 0.0598955154
8.4934387207 -2.0592384338 2.7321243286 0.6244096756
8.2444458008 -1.9040069580 2.1767959595 0.0588521957
8.6890563965 -2.2403411865 2.6519699097 0.0776343346
8.7957763672 -2.8353881836 1.8046646118 -0.2740130424
8.4578552246 -2.2985496521 2.7779235840 0.7579731941
8.1911010742 -2.1950645447 2.6920471191 0.4021520615
8.2622375488 -2.3502922058 2.6805953979 0.4198908806
8.2088623047 -2.2856140137 2.1424407959 0.1026778221
8.3333740234 -1.6711616516 1.8790893555 0.8612761497
8.4400634766 -1.6711616516 1.7130584717 0.3468484879
8.5645751953 -1.4771232605 2.2569427490 0.3249354362
8.1555175781 -1.8005218506 1.6100082397 0.2769360542
8.9024963379 -2.1239166260 1.7474136353 0.9958829880
8.4756469727 -2.9518127441 2.3199157715 0.9030146599
8.6712951660 -1.9622192383 1.7932128906 1.0730991364
8.4756469727 -1.9234123230 2.1939697266 -0.3053169250
9.3648986816 -1.2766189575 1.7817611694 0.5242371559
8.3867187500 -1.9040069580 1.4897842407 -0.1300148964
8.4400634766 -2.6284141541 2.5603713989 -0.4399237633
7.8531799316 -1.5806121826 1.8619155884 -0.2072310448
8.7602233887 -1.1278572083 1.6729888916 -0.0079293251
7.9065246582 -2.7319030762 2.3828964233 0.2717189789
9.4716186523 -1.8263931274 2.4172439575 0.6369314194
9.2759704590 -2.0915756226 1.9363403320 -0.0601029396
9.5071716309 -1.0114326477 2.2168655396 0.0807647705
8.6535034180 -1.6452903748 1.8504638672 1.3068351746
9.9162292480 -2.2274017334 1.8848114014 0.2769360542
8.6890563965 -2.2274017334 1.7474136353 0.4793682098
8.4223022461 -2.1885948181 1.9878616333 0.0859823227
8.9914245605 -1.8716659546 1.3581085205 -0.4326195717
8.9558410645 -1.4835929871 2.2283172607 0.6066708565
8.7424316406 -2.0786399841 1.3924560547 1.0198826790
8.1199340820 -2.6542854309 2.0794677734 -0.1383624077
8.3867187500 -2.7254333496 2.2970199585 0.3489351273
8.0310363770 -2.0592384338 1.3867340088 0.0317220688
8.9736328125 -1.6258850098 1.6157379150 0.0911993980
8.9202880859 -2.0268974304 1.8218383789 0.9687528610
8.7779846191 -1.7293739319 1.5642089844 0.6317138672
8.8669128418 -2.4279098511 3.3733291626 0.2905011177
9.0091857910 -2.1368522644 1.7703094482 0.5075416565
9.3471069336 -2.5055236816 1.8790893555 -0.3240990639
9.4538269043 -1.7229042053 1.1634521484 0.2122411728
9.1514892578 -2.0592384338 2.0851898193 0.0870256424
8.4934387207 -1.6388206482 2.9439544678 0.2049369812
8.3155822754 -2.7448387146 2.2454910278 -0.0225381851
7.9421081543 -1.8716659546 1.7302398682 0.3499784470
9.2937622070 -1.6000137329 2.6462478638 -0.0767979622
9.6494750977 -1.2184066772 3.3218078613 0.5388455391
8.8135681152 -2.0204315186 2.3199157715 -0.1049718857
8.8313598633 -2.0592384338 2.2454910278 -0.2354049683
8.9736328125 -2.0721740723 2.5431976318 0.7224955559
8.7602233887 -2.4731826782 1.2779541016 0.6202359200
9.4716186523 -3.0488281250 2.3657226562 -0.2468829155
8.5112304688 -2.4473114014 2.0393905640 -0.4994010925
9.3471069336 -2.6090126038 2.2970199585 0.1600680351
8.7246398926 -3.2428665161 1.8275604248 0.1465029716
9.1159057617 -2.0204315186 2.3657226562 0.7913641930
8.7246398926 -1.9686851501 2.1767959595 -0.1404495239
9.1514892578 -2.4602470398 1.8619155884 -0.1456665993
9.4538269043 -2.4861221313 2.0851898193 0.6588439941
10.2541503906 -1.5288696289 1.5012359619 0.1778068542
9.1692810059 -2.0592384338 1.5413131714 0.5691061020
9.5427551270 -1.8846054077 2.7378463745 0.8737978935
9.9162292480 -2.1109809875 2.2454910278 0.5002374649
9.0803527832 -2.2985496521 2.3657226562 0.1736330986
8.7779846191 -1.4124450684 2.5489196777 0.0964169502
8.7246398926 -3.0811691284 2.3485412598 -0.4660100937
8.9202880859 -2.2597427368 1.9821395874 0.1642422676
8.7246398926 -2.2274017334 1.5413131714 0.1684160233
8.0310363770 -2.7707099915 2.4916687012 0.8414502144
8.7246398926 -2.1756591797 1.3123092651 -0.3115777969
9.5960998535 -2.0074958801 1.9077148438 0.0379829407
9.0625610352 -1.7811164856 1.9477920532 0.3823261261
9.1692810059 -2.6090126038 2.3771667480 -0.1206235886
10.1652221680 -1.9945564270 1.7531356812 -0.0371465683
9.4004821777 -1.8328590393 1.5413131714 -0.2969689369
8.9202880859 -1.5159301758 2.2111434937 -0.5192270279
8.4934387207 -1.7811164856 1.5126876831 0.3426742554
8.4400634766 -1.7099685669 1.9077148438 0.5837144852
8.3689270020 -2.0398330688 1.4497070312 -0.2406220436
9.2226257324 -2.9388732910 1.2894058228 0.2998924255
8.4400634766 -2.3567619324 3.1672286987 0.2790231705
9.0091857910 -1.9298782349 2.3485412598 -0.1477537155
8.3867187500 -1.6323547363 2.0222167969 0.6473660469
9.0803527832 -2.1174468994 2.3485412598 -0.2468829155
8.9024963379 -2.0010261536 0.6710968018 0.5878887177
8.6890563965 -1.2895545959 1.6500854492 -0.3324470520
8.1555175781 -2.0721740723 1.8733673096 0.8341460228
8.7779846191 -1.9945564270 1.8390121460 0.5451064110
8.6712951660 -2.2726783752 1.4039077759 0.3051095009
8.7602233887 -2.1950645447 1.7531356812 0.0202441216
8.2444458008 -2.5766716003 2.0279388428 -0.0434074402
8.9736328125 -2.0074958801 2.4229736328 -0.0747113228
7.7820434570 -1.8846054077 2.1023635864 -0.2562742233
9.5427551270 -2.0139617920 2.0508422852 -0.2729692459
8.6179199219 -1.8328590393 2.2683944702 -0.4388804436
8.4934387207 -1.8263931274 2.4802246094 0.3812828064
8.2622375488 -1.5612068176 2.3599929810 -0.3752288818
8.4045104980 -0.6621665955 3.3275299072 0.4125866890
8.6890563965 -1.3154258728 2.4515991211 0.2268500328
8.8847045898 -0.8432693481 2.6634216309 0.1767635345
8.4934387207 -1.0955162048 2.1882400513 0.1642422676
9.2759704590 -2.7060279846 2.3542709351 0.2195458412
8.9558410645 -1.1537284851 1.6558074951 -0.0308856964
10.0407409668 -1.0243682861 2.0680160522 0.3374571800
9.2581787109 -0.7139091492 2.4859466553 0.1214599609
8.6179199219 -1.2184066772 2.2741165161 0.9812746048
9.4360351562 -1.6323547363 2.2225952148 0.3750219345
9.0269775391 -1.0890502930 2.3599929810 0.4918899536
9.6494750977 -1.6646957397 2.5202941895 0.0223307610
8.9202880859 -0.6492309570 1.7016143799 -0.1091456413
8.4400634766 -1.5094642639 1.6214599609 0.6411051750
8.9736328125 -2.0204315186 1.5813827515 0.8977971077
9.5071716309 -1.3412971497 2.4744949341 1.0198826790
7.7108764648 -1.8522644043 1.9993133545 0.8487544060
8.0487976074 -1.1990051270 1.9935913086 -0.0392336845
9.6316833496 -1.0696449280 1.4726104736 0.7068433762
8.1021728516 -1.8069877625 1.4439849854 0.0776343346
8.1021728516 -1.1537284851 1.5012359619 0.6442356110
8.7602233887 -0.8562049866 1.5699386597 0.0870256424
9.5249633789 -1.4512519836 2.6347961426 0.9864916801
9.2404174805 -0.9208831787 1.5069580078 0.0849385262
9.1514892578 -1.1472587585 2.2798461914 0.1506772041
9.7028198242 -1.4124450684 2.0164871216 -0.1592316628
9.1159057617 -0.6556968689 2.1538925171 -0.2020139694
9.1692810059 -0.9920310974 1.9993133545 -0.8322663307
9.9696044922 -0.2611541748 2.4973983765 -0.0527987480
9.5427551270 -1.5159301758 1.4726104736 0.3812828064
9.7917480469 -0.0477142334 2.0909194946 -0.1446232796
10.2185974121 -0.7979927063 1.9935913086 -0.3470554352
9.4894104004 -0.7333145142 2.1653442383 -0.4054894447
9.5427551270 -0.8109283447 2.6405258179 -0.8020057678
9.8095397949 0.1851310730 1.8275604248 0.3938040733
9.9696044922 -0.8044586182 1.8790893555 0.5294547081
10.0940856934 -0.2482185364 2.4172439575 0.1204166412
10.6632080078 -0.7462501526 1.8332901001 -0.3627076149
10.8410644531 1.0712356567 1.9306182861 0.3969345093
10.3786621094 0.2627487183 1.5642089844 0.0432000160
11.2856750488 0.3921051025 0.4821701050 -0.0068860054
10.5564880371 1.4205055237 2.3199157715 0.0953736305
11.4635314941 0.8060531616 1.7302398682 -0.8166141510
12.0504455566 1.6145439148 0.5680465698 0.6296272278
12.4239196777 2.8434486389 1.1920776367 -0.3950548172
13.1353454590 4.1693725586 1.4955062866 -0.0632333755
13.8822937012 3.7554244995 0.9001007080 0.4793682098
14.4336547852 4.3828125000 0.2531661987 0.0703301430
17.1725463867 5.6246566772 0.9001007080 -0.3898372650
17.0658264160 7.0864028931 -0.5311660767 0.0212874413
19.2889709473 7.5844345093 -0.1590347290 -0.2343611717
20.5516967773 9.2143554688 -1.3154983521 -0.1394062042
21.6543884277 10.7860565186 -1.0349731445 -0.3867068291
22.9349060059 12.0925827026 -1.6761779785 0.4459772110
25.1580200195 12.8945999146 -2.1570892334 -0.5067052841
26.6697692871 15.3071365356 -2.7639465332 -0.3877506256
28.8751220703 16.0056762695 -2.2601394653 -0.1133193970
30.2267761230 17.4609527588 -3.5998077393 -0.4962706566
31.2405395508 18.6963272095 -3.4337768555 -0.2698392868
33.7482299805 20.7789993286 -3.8860549927 -1.4353885651
34.7619628906 20.0222549438 -4.7390899658 -0.2646217346
36.3804016113 21.5939559937 -5.4318237305 0.2738056183
37.5008544922 22.2213439941 -5.8211288452 -0.2312307358
38.1589050293 22.9004821777 -5.3001480103 -0.1049718857
38.3723449707 21.5939559937 -5.4146499634 -0.1853184700
38.3367614746 22.4412536621 -5.1398468018 0.3771085739
38.8880920410 22.0208435059 -5.5119781494 -0.1060152054
37.8387756348 21.0118484497 -5.2600784302 0.5993666649
36.8428039551 20.2098236084 -5.6436538696 0.0056352615
37.0206604004 20.4750061035 -4.4700164795 0.2612843513
34.7264099121 19.6147766113 -5.2142715454 0.5117154121
33.4992370605 18.4052734375 -4.7619934082 0.2237195969
33.5881652832 19.2913818359 -3.4624023438 -0.6162691116
32.6811218262 17.9072418213 -4.4299392700 0.3437180519
32.2542724609 17.4027481079 -4.9509201050 0.2351975441
30.3690490723 15.9668655396 -4.4127655029 0.8675370216
30.9737548828 16.7430191040 -3.9948348999 0.4543251991
29.1596679688 15.5852584839 -3.4051513672 0.6598873138
29.7109985352 16.1997070312 -4.4413909912 -0.7717452049
29.4975891113 16.5683822632 -4.4871902466 -0.1863617897
29.8710632324 16.2449874878 -4.0177307129 0.0265049934
28.9106750488 15.6240692139 -3.7200317383 -0.2834038734
28.5194091797 14.8091049194 -4.3326110840 -0.2072310448
28.2526245117 15.4364929199 -5.0597000122 -0.5839219093
28.8217468262 15.6887435913 -3.5998077393 0.0181570053
28.1992797852 15.3265380859 -3.8230819702 -0.1842751503
27.4700927734 14.5891952515 -3.2849273682 0.5847582817
27.9502868652 15.3265380859 -3.4394989014 0.2372846603
29.5331726074 14.5051116943 -3.9604873657 0.0588521957
28.3771362305 14.4339675903 -3.1360702515 0.0640692711
29.4975891113 15.9992065430 -4.2524642944 0.2967619896
30.2979125977 15.5464477539 -4.1837615967 -0.7185287476
31.7029418945 17.1504974365 -5.5119781494 0.6087579727
33.2324523926 18.5152282715 -5.8440322876 0.3489351273
34.4774169922 20.7466583252 -7.4241485596 0.0317220688
35.6334228516 20.7660675049 -7.5100250244 -0.4107065201
37.0206604004 22.0273132324 -8.5233688354 -0.3105340004
38.8703002930 23.6119537354 -8.8382415771 -0.4587059021
40.9511718750 24.1229171753 -9.0214462280 0.3520655632
42.2138977051 25.8886566162 -9.4050292969 -0.1634058952
43.4055023193 26.9494018555 -10.6931686401 0.3426742554
44.1880493164 26.9494018555 -11.5862808228 0.0432000160
45.6108551025 28.1459655762 -11.2542266846 -0.7560935020
48.8833007812 30.1898269653 -12.5080184937 0.4324121475
50.6618041992 32.2466278076 -13.8476791382 0.5972795486
54.0943298340 33.9541625977 -14.5346908569 0.0400695801
57.1711425781 35.9592132568 -16.5441894531 -0.2792301178
59.8033294678 38.5140457153 -17.1109695435 0.3896303177
62.1865234375 40.1504287720 -19.9792327881 -0.7498326302
65.6546173096 42.6211776733 -20.7349395752 0.0129399300
68.6069335938 44.1282043457 -21.9143066406 -0.6486167908
70.3676605225 45.0595855713 -22.9047470093 -0.7999186516
71.8793792725 45.6352310181 -22.7730712891 -0.8061795235
73.0176239014 45.6546325684 -24.0669326782 -1.4312148094
74.3337249756 45.0013732910 -25.0401992798 -0.6204428673
73.8535308838 44.1476058960 -23.5459518433 -0.9908728600
74.4582214355 43.6431121826 -24.9142456055 -0.7310500145
74.6360626221 42.1231460571 -24.0497589111 -0.7101807594
76.0944366455 41.3664016724 -24.7482147217 -2.2346820831
77.9974517822 40.9201126099 -24.8340911865 -2.0750322342
79.8115234375 39.6329956055 -24.3818130493 -1.6753854752
81.1098327637 38.1130371094 -24.3417358398 -2.0739884377
83.0839691162 38.4623031616 -24.3188400269 -1.7463407516
86.3208465576 37.3239517212 -24.6394424438 -0.6893115044
89.6466522217 35.8751373291 -24.4161605835 -2.0343370438
95.4090118408 34.9825592041 -24.9886703491 -1.9644250870
100.1042785645 32.7770004272 -23.5058746338 -1.3508677483
108.4632568359 31.6386413574 -23.8093032837 -1.0211334229
119.0987243652 29.6206512451 -24.3417358398 0.1798939705
131.7261047363 28.5146408081 -23.9352569580 -0.4503583908
145.8830108643 25.0866394043 -21.6853027344 0.2978053093
161.9429321289 20.5526199341 -18.0441589355 1.0720558167
180.2437438965 13.0886383057 -12.0271072388 2.4191679955
201.2834777832 3.2185897827 -5.7409820557 3.9071478844
226.8228149414 -8.7341346741 3.3218078613 5.2146086693
257.8221740723 -22.0645256042 15.2986564636 7.4841432571
292.2540588379 -36.5268020630 27.6648101807 9.9206314087
331.2922668457 -53.2657890320 43.7007369995 11.6287822723
374.9012145996 -72.1650619507 61.6545600891 13.9348382950
418.6347045898 -90.7150650024 81.2457504272 16.7542800903
460.8919677734 -110.5263137817 99.9667358398 18.7639923096
499.0409545898 -127.8668212891 120.5025634766 20.2780570984
532.9392700195 -143.8619995117 136.9392395020 21.1994361877
558.8698730469 -155.5689392090 149.8950805664 20.8498764038
577.1529541016 -162.3796691895 159.6219787598 22.4787235260
587.5749511719 -166.2733459473 162.5474853516 22.2272491455
