245.237 180.173 128.884 -53.7204
241.815 175.73 128.96 -53.4
239.842 170.536 128.884 -53.6758
235.163 164.922 125.979 -50.5834
226.346 156.844 123.46 -49.3576
218.971 152.282 122.008 -48.5051
209.413 143.395 116.856 -48.2098
200.975 134.221 111.159 -43.3455
190.362 124.274 104.601 -43.1254
178.108 113.893 99.7064 -36.7846
164.21 103.799 93.7527 -35.8624
155.432 97.5965 84.9095 -31.0149
142.143 89.2829 79.9695 -30.4827
129.569 81.4696 73.804 -26.0308
117.577 72.4938 68.0247 -25.4792
105.354 64.7025 60.8909 -23.3758
94.8464 57.5955 52.615 -18.1688
85.2019 49.4658 49.6951 -17.6729
74.8034 42.2337 41.2449 -16.1741
66.8034 39.9236 38.8694 -13.3547
57.7331 31.6247 33.6424 -14.3186
51.1316 28.0491 29.6478 -9.32619
45.7605 26.0406 28.347 -9.13396
40.7839 20.1916 21.5535 -9.23148
33.6042 20.5889 19.8289 -7.77442
29.8659 17.7784 18.8304 -3.99388
28.6511 15.4609 18.1341 -3.58713
26.6706 12.4592 15.3201 -3.19152
21.7644 11.2821 12.1351 -1.37787
18.7292 10.0975 10.471 -3.01322
15.7683 9.1779 9.46466 -1.0547
14.6081 6.59553 7.92169 -0.684166
12.0222 6.0511 5.69757 -2.60647
11.6745 5.85246 5.80352 -0.436214
8.8425 5.96281 3.70782 -1.35279
7.99485 1.73243 3.46563 -0.926544
5.92844 2.4608 1.92999 1.06263
8.63157 1.83544 3.1253 -2.78199
5.95969 3.55702 0.976863 -1.18007
4.51828 1.87957 1.59747 1.24372
3.86594 1.67358 1.88458 -1.08813
3.62375 2.65944 2.08136 0.600159
3.5261 1.71772 2.72442 -0.221695
2.31125 0.665646 0.553523 1.36351
-0.649684 -0.0995055 0.976863 1.6031
3.03782 2.14444 1.59747 1.16014
1.98313 1.085 -0.672063 -0.00717916
-1.35281 2.2548 0.394344 2.2188
3.79172 0.28307 1.36261 -0.611729
0.526097 -0.114215 0.810359 -0.0907554
0.822972 1.51908 0.288387 -1.97128
0.186253 0.717145 0.689754 1.43595
1.0886 0.246289 0.40948 2.53083
-0.579372 -0.548289 0.462703 -0.790031
0.862034 0.96729 1.00714 0.299278
-0.102809 2.21065 0.0769608 1.87891
0.725316 0.790723 0.94659 1.79255
-0.305934 1.77658 0.825496 2.13522
1.24875 -0.702792 -0.710149 0.513794
0.983128 0.570004 2.12677 1.39694
0.869847 -1.74015 -1.08075 0.0764009
-0.255153 -0.518863 1.52911 1.55574
2.72922 1.61472 -1.06562 2.50018
-0.0168719 1.91636 -0.142766 0.0485421
0.178441 -0.36436 0.492976 2.97101
0.0964093 1.71772 1.242 -0.397213
1.24094 1.27629 -0.770696 0.410713
0.268284 1.79865 -1.23945 0.680954
0.694066 0.901074 -0.785832 -0.723167
0.912816 0.268353 0.242976 -1.54502
2.10422 -1.27664 -0.346867 0.137692
-0.587184 -1.14422 0.52325 0.329922
1.28 1.12915 -0.989934 -0.140903
0.338597 -0.298144 -0.974797 0.388428
0.514378 1.41607 -0.641789 -1.18285
1.11985 -0.908786 -2.6164 2.42217
-0.153591 -1.48265 -0.695012 0.892685
-0.876247 1.39401 -1.25458 1.27158
-0.587184 0.547925 -0.157903 -1.08256
0.194066 -0.312862 1.67315 0.318779
-0.587184 2.72566 0.976863 0.784035
1.99875 -0.283435 0.107234 0.842537
2.6511 2.17387 0.439754 0.268631
1.24875 -0.820506 1.00714 -0.865253
-0.610622 0.982007 -2.59345 -1.74004
0.959691 0.959927 -0.86884 0.204556
-0.661403 1.79129 -1.11835 1.22143
2.11985 1.81337 -1.633 -1.13271
0.651097 0.959927 -0.770696 0.204556
-1.25515 1.21008 -0.392278 0.511009
-0.520778 -0.0921432 1.65802 -0.157619
1.87766 0.930508 0.242976 -0.355423
1.53 -0.489429 -0.740422 -1.74561
0.268284 0.0108613 0.137508 -0.957188
-1.1575 2.41665 -1.77655 -0.352638
0.119847 0.260999 0.47784 1.21307
0.217503 1.21743 -1.42841 -0.257915
-0.489528 -1.75487 -0.294133 -0.712025
-0.907497 -0.151004 -0.248723 -0.870823
1.74875 0.216855 -0.800969 -1.53945
-1.37625 -0.12157 0.94659 0.803536
2.22532 0.128568 -0.0289963 1.73404
-0.419216 0.78336 -1.58759 0.391213
2.3425 -0.415866 -0.188176 0.575085
0.912816 -0.636577 2.45196 0.472008
1.56125 0.0108613 -0.346867 -0.659092
-1.29422 -0.217212 -1.66327 -0.43343
0.557347 2.59323 -1.27753 -1.56174
0.518284 -1.26929 -0.535832 0.814678
-0.247341 0.349286 0.47784 -1.10206
2.01438 1.71037 0.288387 0.586231
0.514378 0.327214 0.0920975 0.382855
-0.747341 -0.857288 0.061824 2.0015
1.94016 1.29101 -0.127629 -1.75676
3.04563 -1.74015 0.780086 1.97364
-2.14968 0.614148 0.167781 -1.60632
3.47922 -0.151004 0.598933 0.444145
-0.274684 0.753934 0.303523 1.53624
1.48313 1.00407 -0.452824 -0.550438
3.16672 -1.32815 -1.44355 0.0262528
-0.384059 -0.585071 1.37774 2.78714
-0.208278 0.7245 0.333797 -1.80412
0.217503 -0.0185729 0.0164139 0.959549
-0.505153 -0.136287 -1.74628 1.05706
-1.49734 -0.614505 -1.1789 -1.65089
-0.247341 1.57058 1.40802 -0.00717916
1.97532 -0.746936 -0.354192 -1.10206
-0.0168719 0.650929 0.137508 -0.987835
0.186253 -1.0633 1.77911 -0.143688
0.299534 -0.592433 1.4837 -0.0211066
0.549534 0.974652 -0.203313 0.728314
0.268284 0.628857 0.31866 -0.138119
-1.61062 1.86487 -0.95966 -0.0935439
0.748753 -1.07065 1.30206 -1.96013
0.0807843 -0.975009 -0.611516 -0.255127
1.09641 0.0476426 0.424617 -1.2135
1.14328 -0.577716 -0.505559 -0.675808
-1.39968 0.996716 -1.11103 1.43316
-0.427028 0.0255708 0.394344 -0.70924
0.459691 -1.25458 -1.74628 -0.154835
-0.344997 -1.46794 -0.641789 -1.84869
0.451878 0.121213 -2.14716 0.912186
1.15891 0.908429 1.43829 0.20734
-0.708278 -1.5783 -0.695012 0.580658
1.38547 1.24686 -0.203313 -0.152046
-0.755153 1.71037 -1.25458 -0.567154
0.709691 0.768643 -0.0895431 1.49724
-0.868434 1.09236 1.02227 -0.798389
2.28782 -1.32079 -0.0138596 -1.12713
2.47141 -0.563007 -3.00214 -0.622875
0.444066 -0.585071 0.333797 -1.63696
1.68235 0.879002 2.08136 0.263058
-0.532497 -0.187793 0.0315506 -1.26086
0.490941 -0.356998 -0.86884 0.427429
0.959691 0.628857 -0.429875 1.32729
0.975316 -0.555652 0.764949 1.13785
1.68235 -1.50472 -0.687199 -0.842964
1.52219 -0.636577 -0.460149 0.864826
1.35422 0.982007 -0.316594 -1.21628
1.87766 1.04086 0.0315506 1.69783
2.76438 0.695073 0.689754 -2.77642
1.60422 0.253644 -0.0895431 -2.69563
0.951878 1.56322 0.205379 -0.848537
-0.512966 -2.01237 -0.550969 0.22963
-0.641872 1.17329 -0.452824 0.00675211
-1.64968 0.768643 1.242 -1.18007
-0.602809 -0.526218 1.0755 -1.67875
1.4675 -1.67394 -0.354192 -0.550438
0.740941 -0.930865 -1.50409 -1.18564
1.26438 0.96729 0.65948 0.407929
-1.07937 0.820142 -2.44208 0.700455
0.155003 1.188 1.83917 -0.330349
2.1511 0.805432 -2.26093 -1.14106
0.248753 1.35722 -0.951848 0.341065
-0.368434 -1.29872 -0.906438 -0.129761
0.217503 0.680356 -0.861028 0.288132
1.16672 2.50494 0.122371 -0.419498
0.951878 0.37872 -0.392278 -0.305275
-1.00515 0.584714 -0.656926 -0.603371
0.217503 0.923146 -1.42841 -1.0547
-0.700466 -1.21779 -0.853703 -1.71218
-0.489528 1.20272 -0.845891 -1.96571
0.291722 -0.989719 1.03009 0.928902
-0.0793719 -0.386432 0.840633 -0.731525
0.0182843 0.202145 0.122371 -0.503078
-1.18875 -0.879367 0.213191 -1.28872
-0.391872 0.856931 1.16632 2.89857
2.20578 -1.13686 1.10577 0.561157
-0.481716 1.65151 0.764949 -0.416714
0.369847 0.70979 -2.13202 -0.0712546
-0.915309 -0.0332824 0.424617 0.430218
-0.427028 0.547925 -2.01874 2.57819
1.15891 0.312497 -1.22431 0.0178948
-0.403591 -0.283435 -0.248723 -0.767742
0.155003 -0.0332824 0.152644 -0.204983
1.85422 0.503789 -0.816106 0.580658
1.39328 0.621503 -0.248723 -1.46702
-0.126247 1.04821 0.40948 0.477577
-1.80984 0.180066 -0.966985 -0.204983
0.330784 -0.563007 2.34649 2.30238
-1.45828 1.84279 -1.35321 1.27993
0.920628 1.44551 1.03009 -1.06027
1.43625 2.00465 1.16632 -0.530937
0.0260968 2.05615 2.1419 0.867611
0.315159 -0.0259276 -0.785832 0.527725
0.0573468 2.35044 -1.3078 -0.129761
1.0886 -0.430575 -0.95966 -0.611729
-0.661403 0.842221 1.00714 -0.399998
0.709691 -0.945575 1.83917 0.171124
0.155003 -1.74015 1.25714 1.12671
-2.1575 -1.46794 0.65948 1.23814
-1.05203 -1.65187 -1.04267 -0.17712
-0.555934 -0.305499 -1.02021 -1.06027
-1.11843 0.356641 -0.816106 -0.243984
-2.09109 -1.70337 1.59747 0.577873
-0.0403094 2.0635 -0.0895431 -1.66204
0.256566 0.820142 -0.695012 -0.330349
-0.563747 -0.430575 -0.316594 -0.358208
-0.0324969 -0.982364 1.36261 0.212914
2.19016 1.58529 0.961726 -1.24136
-1.52078 0.56265 -0.936711 0.817463
1.12766 1.92372 0.65948 0.109833
-0.579372 1.21008 -1.57245 -0.873611
-0.852809 0.923146 -1.1789 2.56426
-0.169216 0.0255708 0.205379 -0.383282
0.330784 -0.114215 -1.01239 -0.386066
1.51438 0.0770692 1.27227 -1.11877
-0.419216 0.761289 0.36407 -1.28036
0.498753 0.886365 -0.974797 -1.39458
0.139378 -0.36436 0.674617 -1.18564
0.662816 -2.74073 -0.0895431 -0.0433959
0.588597 0.974652 1.04522 -0.809532
0.815159 0.525861 -0.861028 0.33828
0.354222 -0.827861 -1.93525 -1.57288
0.694066 0.452283 0.855769 -1.84034
1.03782 -1.36493 -0.218449 1.58639
0.283909 0.334577 0.27325 -0.00439062
-1.39968 -0.518863 -0.127629 1.28272
2.38547 2.35044 0.424617 -0.285774
-0.770778 1.14386 -1.11103 0.427429
1.58078 0.628857 1.09063 -0.567154
0.908909 2.8728 -1.41327 0.0290376
-0.0168719 -0.636577 1.71856 -1.30822
-1.77078 0.327214 -0.10468 0.767319
1.30344 0.430219 -2.25312 -0.0211066
0.604222 0.216855 -0.218449 -0.681377
-0.368434 -0.202502 -0.369328 -1.8877
0.459691 1.15858 1.51397 -0.0489692
0.725316 0.297788 0.961726 -1.17449
-0.571559 -0.555652 -0.0895431 0.636376
-1.93093 -1.60037 -0.203313 -0.444572
0.612034 0.650929 1.37774 1.28272
0.936253 -0.408504 -0.921574 0.458077
-0.153591 -0.555652 0.870906 0.611305
1.01438 1.27629 1.68829 -0.199409
0.248753 0.54057 -0.861028 -1.03241
-0.563747 0.2095 -1.27753 -1.5896
-0.0949969 -0.00386343 0.303523 0.176693
1.28 -0.283435 -0.218449 0.0290376
-0.778591 0.834859 -1.70087 -1.52552
-1.23172 0.496426 -1.4665 2.20487
1.85422 0.739217 0.901179 -1.52831
0.869847 2.12237 3.2918 -0.455715
-0.571559 0.673001 -0.498235 -1.17449
0.0260968 0.0549973 0.870906 1.5056
-0.0949969 0.695073 -0.316594 0.0596849
-0.255153 0.0917863 -1.92011 -0.0573272
0.514378 1.27629 -1.08075 -0.0991134
0.369847 0.474362 1.82452 0.304848
0.0339093 0.312497 1.46856 0.22963
1.31516 -0.989719 0.61407 0.483151
0.0026593 0.702435 -0.989934 -0.0183219
2.29563 -0.570361 1.22686 -0.0740394
0.436253 -0.563007 0.644344 0.107044
0.967503 3.04937 -0.740422 0.636376
0.557347 -0.254001 0.439754 1.188
0.619847 -0.408504 -0.498235 1.46938
0.0651593 -0.143649 -0.10468 0.182266
1.05735 0.753934 -0.906438 2.27173
1.86203 2.15179 -1.71601 0.970692
2.7136 0.22421 1.71856 -0.204983
0.549534 -0.0995055 -0.725285 0.168339
1.20969 0.319859 2.05108 0.0513269
1.43235 0.636212 -0.392278 2.02935
1.25657 0.584714 0.462703 0.784035
-0.458278 -0.114215 1.0755 1.20193
-0.239528 1.75451 0.583797 0.491509
1.3386 1.30572 -0.467961 -0.207767
-1.63406 0.820142 -0.921574 1.10442
1.20188 -0.231929 -0.687199 -0.879181
0.248753 0.327214 1.70343 0.0903321
1.66672 0.187428 0.992 1.5056
1.9636 -1.34287 0.629207 -1.67875
1.35422 -2.14479 -0.188176 0.823036
-2.74343 -0.0553618 0.348933 -0.505863
1.78782 0.871648 1.3172 -0.419498
-0.821559 0.018216 -0.437688 1.30501
0.119847 -0.592433 -1.12616 1.41644
0.123753 0.415502 0.750301 0.419071
0.662816 0.22421 0.379207 -0.160404
-0.755153 -0.0406447 -0.142766 0.644734
1.40891 -0.209857 0.159969 -0.2607
1.59641 2.04879 0.0466873 -0.207767
0.299534 -0.0700713 0.52325 1.14064
1.02219 1.21743 0.689754 0.190624
0.428441 0.128568 1.49884 3.24125
-1.41531 1.88694 -0.233586 0.650307
0.276097 0.673001 -0.437688 1.62539
-0.137966 0.915784 -0.377141 -0.138119
-1.89968 1.96786 0.114558 -0.0823974
1.00657 -0.62186 -0.248723 0.0373956
-0.192653 1.41607 -1.27753 0.781246
-1.73953 0.0329255 -0.339055 -0.115829
0.119847 0.959927 -1.93525 0.215698
-0.110622 1.37193 -0.173039 3.90709
0.854222 -0.724856 -0.974797 0.0262528
0.209691 -1.19572 -0.157903 -1.18285
0.830784 0.930508 1.34747 -1.52831
-0.192653 1.01143 -1.61786 -0.174335
-0.0246844 -0.312862 -0.346867 1.78419
-0.208278 1.43079 -1.14863 -1.0937
0.936253 0.790723 0.348933 -0.405571
-0.153591 0.099141 0.750301 0.132118
-0.821559 -0.474719 0.424617 0.18784
0.0885968 1.00407 0.598933 -1.06863
-0.305934 1.20272 0.780086 3.48362
-0.0168719 1.07029 0.00127717 -1.09092
0.0026593 -3.13066 -1.16376 0.84811
3.2761 1.29837 0.52325 2.2578
0.268284 1.66623 -1.633 -0.0656814
1.81907 0.408139 -0.142766 2.00985
-1.81765 0.268353 0.629207 0.580658
0.830784 2.80658 1.18145 1.23814
-0.247341 0.099141 -0.831242 2.46396
-0.587184 -1.01915 -1.64032 -1.50881
1.23313 1.55586 0.61407 -0.0879706
1.94016 -0.872005 -0.173039 0.795178
0.405003 -1.15894 0.70489 -1.94899
-2.68093 -2.01972 -1.16376 -0.868038
2.44797 -0.93822 -0.0289963 1.53903
1.86203 1.71772 -0.407414 2.10458
-0.458278 2.21801 0.0164139 0.912186
2.79563 1.01879 -1.57978 -0.556011
-2.09109 0.636212 -0.785832 0.831394
-0.899684 0.790723 0.22784 0.502651
-1.595 -0.151004 -0.641789 0.998551
-0.602809 1.87222 -0.710149 -0.686951
1.47532 -0.827861 -0.974797 0.42186
0.233128 0.879002 0.439754 1.10163
0.936253 1.59265 0.258113 0.38007
1.13547 1.15122 0.976863 1.63932
1.16672 0.158002 2.33136 -0.221695
-1.10281 1.44551 0.795222 0.00953684
-0.282497 1.09971 -0.816106 1.44709
-1.73172 -1.09272 1.30206 0.733887
0.901097 1.62208 0.129695 -1.28315
0.998753 1.45286 2.21026 1.0487
-1.77078 -0.717502 -0.483098 -0.352638
0.533909 0.849576 0.213191 -0.820679
1.51438 0.7245 1.27227 0.831394
0.799534 0.908429 0.0920975 0.491509
-0.587184 0.099141 -0.611516 -1.61467
1.69797 -0.342288 -0.248723 -1.11877
-0.145778 1.59265 0.553523 -0.870823
-0.169216 0.00349893 -1.66327 0.226841
0.686253 1.07765 2.60333 0.274204
0.225316 0.842221 0.855769 -0.798389
0.701878 0.474362 0.258113 -0.213341
-0.368434 1.12179 -0.641789 -1.21907
2.06907 0.165357 -0.611516 -0.288559
2.12766 0.452283 -1.3078 -1.18564
-1.20047 0.959927 -0.157903 -1.97406
2.30344 0.945218 -0.505559 -0.728741
0.436253 0.886365 0.462703 0.0875436
0.147191 0.70979 -1.59491 0.148834
-0.184841 1.18065 -1.45868 0.93169
-0.657497 1.44551 -0.248723 -2.87671
2.99485 0.481717 2.00567 -1.14385
1.36203 2.05615 0.538387 1.27993
-1.0364 -0.997073 0.462703 -0.469646
0.201878 -0.423221 1.06036 -0.266273
0.436253 0.356641 0.65948 -2.95472
0.877659 -1.50472 1.15118 -1.85984
1.1511 -1.12215 -1.40595 -1.11599
0.490941 0.547925 -0.437688 0.0541116
-0.805934 0.334577 -0.899113 1.21307
0.740941 1.16594 0.36407 0.984623
-0.571559 -1.49001 -1.25458 -0.00160589
0.506566 1.34987 -0.535832 0.12376
0.783909 1.55586 0.825496 1.19635
0.475316 -1.27664 -1.51191 0.772888
0.268284 1.39401 -1.1789 -1.38901
2.6511 0.533215 0.94659 0.374497
-0.216091 -0.93822 0.303523 -0.684166
0.627659 -0.0627166 -1.06562 -0.951618
0.283909 -1.03386 -0.203313 -0.121403
-0.489528 -1.03386 -2.79023 0.513794
1.34641 1.30572 0.0466873 -1.53667
1.52219 0.820142 0.31866 -1.26086
0.998753 1.93844 -0.853703 -0.647949
-0.505153 1.23214 0.583797 -0.360996
1.8386 0.319859 -0.323918 0.522152
2.22141 1.37929 2.1419 -0.946045
0.533909 0.180066 1.4837 0.700455
1.24094 1.43079 -0.626653 0.00953684
2.35032 1.66623 1.45343 0.0206796
-1.29422 -0.585071 1.22686 1.08492
-1.32156 -0.231929 -0.362004 0.240772
-0.0481219 -1.48265 0.0920975 -1.16056
-1.25515 2.95373 0.348933 -0.402782
2.25657 0.363995 0.855769 -1.73447
1.12766 1.67358 -0.505559 -0.75103
-0.505153 1.58529 0.0466873 0.22963
-0.0949969 -0.320216 0.870906 -0.0545386
0.155003 -1.01915 -1.04267 -0.848537
-0.298122 0.945218 -0.876164 1.03756
1.56125 1.65151 -1.11103 -0.558796
2.0925 -1.60772 -0.10468 2.04329
0.268284 -0.68072 0.583797 -1.5701
1.8386 0.673001 1.30206 0.78682
-1.94656 0.78336 -0.520696 0.38007
0.670628 1.54115 1.28741 -0.0406112
1.3386 1.87957 0.492976 -1.03241
-1.14968 -0.754291 1.21173 -1.29707
0.893284 0.349286 -1.02753 -1.42802
1.45969 0.489072 0.508113 0.990193
1.1511 -1.23986 0.961726 -0.372139
1.65891 -2.40966 -0.566106 1.07099
-0.262966 1.44551 0.727351 -1.24414
-0.184841 -2.00501 -0.422551 -2.82099
0.533909 -0.872005 -1.42109 1.74519
1.04953 -1.11479 -0.929387 1.9012
-0.305934 -0.452647 -0.157903 -0.934902
2.41672 1.40136 -0.611516 -0.778889
0.307347 2.10765 -1.39081 -1.69546
-0.794216 0.187428 -0.0138596 -0.915398
-0.747341 -0.827861 -0.785832 -0.213341
1.49094 0.673001 -1.95038 0.536083
0.975316 -0.982364 0.129695 2.23273
1.55344 1.188 0.394344 -0.360996
2.47922 0.467 0.0769608 1.23257
0.541722 -0.474719 -0.785832 1.10163
1.18625 0.143285 0.36407 0.912186
1.42453 0.996716 -1.02753 0.789604
0.807347 1.58529 1.92999 0.689312
3.01047 -0.975009 3.84405 -1.39458
0.444066 -0.187793 1.4837 0.767319
-0.981716 -0.482074 -0.966985 0.29092
-0.473903 -0.467364 -0.785832 1.62539
0.155003 -0.136287 0.886043 -0.561584
0.635472 0.467 0.56866 -0.996193
0.748753 -0.320216 -0.119817 0.583443
0.846409 -0.128932 0.931453 0.29092
-0.0871844 0.408139 0.61407 -0.842964
-1.92312 0.400784 -2.02607 -0.0266799
0.119847 0.864285 0.56866 -0.377708
1.20188 1.06293 0.629207 1.56131
1.02219 -0.246646 0.720027 0.995766
0.885472 1.19536 -0.936711 1.26322
2.56907 1.29837 0.107234 1.95971
-2.1575 -0.570361 -0.755559 -0.689735
-0.973903 0.13593 0.36407 1.51952
-1.9075 0.437573 0.780086 -1.01012
-0.376247 0.444928 -0.362004 0.407929
-0.587184 2.59323 -0.944524 -0.296917
1.11985 -0.798434 -0.233586 0.224056
-0.587184 0.628857 -0.26386 1.05148
0.0885968 2.71094 0.508113 -0.603371
0.998753 0.22421 1.42315 1.18242
0.0339093 -0.430575 -1.47382 -0.742672
-0.450466 0.128568 -1.82196 2.24666
0.498753 -0.0847884 1.68829 0.499867
0.194066 1.85751 -1.08075 2.26059
0.0964093 0.511144 -0.505559 1.80369
0.268284 0.798077 -0.906438 -0.126976
-1.39187 -0.0627166 2.03595 -1.03798
0.451878 -0.0921432 0.598933 -0.920971
-1.02859 1.48965 -0.475285 0.235199
0.709691 0.253644 2.48223 0.0346108
0.670628 -0.813144 -0.157903 0.371712
1.57297 0.70979 0.190242 0.803536
-1.95437 1.34987 -1.6706 -0.611729
-1.16531 0.511144 0.27325 0.502651
0.604222 0.827504 1.19659 0.502651
1.04563 -0.93822 1.21173 1.00412
0.893284 -1.07801 0.190242 0.926117
2.15891 -1.12215 0.492976 -1.52831
0.217503 -0.349643 0.508113 0.268631
1.6511 0.467 -1.58759 1.88448
2.01438 1.29101 0.825496 -0.455715
1.24094 1.24686 -0.407414 1.34401
-0.0637469 1.87222 -0.346867 -1.52552
-0.0481219 -0.599795 1.13604 0.118191
0.580784 1.36458 0.0920975 0.396786
0.740941 0.231572 -1.06562 1.98756
0.451878 -0.60715 0.52325 0.544441
0.256566 0.180066 -2.28339 0.680954
1.54563 1.68829 0.152644 -2.66777
1.79563 1.37193 0.439754 -0.0601119
1.79563 0.753934 -0.188176 1.48609
0.475316 1.05558 -0.725285 -0.280201
1.88547 0.349286 2.06622 -0.458504
0.490941 -0.496791 -1.91279 0.903828
-0.473903 0.319859 1.06036 0.349423
-0.899684 0.820142 -1.61786 -1.62582
0.662816 1.59265 -0.596379 0.742245
0.0417218 -0.629214 -1.5495 0.0652581
0.822972 -0.0995055 0.22784 -2.06043
0.846409 2.07823 0.27325 0.906616
-0.563747 -1.1295 0.129695 0.945618
0.119847 2.76244 -0.119817 1.40808
1.07297 -1.25458 -0.119817 0.29092
1.79563 1.21743 -0.294133 1.06263
0.807347 0.128568 -1.80683 2.39431
-0.571559 1.19536 1.34747 0.906616
-0.723903 1.74715 2.69415 -1.01012
1.82688 -0.776363 -2.06415 -0.101902
-0.126247 -1.72544 1.28741 0.00953684
0.0573468 -0.658649 0.492976 0.455292
0.397191 2.55644 -0.0895431 -0.890327
-1.00515 1.93844 1.0755 -1.3918
0.791722 -1.8873 -0.498235 -1.35558
2.29563 1.66623 -1.6706 1.03477
-0.884059 0.312497 0.538387 0.2547
0.0495343 0.275716 1.0755 0.221272
0.362034 -0.239291 0.424617 -0.216125
-0.868434 0.0255708 0.538387 1.52231
1.04953 0.0844239 -0.346867 0.508225
0.928441 0.430219 0.764949 0.845326
0.498753 -0.00386343 -0.710149 -0.803963
-0.634059 1.80601 -0.498235 -0.246769
-0.169216 1.57058 -0.437688 0.719956
-0.0793719 0.584714 -0.656926 1.02641
0.155003 -1.79901 1.94512 -1.39737
1.0886 -0.379077 1.16632 2.82335
-0.255153 -0.43793 -0.248723 -0.182693
1.32297 0.89372 0.492976 0.600159
-1.02859 2.57851 0.288387 -0.00996389
-2.2864 1.44551 2.00567 -1.23857
1.6511 1.67358 0.424617 0.552799
1.43235 -0.408504 1.99054 1.65046
0.338597 1.59265 0.242976 -0.870823
-0.602809 0.849576 0.0466873 -0.232841
-1.1575 -1.01179 -1.5495 -1.90163
-0.282497 0.37872 -1.01239 -0.193836
0.619847 1.01143 -0.0289963 0.519367
0.178441 0.702435 -0.10468 -0.879181
1.45188 0.099141 -0.445012 -0.252342
2.68235 -1.35022 0.462703 0.831394
1.94016 2.08558 2.52764 0.343853
0.983128 -0.717502 -1.66327 2.7537
0.912816 1.01143 -0.188176 -0.0461806
-0.700466 0.216855 0.182918 1.26879
-0.118434 -0.0332824 -0.770696 1.02641
-0.169216 0.577359 -1.07294 -1.03798
1.05735 0.238934 1.21173 0.586231
1.45969 0.319859 0.348933 2.79271
1.11985 -0.408504 1.7337 -0.647949
0.225316 -1.56358 1.39288 -0.0461806
-1.86062 -0.908786 1.68829 1.87613
1.9011 -1.03386 -1.69355 -1.28872
2.11985 -0.29079 1.71856 -0.634018
0.0104718 -1.00444 0.379207 0.658665
-0.384059 1.38665 2.69415 0.898258
-0.216091 -0.658649 -1.33808 1.87613
0.467503 -1.5783 0.61407 0.00117884
1.56125 -0.496791 -0.0592697 -0.547653
0.276097 1.02615 0.182918 3.3889
2.02219 -1.62979 0.144832 -1.7094
0.740941 -1.18837 1.04522 -0.213341
0.369847 0.879002 -0.294133 -1.76511
0.307347 0.798077 0.65948 0.683739
0.119847 0.246289 -1.43622 -0.352638
0.998753 -0.717502 -0.566106 0.134907
1.42453 -1.19572 -0.369328 0.0346108
1.10422 1.33515 -0.467961 0.597374
-0.419216 -0.563007 1.00714 1.12949
1.43625 -1.41644 1.15118 -0.257915
1.42453 -1.61508 -0.127629 0.226841
-0.153591 1.21743 0.379207 -0.75103
0.533909 -0.386432 -1.04267 -0.126976
2.19797 0.908429 0.40948 0.477577
1.99875 0.121213 -0.278996 0.419071
0.936253 -1.66658 2.25567 1.12949
-2.72781 0.952573 0.56866 1.9402
-1.1575 -2.10065 0.40948 0.78682
0.104222 1.25422 0.0769608 1.56967
0.694066 0.0917863 0.40948 0.460861
0.733128 0.78336 0.492976 1.27715
1.00657 -0.805789 0.114558 0.0764009
0.830784 0.0697144 1.03009 0.0875436
0.377659 1.17329 0.629207 0.555584
0.147191 -0.614505 0.629207 -1.18842
0.580784 -0.592433 -0.173039 0.0234681
1.23313 0.363995 0.538387 1.41087
2.16672 0.121213 0.447566 1.12113
-0.805934 1.76187 -0.505559 2.54754
1.24875 -1.96823 -0.392278 0.611305
0.299534 -0.452647 0.795222 0.126549
0.0885968 0.599431 -0.203313 0.0206796
0.225316 1.51172 0.205379 -0.75103
-0.587184 2.03409 1.4837 0.536083
0.588597 0.636212 1.89971 0.669808
0.588597 -1.79165 0.447566 -0.0183219
-1.6575 2.34308 -1.0578 -1.12713
-1.00515 0.768643 -0.0592697 -0.968334
0.0807843 -0.872005 -0.966985 0.608517
-1.595 -1.68865 -0.656926 -0.639591
1.19407 -0.555652 0.757625 0.460861
-0.102809 -0.555652 1.58966 1.83155
1.3386 -0.195148 0.508113 -0.224483
0.338597 -0.415866 -0.331731 0.00675211
0.780003 2.17387 -0.656926 0.126549
1.35422 1.34251 -0.0289963 0.474793
0.483128 0.400784 1.03009 -1.20514
-0.505153 1.07029 0.52325 -0.324776
0.0339093 -2.44644 -0.044133 0.611305
-1.23953 1.60737 -1.10321 0.505436
1.06516 -0.894076 1.51397 -0.196625
0.506566 -0.93822 0.538387 0.750603
-0.110622 -0.805789 0.333797 0.433003
2.35032 -1.03386 1.12091 -0.695309
-0.528591 -0.60715 2.74737 1.06263
1.79563 -0.158359 1.4837 0.884327
-0.384059 -0.496791 0.198055 0.839752
-0.329372 1.55586 1.58966 1.76469
-0.915309 1.44551 -0.278996 0.274204
-0.505153 0.923146 -0.520696 1.00691
1.03782 -1.04858 0.644344 0.162766
1.69797 2.84337 -0.611516 1.68668
0.0417218 2.21065 -3.13837 0.354996
0.170628 1.17329 1.34747 -1.03519
-0.747341 2.63002 -1.35321 0.700455
-0.305934 1.20272 0.107234 -0.0879706
0.533909 1.51908 1.15118 1.6839
0.854222 0.481717 -0.550969 0.371712
-0.134059 -2.2478 -1.02753 0.0123254
1.30344 -0.724856 -0.966985 0.951191
-0.458278 0.37872 -0.248723 1.99592
1.47532 -0.0259276 1.16632 1.23814
-0.274684 0.70979 1.25714 0.215698
1.03782 -0.195148 0.439754 -0.316418
1.03 1.49701 -1.05048 -2.40588
-0.868434 0.599431 -1.96552 -0.932114
0.217503 -0.695438 -0.127629 -1.47816
-0.216091 1.70301 -0.596379 -1.12713
-0.981716 1.05558 -0.520696 1.87891
0.709691 0.319859 -0.641789 -1.35837
-0.942653 2.86545 1.16632 -0.700882
-0.540309 -1.51208 0.538387 0.552799
0.694066 0.695073 1.42315 -1.06306
0.268284 0.717145 0.0769608 0.0429689
1.3386 0.886365 1.36261 -1.24136
-1.11843 0.555287 -2.13202 0.630806
2.35032 -0.467364 -0.0895431 2.02657
1.03 -0.717502 1.43829 0.0429689
-1.39187 0.989362 0.348933 1.78141
-0.532497 -0.43793 2.00567 -0.408356
0.428441 2.09294 -0.10468 -1.311
1.08078 0.503789 -0.0895431 0.382855
0.983128 0.820142 -0.997258 -2.00471
1.54563 2.9243 1.7337 -0.0684699
-0.466091 -0.739581 -3.38788 -0.870823
0.967503 0.687718 -1.1789 2.01821
-0.337184 0.952573 2.97393 -0.352638
0.912816 -0.702792 0.492976 0.714382
0.822972 0.018216 -1.27753 -2.00471
1.4675 1.83544 -1.14863 3.36661
-0.649684 1.9458 -0.725285 -1.12992
-0.0559344 -2.10065 2.37628 -1.56453
-1.68093 0.746579 -1.27753 0.212914
1.50657 1.78393 0.167781 -1.4698
1.72532 1.07029 -1.32294 0.173908
2.99485 2.58587 1.45343 0.433003
0.983128 -1.37965 0.855769 -0.700882
-2.51297 1.43815 0.36407 -0.491936
1.41672 -0.452647 1.46856 1.09606
0.619847 1.22479 1.06036 -1.06306
2.39328 3.03466 0.52325 -1.09927
-0.313747 1.34987 -1.64814 0.494293
1.64328 -1.13686 -2.13984 -1.12713
0.405003 0.937863 -0.0289963 0.16555
0.475316 0.937863 0.629207 -0.904255
0.990941 3.0273 -0.377141 -0.324776
0.369847 2.01201 -0.596379 -0.954403
0.998753 1.59265 3.39044 -2.47275
1.41672 0.673001 -0.142766 -0.263485
-1.42312 1.77658 -1.57978 -0.00717916
-0.360622 0.628857 -0.520696 0.399571
0.276097 1.64415 -0.611516 -0.550438
0.123753 -0.165713 1.43829 -0.962761
-0.313747 0.790723 -0.0895431 1.02084
2.47922 1.24686 -0.816106 0.892685
1.58078 1.82808 -0.785832 0.850895
0.0260968 0.0402802 0.52325 3.27468
1.1511 0.952573 -1.35321 0.800747
0.901097 -0.857288 1.7337 -1.22186
-0.829372 -2.66716 -1.66327 -1.0937
1.62766 3.46138 -0.467961 2.26059
2.70578 2.49759 0.795222 0.396786
-0.899684 1.76922 0.00127717 -0.686951
0.612034 0.533215 -0.460149 -1.08813
1.89328 -1.31343 0.220515 -0.650734
1.29563 1.50436 1.67315 1.49167
2.38547 0.886365 -0.853703 0.552799
2.07688 0.28307 0.107234 0.836968
2.62766 -0.967654 -0.91425 0.892685
-0.145778 1.65886 -0.816106 -0.837391
0.709691 1.54115 -1.48896 0.789604
1.02219 1.92372 1.10577 1.0097
0.162816 1.26893 -0.710149 0.940048
0.815159 1.40872 -0.581242 -0.614517
1.31516 1.37193 -0.248723 2.06836
2.00657 0.0844239 0.538387 0.78682
0.178441 -0.86465 0.379207 -1.46144
3.15891 -0.151004 -1.13349 -0.617302
0.248753 -0.415866 0.94659 0.452503
1.49875 -0.180431 -0.044133 -0.670235
0.998753 0.584714 -0.0895431 0.653092
0.565159 1.26158 0.538387 0.182266
-0.489528 0.673001 0.424617 0.304848
-0.0871844 -0.496791 -0.505559 0.814678
0.518284 -0.467364 -0.248723 0.502651
1.3386 -1.03386 -1.69355 0.299278
-0.0246844 1.39401 0.190242 0.173908
0.139378 -0.0995055 0.00127717 2.67291
0.604222 2.12237 -1.25458 0.433003
0.846409 1.24686 -0.740422 -0.394424
1.49094 0.106503 -0.740422 1.29943
1.56125 -0.0995055 -2.27607 1.60589
1.74094 0.444928 0.0769608 0.747814
0.885472 0.481717 -0.91425 -1.70382
0.908909 -0.842578 1.76397 0.240772
-0.313747 -1.09272 -1.64814 0.767319
-0.313747 0.22421 0.31866 0.427429
2.11985 0.908429 -0.10468 1.87334
1.43625 1.1365 -0.944524 0.505436
0.694066 3.4393 -0.119817 -1.15778
3.32688 -0.136287 -1.633 1.22143
1.88547 -0.180431 -0.0744064 1.77862
1.49094 -0.504146 -0.0744064 0.341065
0.936253 -0.761645 0.288387 1.3663
0.162816 1.12915 -1.50409 -0.121403
0.354222 1.21743 -0.452824 -0.202194
-0.505153 -0.0332824 -0.437688 -0.472431
0.256566 -0.886722 0.901179 0.814678
0.248753 0.621503 2.58819 0.550015
1.01438 0.577359 0.901179 0.739456
0.951878 -0.386432 -0.127629 1.39694
0.0495343 -0.482074 -0.966985 1.48888
-0.0793719 -1.07065 -0.596379 1.95413
-0.837184 -0.923511 -1.84491 0.327137
1.23313 -0.36436 -0.505559 1.79255
0.822972 1.86487 -1.82196 -0.0768279
1.24875 0.437573 -0.899113 -0.0155372
0.0417218 0.856931 -0.308781 1.09049
2.31907 0.746579 0.333797 1.20471
1.64328 -0.224574 -0.437688 -0.569942
-0.548122 1.73243 -0.308781 -2.01028
2.36985 0.0108613 -0.429875 1.78419
1.27219 1.79129 -1.54218 -0.748241
0.748753 0.246289 -1.25458 1.38301
-0.876247 -0.202502 0.439754 0.33828
1.02219 0.739217 0.379207 1.31058
-1.93875 0.0917863 -0.0289963 0.953976
1.28 1.76187 -1.32294 0.522152
0.420628 2.74037 1.67315 -0.0266799
0.459691 1.34251 0.258113 0.644734
0.877659 -0.467364 2.37628 0.0596849
2.01438 2.2548 -0.853703 -0.0712546
-0.266872 -0.849933 -1.00507 0.753388
-0.923122 0.0844239 0.674617 0.402355
0.490941 0.658292 -0.785832 -0.372139
0.686253 1.40136 -1.37568 -0.606159
-0.723903 1.8943 -2.21552 1.23814
-1.85281 -0.180431 0.0164139 -0.0768279
1.27219 -1.08536 0.689754 0.753388
-0.669216 1.38665 0.795222 -2.01585
0.467503 2.00465 0.167781 -1.43637
1.4675 1.25422 0.175105 2.64227
1.04563 -1.95351 -0.0744064 0.159981
-0.934841 2.51965 0.553523 -0.358208
-0.829372 -1.10008 -0.581242 -0.0935439
-0.641872 1.34251 -0.10468 0.427429
1.36203 -1.5268 1.19659 0.605732
0.518284 0.386075 -0.233586 0.733887
-0.563747 1.45286 -0.974797 1.7619
2.44016 0.834859 0.447566 0.324352
-1.0364 0.89372 -0.0289963 -0.252342
0.791722 0.525861 -0.695012 -0.547653
1.60422 -0.342288 -0.641789 0.419071
1.72532 0.996716 0.242976 0.914974
0.662816 1.50436 -1.23945 -0.553226
-0.313747 0.121213 -0.883977 -1.3918
0.756566 1.44551 -0.218449 0.48872
0.701878 0.0623597 -1.20917 0.132118
0.686253 -0.533572 0.855769 1.57525
0.635472 1.11444 -0.520696 1.39416
1.80344 0.54057 0.70489 0.257488
-1.7239 0.628857 -1.0578 2.14915
1.24094 0.518506 -1.45868 -1.79855
0.451878 1.06293 2.08136 0.224056
0.405003 0.386075 -0.407414 0.850895
1.10422 0.422864 -0.596379 0.24913
1.31516 -0.29079 -1.11835 0.0123254
0.526097 -0.12157 -0.392278 -0.358208
0.0339093 1.29101 2.48223 1.00412
1.05735 0.739217 0.992 -0.305275
1.61203 -1.76958 0.689754 1.07935
1.11985 1.04086 0.492976 0.619663
0.565159 -0.695438 2.09649 0.797962
1.02219 -0.36436 0.129695 0.115402
1.24094 -0.0406447 -0.989934 0.318779
-0.0168719 1.37929 -0.346867 -0.639591
1.61985 -0.813144 0.583797 0.970692
-0.0715594 1.14386 0.122371 0.466435
-0.661403 -0.43793 0.674617 -0.731525
-0.532497 1.28365 2.00567 -2.74856
1.38547 0.180066 -0.611516 0.667023
0.201878 0.7245 2.85333 2.66734
1.9636 1.23951 1.45343 1.4248
0.506566 1.46022 -1.8371 1.31058
0.838597 -0.173068 -1.33808 1.56967
1.02219 0.614148 -2.69208 0.522152
-1.05203 0.422864 0.70489 -0.806747
-1.25515 -0.415866 0.288387 0.268631
0.596409 -0.761645 2.34649 -0.227268
-1.38406 0.113858 0.288387 0.600159
2.11203 3.18916 -0.611516 -0.909828
1.91672 -1.35022 0.931453 0.14605
1.99094 1.65151 -1.11103 2.17422
0.338597 0.128568 -0.974797 -0.43343
1.94016 1.68829 1.28741 -1.97406
0.643284 -1.01915 -2.32148 0.694882
1.32297 1.62208 -1.14863 1.71176
1.07297 3.12294 -0.95966 1.89284
0.147191 1.34251 -1.64814 -0.0684699
0.533909 1.04086 1.7337 0.310421
-0.950466 -1.03386 -0.173039 1.11556
0.0339093 1.29101 1.28741 0.66145
0.412816 1.8943 -0.0592697 -1.5506
0.862034 1.07029 1.59747 -1.66204
-1.27078 2.07823 -0.392278 -0.118618
0.444066 2.28422 0.439754 -0.313633
1.0886 0.268353 -0.203313 0.708813
-0.669216 0.879002 0.348933 0.505436
0.385472 2.12237 -0.437688 1.00412
0.291722 -0.460002 1.10577 0.5723
-0.262966 -0.60715 -1.22431 0.198982
2.35813 2.95373 -0.966985 0.639164
-0.0559344 0.886365 -1.5495 -1.73447
1.0886 0.194791 -1.01239 -1.28036
3.29563 -0.555652 0.40948 0.263058
0.260472 0.775998 1.09063 -2.71234
0.147191 -0.0921432 -0.891301 -0.330349
0.901097 -0.886722 -0.294133 1.82041
0.233128 2.00465 1.34747 -0.5783
0.162816 -1.50472 1.62774 0.93169
-1.02078 0.547925 0.598933 -0.739883
-0.915309 1.32779 -2.63154 0.474793
0.740941 1.46022 -0.755559 0.641949
1.37766 2.01937 -1.00507 -0.829037
-0.169216 2.11501 -1.01239 2.854
-2.27859 -1.62244 0.916316 -1.72611
-0.458278 0.614148 -2.31366 -0.115829
0.596409 0.312497 -0.91425 0.491509
0.990941 -0.60715 -0.566106 0.0457536
1.98313 1.98994 0.40948 1.5446
0.815159 0.371358 -1.16376 0.107044
1.1511 -1.74015 0.348933 -1.09927
-0.337184 -0.908786 -0.173039 1.4248
1.86203 -0.401141 -0.323918 1.32172
0.533909 0.246289 0.379207 0.536083
-0.352809 1.9973 -0.422551 2.60326
1.69797 0.974652 0.129695 -0.940472
1.06516 2.09294 1.09063 -0.670235
1.01438 0.216855 0.870906 -1.02684
-0.684841 -0.415866 -0.566106 -0.249557
3.07688 2.54908 0.553523 -0.497505
0.869847 -0.857288 0.40948 -0.639591
2.03782 -0.379077 1.40802 -1.85148
0.830784 0.275716 -0.10468 -0.369354
2.7136 0.879002 0.795222 1.51117
-0.915309 1.16594 -0.316594 1.02362
2.61985 0.901074 2.40655 0.396786
0.428441 0.113858 -0.483098 0.405144
-0.684841 0.658292 -0.0138596 -0.0350379
1.11985 0.467 -0.86884 0.750603
1.59641 1.73979 -0.119817 -1.19678
1.45188 0.849576 -0.550969 -1.71775
0.0964093 -0.43793 0.992 -0.107471
-0.942653 0.13593 0.976863 1.1685
-0.755153 1.43815 0.598933 -0.369354
1.8386 1.52644 -0.26386 -0.0155372
-0.821559 -0.305499 -0.0289963 -0.330349
0.725316 0.982007 -0.785832 -0.455715
0.854222 -0.298144 -0.384465 0.653092
1.77219 0.937863 -0.687199 0.430218
0.807347 1.21008 0.757625 -2.81263
2.12766 2.54908 0.303523 1.21864
1.67453 1.26893 1.40802 1.1072
0.178441 1.42344 0.061824 1.88727
-0.427028 3.01259 1.0755 0.120976
0.662816 2.29894 0.348933 1.24093
-0.239528 1.15858 -0.422551 -0.124187
-0.313747 -0.0406447 1.28741 0.371712
-0.282497 -0.173068 -0.695012 -0.561584
2.28782 1.96051 1.04522 -0.0155372
2.94016 0.467 1.96026 -1.1132
-0.337184 1.4823 0.462703 -0.639591
-1.08718 1.82808 -1.6706 1.23536
1.18625 1.71037 0.61407 1.68947
2.82688 -1.12215 0.538387 0.433003
0.506566 1.56322 0.508113 0.472008
1.43625 2.08558 -1.44355 0.811894
0.643284 0.408139 1.49884 0.446934
0.444066 -0.401141 -0.876164 0.753388
2.54563 0.864285 0.992 -0.196625
0.862034 0.614148 0.583797 1.52231
1.08078 -0.0700713 -0.672063 0.61409
-0.255153 -0.452647 1.61261 0.204556
0.643284 -1.45322 -0.641789 0.917759
-0.716091 0.00349893 -0.331731 0.120976
1.26438 1.39401 -0.581242 0.781246
2.74875 -0.989719 1.39288 0.327137
-0.102809 -0.93822 1.21173 1.85941
0.268284 1.06293 -1.27753 0.0429689
-1.25515 -0.0259276 -0.785832 -0.51701
0.330784 1.84279 0.31866 -0.246769
-0.813747 -0.0553618 -1.51923 0.611305
2.0925 0.959927 -0.399602 -0.43343
2.05344 0.54057 1.09063 -0.294132
2.74875 1.51172 -0.483098 1.21864
0.815159 -0.173068 -0.044133 -0.0796126
1.25657 1.87957 0.961726 1.57246
0.998753 -0.379077 -2.96454 -2.5619
1.33078 0.312497 0.674617 0.151623
1.10422 0.834859 -0.785832 -0.834606
0.330784 1.75451 0.52325 0.940048
2.24875 1.29101 -2.35907 0.775677
0.248753 -1.01915 2.06622 -1.46144
0.0495343 1.47493 0.198055 0.544441
0.0885968 0.864285 0.462703 1.39137
2.78 0.915784 -0.891301 -0.313633
3.95578 0.687718 0.348933 0.508225
-0.0403094 2.0635 0.508113 1.03756
0.0417218 0.930508 -0.899113 -0.224483
1.31516 1.44551 0.492976 0.497078
1.37766 1.40872 -0.0744064 -0.397213
0.201878 1.24686 -0.316594 0.112618
0.920628 0.731854 -0.475285 1.80091
0.518284 0.474362 -1.8371 2.12129
1.84641 1.26893 1.34747 1.44709
1.11985 -2.49059 0.598933 0.789604
1.40891 0.172711 -1.25458 0.329922
-0.192653 0.39343 -1.16376 1.45545
2.4636 1.70301 -1.13349 1.10999
1.36985 -0.989719 -0.392278 1.26879
0.217503 -0.0185729 0.870906 0.719956
2.56907 1.86487 -0.294133 0.349423
1.19407 2.2033 0.129695 -1.12713
0.291722 -1.12215 -1.35321 -0.188267
0.338597 1.92372 -0.641789 0.201767
0.936253 0.871648 -0.831242 -0.790031
1.64328 1.41607 1.92999 -0.101902
4.155 1.52644 0.175105 0.491509
1.27219 1.1365 -1.72382 0.293705
0.369847 -0.0921432 0.61407 1.00412
4.24485 -0.217212 1.70343 0.18784
-0.466091 -2.32872 0.36407 -1.26365
2.75657 0.268353 -0.437688 0.948403
-1.1575 1.52644 -0.831242 -1.40294
-0.321559 2.54173 1.3172 -0.450146
-1.20828 -0.636577 0.583797 0.405144
1.84641 0.459645 -0.0289963 -1.66761
0.436253 -0.128932 -2.00361 -1.49767
-1.71609 0.0108613 -2.07148 0.0764009
3.60032 1.49701 0.462703 0.329922
-0.0637469 0.820142 -1.92792 0.76453
0.967503 0.7245 0.213191 -0.430645
1.67453 1.76187 1.18145 -0.798389
1.11985 1.72508 -0.498235 0.0736161
-0.0793719 1.65151 -0.550969 0.12376
3.13157 0.474362 -0.951848 0.998551
3.31907 0.430219 0.764949 -0.739883
-0.0168719 1.93844 -0.369328 -1.91556
1.1511 0.275716 0.31866 0.714382
1.43625 -0.0847884 0.840633 -0.255127
1.2175 -0.717502 1.10577 0.0151101
0.783909 -0.320216 0.56866 0.371712
1.0886 0.400784 -1.1789 0.115402
1.90891 -0.474719 -1.39814 -1.38623
0.0260968 -0.0406447 -1.82196 1.95971
1.36203 -0.217212 -2.51777 -0.0935439
1.72532 0.327214 0.107234 -1.83198
0.944066 0.658292 -0.520696 0.864826
0.725316 -0.93822 -0.710149 0.555584
2.72141 1.8943 0.0315506 -1.21071
0.815159 1.38665 0.508113 0.0346108
2.12766 1.84279 -0.936711 -1.9462
-0.915309 0.121213 -1.27753 1.64489
1.32297 1.55586 -1.61786 -0.427856
0.549534 2.4093 1.36261 -0.558796
1.47532 1.29837 -0.445012 0.137692
-0.274684 0.187428 -0.853703 1.59196
1.20188 -0.805789 0.0769608 2.14637
-0.829372 0.474362 0.825496 2.58097
2.9011 0.489072 2.30108 -0.798389
-0.391872 1.00407 -0.656926 0.990193
-2.97781 1.74715 -1.45136 0.591801
-1.39187 0.525861 -1.26972 -0.770531
0.112034 1.90165 -0.188176 0.190624
1.0886 0.775998 3.27667 -0.0879706
1.81125 1.79129 0.52325 -2.05486
0.635472 0.260999 -0.475285 1.11277
0.619847 0.341931 -1.02021 0.173908
2.50657 1.75451 -0.0138596 0.505436
-0.0481219 -0.408504 0.0769608 -0.53651
0.467503 0.319859 0.31866 0.472008
1.39328 0.879002 -1.11103 -0.271843
1.18625 -1.62979 0.961726 0.29649
1.20969 1.98994 1.70343 0.382855
2.2136 0.202145 -0.384465 -0.940472
1.5886 0.158002 2.16485 2.12408
0.748753 -0.173068 0.855769 1.01806
-0.274684 -0.231929 -0.173039 0.575085
0.330784 1.07765 -0.566106 -0.174335
-0.110622 0.56265 0.394344 -2.70677
1.8386 -0.371722 1.40802 0.260273
-0.610622 1.23951 -2.75995 -0.313633
0.428441 -0.820506 -0.278996 0.594589
-0.192653 -0.452647 0.0164139 2.46954
1.25657 0.216855 0.258113 0.761746
-1.1575 0.901074 0.0920975 0.867611
1.84641 1.34987 -1.77655 -1.48373
-1.23172 1.56322 -1.22431 -1.35001
0.248753 -0.415866 1.45343 1.32451
1.62766 -1.04858 2.66387 -0.132545
-0.661403 2.02672 -0.626653 0.494293
1.4675 2.29894 -1.76142 -0.815105
0.612034 -0.136287 0.0769608 -0.196625
1.00657 0.0108613 -0.672063 1.93742
2.44016 0.56265 0.764949 -0.731525
0.619847 0.13593 0.198055 0.282562
1.03 1.15858 -1.43622 -0.608944
0.580784 -0.0259276 0.333797 1.45266
3.39719 -0.0995055 0.976863 -1.22464
-1.86062 0.768643 1.45343 -0.221695
3.49485 -1.23986 1.15118 -0.277416
1.42453 0.702435 0.735164 -0.742672
2.92453 1.63679 -1.73896 0.742245
-0.497341 0.341931 -1.02753 -0.436214
2.36985 1.00407 0.916316 0.628021
1.1511 -0.0847884 1.61261 -0.689735
1.49875 2.28422 -0.626653 2.67291
3.35032 0.28307 0.122371 0.148834
-0.110622 0.7245 -0.294133 2.16308
1.75657 0.452283 -0.0895431 2.60048
2.74875 -0.0995055 0.870906 0.589016
0.240941 3.41723 -0.535832 1.61425
0.944066 -2.20365 -1.07294 -0.589443
0.877659 -0.0700713 -1.87519 1.29386
1.02219 0.22421 0.0315506 1.04034
0.533909 0.78336 -0.422551 -1.01291
0.225316 0.0917863 -0.845891 0.382855
-0.829372 1.09971 -1.79169 0.692097
0.846409 -0.276073 -1.61786 1.227
0.346409 -0.570361 0.901179 -0.179909
2.79563 0.805432 0.462703 -0.478004
0.596409 0.0623597 0.424617 1.04313
4.10813 -1.50472 1.71856 2.05443
0.0104718 0.437573 0.303523 1.22421
1.90891 0.790723 -0.414738 0.198982
1.62766 1.65886 -0.422551 1.76748
-1.48172 0.474362 -1.27753 0.405144
0.901097 0.599431 -0.505559 0.171124
-1.96218 1.92372 -1.58759 -0.157619
1.13547 1.77658 -0.0744064 -0.386066
0.908909 0.820142 0.0164139 0.569515
0.709691 -2.33609 0.780086 0.346638
0.0964093 0.621503 1.39288 -1.36951
-0.634059 0.717145 -1.57978 0.0513269
-1.01297 1.35722 0.220515 -0.157619
1.87766 1.78393 0.258113 0.65588
3.01438 0.113858 0.152644 -0.0238952
1.37766 0.22421 -0.460149 0.0373956
0.580784 2.38723 -2.05634 -0.820679
-0.973903 -2.99088 0.258113 -0.246769
0.549534 2.14444 -0.460149 -0.227268
0.194066 0.687718 0.855769 0.472008
-0.641872 -2.11537 -1.40595 0.544441
1.41672 -0.114215 0.764949 1.18242
0.256566 -0.43793 0.167781 -0.670235
0.549534 0.533215 -0.755559 1.16571
-0.391872 -0.415866 -0.483098 -1.50881
0.815159 1.14386 0.916316 -1.18285
0.912816 -1.29872 0.492976 0.739456
0.815159 -0.614505 -1.77655 0.945618
0.283909 -1.49001 1.89971 0.747814
-0.00905945 -0.209857 1.36261 0.304848
0.483128 0.584714 0.742488 -0.324776
1.78782 -0.36436 2.12677 -0.380497
1.3386 0.216855 -0.710149 -2.09107
0.291722 1.86487 0.00127717 -1.87934
0.780003 1.11444 0.598933 -0.519794
0.299534 1.63679 0.462703 -0.539295
0.0182843 -0.872005 -0.505559 1.1072
-0.891872 2.13708 0.52325 -1.84034
-0.450466 -0.00386343 -1.23945 -1.06306
0.815159 -0.0627166 -1.19404 0.48872
-0.794216 1.55586 -0.308781 -0.823463
-0.805934 0.444928 -0.626653 -1.86541
0.0026593 1.79129 -0.467961 -0.132545
0.0260968 -1.60037 -0.399602 -0.996193
-0.239528 1.37193 -0.861028 0.46365
-0.821559 0.665646 -1.64032 1.07656
-0.290309 0.187428 0.36407 -1.03798
-0.118434 -1.04122 0.462703 1.50281
-0.844997 0.356641 -1.79169 -0.34985
-0.548122 -1.26194 -0.672063 -0.54208
-0.192653 -0.209857 0.424617 0.413502
-0.747341 1.06293 0.061824 1.38023
-0.177028 0.89372 -0.816106 -1.61746
0.451878 0.128568 0.583797 0.550015
0.912816 0.0623597 -0.0592697 0.377285
-0.384059 -0.548289 0.901179 -1.53945
1.4675 -0.651294 -0.369328 0.758961
-0.442653 0.798077 -0.218449 -0.330349
-0.587184 -0.0479995 1.62774 -0.0183219
0.178441 -1.13686 -0.641789 0.586231
0.0807843 -1.13686 -0.26386 -1.95735
-1.30984 -0.423221 -0.429875 -0.455715
0.893284 -0.114215 -0.656926 0.0875436
0.604222 -0.798434 1.3172 2.13243
0.233128 0.974652 0.976863 1.41087
2.51438 -0.0406447 -0.785832 -1.68432
0.0729718 0.790723 -1.53437 -1.09927
-1.35281 -1.29872 0.288387 -0.0740394
-0.239528 -0.0847884 -0.505559 -0.408356
-1.43875 1.15122 -2.01874 -1.02405
0.299534 -1.31343 -0.505559 -0.70924
2.36203 -0.0921432 0.901179 -0.954403
0.670628 0.717145 0.47784 1.4053
1.48313 -0.967654 -0.294133 -0.645161
-0.762966 0.400784 0.916316 -1.26365
-0.602809 1.92372 -1.08075 -0.767742
0.580784 0.349286 -1.23945 -0.0656814
1.64328 0.798077 0.735164 -1.31936
1.98313 -0.504146 1.21173 -0.288559
-0.247341 -0.872005 2.2254 -0.0211066
-1.595 0.430219 0.598933 -1.311
-0.298122 0.650929 0.439754 0.12376
0.733128 -0.482074 -0.346867 0.16555
0.0651593 2.11501 -0.203313 0.424645
-0.634059 1.09971 -0.483098 -0.447357
0.268284 0.246289 0.52325 0.293705
2.19797 0.923146 0.976863 1.07935
1.76438 -1.69601 -1.26972 0.772888
1.16672 0.341931 0.674617 0.792389
-0.0168719 1.88694 0.288387 -1.43637
1.13547 1.29837 -0.626653 -0.152046
0.459691 0.790723 0.764949 1.23536
-0.555934 0.0844239 -0.467961 -0.94883
-1.595 -1.32079 -0.044133 1.99871
0.822972 -1.85051 0.508113 0.839752
-0.786403 1.87957 -0.0895431 0.343853
-0.313747 1.88694 0.288387 -0.138119
0.612034 -0.0406447 -1.08075 -0.5783
0.572972 0.717145 2.06622 0.0903321
0.635472 0.106503 1.42315 1.68668
0.893284 1.1365 0.916316 -0.165977
0.155003 1.83544 -0.566106 -1.31658
-0.0168719 -1.79165 -1.32294 -1.4113
-0.360622 1.11444 0.629207 -0.0211066
0.0495343 0.22421 1.9754 0.605732
1.0886 0.0108613 0.258113 0.354996
-0.805934 -0.702792 0.303523 -0.45293
-0.618434 0.592069 0.0315506 0.867611
-0.778591 -0.783725 1.4837 -0.798389
0.518284 -1.59301 1.28741 -0.294132
-1.00515 1.50436 1.43829 -0.51701
-0.708278 -0.239291 -1.20917 0.903828
-1.48172 1.51172 -1.64814 0.653092
-0.110622 0.165357 -2.37421 0.981835
-0.532497 -0.0847884 0.508113 -0.98505
1.03782 0.621503 -0.316594 0.491509
0.0260968 -1.21779 -1.32294 0.552799
0.147191 2.39458 0.379207 1.7034
0.330784 0.327214 -0.0744064 -0.486362
-0.692653 2.38723 -0.800969 -0.235626
-0.981716 0.761289 -1.48163 1.87613
0.428441 0.923146 -1.20917 0.502651
1.4675 -0.180431 -0.906438 0.956761
-0.216091 0.864285 -0.550969 0.644734
1.72532 0.599431 0.901179 -1.21907
0.822972 0.202145 1.04522 -0.0322532
-0.200466 0.982007 -0.785832 0.455292
2.14328 0.592069 0.727351 -1.41409
0.862034 -2.12273 1.62774 0.552799
0.139378 -0.989719 -0.725285 0.352211
1.03782 0.0697144 -0.596379 -0.795605
1.18625 0.945218 -0.785832 -0.0712546
0.901097 0.768643 -1.08808 -0.171551
-1.48172 0.518506 0.167781 1.95971
-1.095 2.9758 0.348933 -1.36115
-0.403591 -1.10744 -0.0592697 0.0513269
1.17844 1.72508 0.840633 -0.310848
-1.38406 -1.40172 -1.57245 2.31352
0.959691 -0.276073 0.27325 0.221272
1.1511 1.6 0.137508 -0.294132
-0.384059 -1.5783 1.0755 0.719956
-1.21609 0.0917863 -0.422551 0.881542
0.467503 0.327214 1.16632 1.86777
-0.352809 -0.209857 -1.61786 1.29108
-0.403591 0.753934 -1.55732 1.10163
0.291722 1.98258 -0.785832 0.887112
1.73313 2.17387 -0.467961 -0.51701
-0.786403 0.761289 -0.710149 0.48872
-1.14968 -1.62979 -0.248723 1.63375
0.291722 0.89372 0.220515 0.288132
2.02219 0.731854 0.61407 0.580658
0.740941 -1.48265 0.182918 -1.63696
0.619847 0.430219 0.47784 0.327137
1.54563 -1.03386 -0.710149 -2.51175
0.420628 0.577359 -0.725285 0.38007
-3.08328 0.143285 -0.467961 -0.553226
-1.07156 -2.43909 -1.19404 -0.854107
-0.813747 1.41607 0.61407 -1.24693
2.32688 0.812787 2.05108 -1.05191
0.268284 -1.09272 -0.188176 0.541657
0.233128 -0.79108 0.288387 -0.310848
-0.958278 -0.629214 0.727351 1.65325
2.35813 0.459645 -1.8371 -0.887539
-0.192653 0.260999 0.644344 0.628021
-0.512966 0.0108613 -1.23945 -0.0155372
0.330784 -1.59301 1.92999 0.694882
-1.57937 -1.03386 -2.54071 -0.81789
-1.05593 -1.71808 -0.316594 1.23814
-2.18875 -2.79959 0.462703 1.66439
0.217503 -1.29872 -0.10468 -0.419498
1.25657 -1.37229 0.144832 0.689312
-1.095 -1.35758 0.205379 1.33565
-0.419216 -0.489429 -1.60273 -0.787247
-0.587184 -1.96086 0.379207 0.438576
1.7175 -0.960292 0.439754 -0.213341
0.268284 -0.231929 -0.218449 -0.854107
-0.770778 1.55586 -0.490422 -1.62582
0.526097 1.44551 0.31866 0.246346
-0.755153 -2.9688 0.348933 -0.49472
0.627659 -1.40172 -0.460149 -0.686951
0.565159 -1.10744 0.931453 0.619663
-2.81765 1.19536 0.553523 0.920544
-0.161403 -1.42379 -1.86005 -0.628445
-1.2239 -0.997073 -1.53437 0.641949
0.0651593 -1.25458 -0.452824 -0.402782
-1.80203 1.76922 -0.687199 0.586231
0.240941 0.643575 1.12091 -1.47259
0.862034 0.827504 1.74884 -0.319206
-0.368434 0.584714 0.00127717 -0.249557
0.428441 -0.805789 -0.656926 -0.876396
0.291722 -0.79108 1.40802 0.644734
1.07297 -0.231929 0.65948 1.10999
-1.74734 0.260999 0.36407 1.30779
-1.80203 -0.0921432 -0.989934 -1.3723
0.412816 -1.09272 -0.785832 -1.4503
0.123753 0.592069 1.74884 2.49182
0.315159 0.592069 -0.188176 1.20471
2.07688 0.386075 2.86846 2.52525
-1.42312 -0.128932 1.76397 -1.23021
-0.876247 -0.36436 -1.69355 0.742245
0.807347 -0.702792 1.02227 -1.06306
-1.63406 0.834859 -0.505559 1.4248
0.104222 0.474362 -0.656926 1.63654
-0.762966 1.15122 -0.936711 -0.0768279
-1.55203 0.7245 -1.35321 0.349423
-0.821559 0.099141 0.0769608 -2.9185
-0.868434 -0.86465 0.22784 0.611305
0.490941 0.930508 0.52325 -1.33329
1.54563 0.533215 -0.520696 -0.0350379
2.15891 -1.02651 -0.218449 0.285347
-0.813747 -1.49001 -0.831242 0.502651
-1.4075 -0.548289 -1.08075 0.8899
0.0651593 0.879002 -0.656926 -1.01291
-0.626247 -0.842578 1.34747 0.405144
3.22922 -1.29872 -0.695012 -0.639591
-0.762966 -0.393787 0.129695 0.221272
-1.27859 0.915784 -1.87519 -2.63433
0.0651593 -1.79901 -0.929387 0.360569
1.43235 -1.34287 0.137508 1.28272
1.51438 0.0623597 0.379207 -0.0796126
-0.298122 -0.636577 0.379207 -3.47848
-0.255153 3.05673 -1.35321 0.533299
-2.26297 -1.54886 -2.38935 -0.0879706
-1.37625 -0.0406447 0.689754 -0.595016
-1.14187 -1.60037 0.840633 -1.77626
0.635472 -0.820506 0.0920975 -1.89606
-1.00515 0.437573 -1.69355 -0.0489692
0.330784 0.172711 -0.695012 -0.374924
-0.587184 -0.518863 -0.816106 -0.113045
0.572972 1.12179 0.61407 1.21864
0.104222 1.32779 -1.25458 -0.430645
-0.391872 -0.276073 -0.460149 0.683739
-0.00905945 1.40136 -2.22284 -1.17449
-0.266872 0.0770692 -0.445012 -1.16613
-0.884059 1.07029 0.0164139 -1.05748
0.572972 0.422864 0.107234 0.48872
-0.290309 0.268353 -0.188176 0.591801
1.4675 -0.209857 0.462703 0.538868
0.178441 1.58529 1.77911 0.903828
-0.290309 0.908429 0.94659 1.18242
-0.352809 -0.614505 -0.248723 0.728314
1.13547 -1.29137 0.870906 0.190624
-1.48172 -0.739581 -0.362004 -0.327564
-0.0637469 -0.688075 0.727351 -1.43637
0.709691 1.81337 -0.233586 -0.469646
-0.778591 0.739217 0.886043 -1.61467
-2.05203 0.54057 0.462703 0.951191
-1.27859 0.165357 1.00714 -0.101902
0.588597 1.27629 -1.13349 -0.386066
1.9636 -0.827861 -1.27753 -1.03519
-0.497341 -2.04915 -0.316594 0.324352
0.0026593 0.319859 1.76397 -0.0768279
-0.739528 -0.401141 -0.233586 1.41923
-0.649684 -0.00386343 -0.596379 0.151623
-1.1575 1.17329 -0.142766 2.34138
0.0495343 -0.504146 -3.12323 1.0097
-1.39187 -0.68072 0.107234 -1.28036
0.420628 -0.254001 -1.0578 0.477577
0.678441 -1.05593 -0.596379 0.602947
-2.76297 0.702435 0.757625 1.02084
-1.36062 -1.38701 -0.483098 -1.63139
1.51438 -0.327579 1.37774 0.402355
0.815159 -0.224574 1.34747 -0.0211066
-0.669216 1.35722 -0.142766 1.16014
-0.958278 0.658292 -1.05048 0.38007
0.0104718 0.996716 -0.800969 -0.146477
-0.618434 -0.901431 0.137508 0.279774
-0.844997 -0.989719 0.757625 1.2465
1.29563 -1.80637 -0.248723 -0.539295
0.764378 -0.0185729 0.144832 0.683739
-1.60281 -0.0112182 -1.23945 -0.204983
-1.89968 0.0623597 -1.29267 -0.848537
0.276097 0.658292 -0.203313 -0.862465
1.6511 -1.26929 1.67315 -0.17712
0.619847 1.01879 0.886043 0.304848
1.06516 1.34987 0.780086 -1.55896
-0.829372 -0.0332824 1.46856 -0.826248
0.155003 -1.60037 0.961726 0.204556
-0.641872 -0.0112182 0.583797 -0.0601119
-0.419216 0.481717 2.48223 0.0903321
0.498753 -1.66658 1.8543 0.0262528
2.17453 -1.08536 0.810359 -0.291347
-0.411403 -0.563007 -0.770696 -0.466862
-0.177028 -1.77693 -1.37568 -0.347065
1.66672 -0.36436 1.42315 -0.210552
-0.298122 -0.872005 -0.157903 0.750603
1.12766 0.989362 0.129695 0.246346
1.12766 0.812787 0.462703 1.08492
0.362034 -0.0185729 1.4837 -0.450146
-0.548122 0.915784 0.538387 -0.686951
-1.20828 0.341931 -1.33808 0.430218
-0.907497 0.437573 2.02081 0.853684
-0.208278 0.106503 -0.331731 1.17406
-0.102809 -0.813144 1.99054 -0.0907554
-0.262966 -0.143649 0.190242 -0.606159
-0.200466 0.312497 -0.550969 -0.319206
-0.981716 0.143285 -0.520696 0.856468
-0.0793719 -0.320216 0.795222 0.516583
-0.473903 -0.835223 -0.294133 -1.82641
0.643284 -0.489429 1.67315 -0.0294646
-1.4739 0.503789 1.42315 -1.50323
1.65891 -1.67394 0.961726 -0.399998
-2.18093 0.0844239 -0.845891 -0.856895
-0.419216 0.555287 1.37774 -1.311
-1.30203 -0.93822 -1.61005 -0.316418
-0.321559 -1.48265 0.333797 2.90693
-1.6575 1.09971 0.750301 0.680954
-1.1575 -1.41644 1.68829 1.73126
-3.3489 0.39343 -1.09589 0.0429689
1.30735 -0.533572 -0.414738 -0.912613
-0.473903 -3.40288 -1.74628 0.285347
0.725316 -0.305499 0.348933 1.05984
-0.192653 -0.813144 0.462703 -0.101902
0.846409 0.349286 0.258113 -1.14663
0.725316 0.496426 -0.173039 -0.681377
-1.48953 0.422864 -1.3078 1.14899
0.619847 -0.305499 3.15557 -0.135334
-0.223903 -0.0627166 0.258113 0.814678
1.67453 0.018216 -0.233586 0.756172
2.43235 1.55586 -0.0289963 0.201767
-0.708278 0.371358 1.83917 0.658665
0.0104718 -1.35758 0.22784 1.01806
-0.634059 -0.636577 -0.233586 -0.971119
2.09641 -2.05651 2.06622 0.589016
0.518284 0.871648 2.66387 -0.30249
-1.23172 -0.320216 2.52764 -1.33051
0.240941 0.39343 0.439754 -1.41409
0.276097 -1.29137 -0.535832 2.39153
-0.282497 -0.268718 0.394344 0.881542
1.43625 -1.40172 0.333797 0.433003
1.74094 -0.820506 0.901179 -1.23021
2.28 -0.276073 1.91485 1.48331
0.733128 0.731854 -0.891301 0.981835
1.09641 1.20272 0.348933 1.50838
2.85032 -1.38701 1.0755 1.06263
-1.61062 0.194791 -0.740422 -1.60353
-1.87625 -1.09272 -1.16376 1.01527
0.240941 -1.85787 0.720027 0.511009
1.43625 0.0108613 0.61407 -0.0796126
-0.868434 -0.629214 0.70489 -1.51995
0.694066 -1.07065 1.12091 -1.83476
1.03782 2.09294 -0.429875 -1.57846
0.514378 -0.334933 0.825496 0.555584
0.651097 0.577359 1.70343 0.0485421
-0.587184 -0.872005 0.22784 -0.556011
-1.00515 0.0476426 0.0769608 -1.33329
-0.512966 0.327214 1.22686 0.93726
0.112034 1.09971 1.62774 0.449719
-0.329372 0.150647 1.3172 -1.21907
0.377659 0.945218 0.901179 0.148834
-0.684841 1.44551 0.333797 0.402355
0.959691 -0.79108 1.22686 0.577873
-1.27078 0.39343 0.56866 -1.54224
1.14328 0.444928 1.34747 -0.695309
1.05735 -2.48323 0.780086 -0.0238952
0.299534 0.172711 -0.800969 -1.16335
-0.958278 -2.35816 -0.861028 -1.04355
-0.0324969 -0.43793 -0.687199 1.03198
-0.352809 0.753934 0.0164139 0.302063
-0.716091 -0.114215 -2.38935 0.513794
0.0885968 -0.334933 0.916316 1.41644
-0.794216 -1.56358 0.750301 0.945618
-1.17312 -0.312862 -0.248723 -0.0573272
0.885472 0.0917863 1.03009 0.438576
-0.587184 0.680356 0.992 -0.770531
-1.32156 -2.46115 0.553523 0.0764009
1.18625 -0.217212 -0.362004 2.71191
1.86203 0.974652 1.36261 -0.773315
2.11985 -2.67452 0.379207 -0.274631
0.490941 -0.997073 1.25714 0.0485421
2.12766 0.673001 1.06036 -2.33902
1.70969 0.481717 1.51397 0.433003
0.0885968 -0.231929 -1.20917 0.394001
-0.384059 -0.187793 0.976863 -0.544868
-1.39968 0.614148 -0.354192 -1.56453
1.69016 -1.98294 -0.982121 1.29665
-2.05984 -0.0700713 0.94659 -0.263485
1.30735 -1.59301 0.70489 -0.249557
0.733128 1.37193 0.961726 0.33828
-0.0403094 0.22421 1.77911 -1.15778
-0.376247 -1.0633 -0.173039 0.29649
-0.520778 -1.7843 2.17999 1.6839
0.846409 -1.7843 -1.86005 0.33828
2.1511 -1.9388 2.17999 0.797962
0.725316 -1.11479 0.394344 -0.118618
-0.587184 0.908429 -0.173039 0.0457536
-0.313747 1.1365 -1.71601 0.953976
-0.282497 -2.66716 0.508113 -0.0712546
-1.05593 0.481717 0.167781 1.188
0.846409 0.0623597 -0.853703 -0.132545
-0.661403 0.363995 0.167781 -0.419498
0.936253 0.165357 0.870906 1.63654
-0.618434 -2.23308 0.689754 0.89547
1.5886 -0.43793 -0.452824 2.76763
1.92453 0.812787 0.129695 0.324352
1.17844 0.739217 2.79278 0.10426
0.580784 -0.695438 -1.383 1.27715
-0.587184 -0.982364 -1.47382 1.36908
-0.247341 -1.18837 -1.9582 -0.149261
-0.555934 0.584714 1.42315 0.552799
-0.118434 0.871648 2.1419 1.05984
0.283909 -2.01972 1.82452 -0.739883
-0.973903 -2.3508 0.735164 1.80927
0.557347 -0.158359 0.52325 1.09885
0.791722 -0.202502 2.40655 -0.241199
-0.00905945 -0.224574 -1.42109 -0.269058
0.123753 -0.997073 0.94659 0.633591
-0.384059 -2.02709 -0.233586 1.42202
0.791722 -1.56358 0.0920975 1.87613
2.72141 -0.143649 2.25567 -1.98242
-0.137966 -1.05593 -0.966985 -0.870823
1.54563 -0.276073 0.553523 0.0959016
-2.31765 0.22421 -0.641789 -0.54208
0.225316 -1.65187 -0.951848 -0.221695
-0.731716 -0.636577 0.107234 -0.686951
-2.09109 0.437573 1.92999 0.159981
-0.813747 -1.19572 -0.0138596 -0.556011
-0.794216 0.0476426 -1.08808 0.97905
1.53782 -1.53415 2.64874 -0.207767
1.26438 -1.48265 2.27081 0.438576
-0.313747 2.11501 -0.755559 2.76206
-1.92312 0.849576 -0.596379 1.15456
2.53782 -1.48265 -1.57245 1.83434
1.04563 -1.95351 -0.0289963 1.51117
-0.571559 -1.25458 -0.26386 0.953976
-0.512966 -0.857288 0.258113 0.173908
-0.255153 -1.02651 -0.278996 -2.01585
1.59641 0.165357 -0.596379 -1.40573
0.998753 -0.0479995 0.780086 2.32188
0.846409 -1.87994 0.870906 -0.731525
-0.298122 -0.0553618 2.31622 -1.24693
1.24094 -2.22573 -0.687199 0.433003
-0.223903 -2.2993 -0.0289963 0.318779
-2.2864 -2.96144 1.28741 -1.88491
-0.290309 -2.18894 -0.142766 0.341065
0.291722 -0.526218 -0.800969 -0.0601119
0.0651593 -0.960292 -0.188176 -0.0963286
-1.23172 0.592069 1.19659 -0.801174
0.268284 0.547925 1.12091 -0.422287
0.541722 -0.136287 1.00714 0.544441
0.112034 -0.158359 -2.21552 1.49167
-1.52859 1.14386 -1.84491 1.42202
1.41672 -0.739581 -0.188176 -0.698093
0.959691 -1.39437 1.40802 0.767319
0.920628 -1.61508 0.727351 0.00396738
2.60032 -1.91672 -0.127629 -0.959976
0.498753 -1.57094 1.242 0.162766
-0.321559 -0.268718 -0.294133 -1.08256
3.1511 0.0329255 2.57305 0.859253
0.619847 0.0255708 0.795222 -1.57846
-0.907497 0.260999 -0.740422 0.134907
-0.0051532 -2.35816 -1.44355 0.132118
0.420628 -0.460002 0.348933 -0.661877
0.815159 -1.29872 -0.354192 -0.149261
-0.915309 0.216855 -0.626653 1.91513
1.26438 -0.36436 -0.831242 0.0875436
-2.0364 -0.916148 0.689754 -0.698093
1.10422 1.29101 1.49884 -1.65368
0.147191 0.018216 -0.710149 -0.210552
0.248753 1.46758 -0.10468 -0.191051
-0.0481219 0.70979 -0.294133 0.953976
-0.805934 0.467 1.49884 -0.483578
-0.403591 1.36458 -0.203313 -0.608944
0.475316 -1.22515 -0.422551 0.341065
0.725316 0.614148 1.10577 0.210125
1.43625 -0.0185729 -0.581242 1.39694
1.12766 -1.28401 -0.10468 1.50002
-1.01297 -0.246646 1.74884 1.44987
-1.42312 -0.371722 -0.414738 0.00953684
1.93235 0.901074 -0.119817 -2.01028
1.03782 1.75451 0.47784 0.541657
-0.161403 -0.93822 -0.974797 0.396786
1.66672 -2.35816 0.674617 -0.0155372
0.405003 0.099141 -0.331731 2.06
2.13547 0.481717 0.727351 0.366139
0.541722 0.717145 -0.695012 -0.856895
-1.24734 0.2095 -2.69208 1.04034
2.24875 0.121213 0.0164139 -2.53682
0.475316 -0.746936 -0.127629 0.600159
0.748753 -0.195148 1.45343 1.37466
0.514378 2.67416 -0.248723 0.402355
-0.208278 0.22421 -1.52704 0.474793
-0.134059 1.70301 1.33233 0.594589
-0.634059 0.78336 -1.09589 -0.870823
-0.587184 -0.504146 0.916316 0.792389
-0.0481219 0.70979 -0.354192 -0.380497
0.123753 -1.40908 1.49884 1.39137
1.03782 2.94637 1.28741 -0.399998
1.25657 0.13593 -0.331731 -0.422287
1.99094 -1.1295 0.583797 1.50002
1.75657 -1.35022 0.629207 -0.923756
-0.169216 1.68094 -1.13349 -1.65089
1.72532 -1.27664 -2.06415 -0.739883
-0.532497 0.533215 1.61261 1.78141
-0.915309 0.0623597 -0.414738 0.20734
0.846409 -0.0700713 0.916316 0.864826
-0.548122 -0.0921432 0.00127717 0.38007
1.07297 0.327214 1.0755 -2.57026
2.26438 -0.975009 1.51397 1.27436
1.43235 0.974652 -0.687199 0.46365
3.00266 -0.761645 -2.85859 -0.405571
0.354222 0.577359 0.107234 -0.686951
1.31516 -1.14422 0.0920975 -0.0796126
1.02219 -0.916148 -2.55585 0.460861
1.70969 -1.1295 1.242 0.0346108
0.627659 -0.732219 -0.233586 1.227
-0.837184 0.592069 -1.89032 -1.04634
0.385472 -0.180431 -0.475285 -2.00192
0.483128 0.570004 1.06036 0.577873
0.951878 0.0549973 2.4671 0.171124
-0.145778 1.07765 -0.611516 -1.5896
0.451878 0.165357 0.916316 1.66718
2.89328 1.06293 -0.505559 0.926117
1.58078 -0.0185729 0.961726 0.0764009
0.291722 1.01143 0.348933 0.940048
1.30735 0.70979 1.18145 1.51952
0.604222 0.584714 -0.422551 1.82041
0.201878 0.121213 -1.383 -0.113045
1.52219 -1.59301 1.8543 0.917759
0.604222 1.04086 -0.0744064 -0.647949
1.56125 -0.268718 1.42315 -0.243984
0.893284 -0.393787 -1.37568 1.60589
0.655003 0.621503 1.71856 0.193409
2.67453 -1.64451 -0.331731 -1.4503
-0.927028 -0.254001 1.8543 -0.0740394
0.490941 0.327214 0.689754 -0.0628966
0.0260968 0.0623597 0.70489 0.0206796
-0.00905945 0.481717 0.47784 0.162766
0.112034 0.636212 1.27227 -0.656307
-0.481716 -1.00444 0.424617 2.0795
-0.110622 -0.474719 0.22784 0.271416
-0.466091 -0.217212 0.348933 -0.207767
-0.0403094 0.89372 -2.13984 0.0318261
0.596409 -0.254001 0.961726 -0.30249
-0.520778 1.26893 -0.656926 -1.05748
-2.05984 1.62944 -0.233586 1.5641
-1.08718 2.53437 0.0769608 1.46102
-0.153591 2.50494 0.258113 -1.82083
-1.42312 -1.07801 0.36407 0.519367
-0.184841 -0.356998 -0.142766 -1.12156
-1.0364 -0.00386343 -0.044133 -1.67318
1.77219 -1.10008 0.720027 0.435787
0.901097 -0.0185729 -0.188176 -1.12992
-1.07156 1.28365 -0.157903 -0.558796
1.17453 1.16594 -0.944524 -2.09665
0.291722 -1.84316 0.27325 -0.196625
1.78782 -1.23251 1.0755 1.07935
-0.0949969 -0.629214 0.205379 -1.23857
2.00657 0.400784 -0.233586 -0.383282
0.854222 -1.09272 -0.294133 0.491509
-0.110622 -2.13008 0.870906 1.2855
1.01438 0.0549973 0.553523 -0.998978
-0.216091 -0.577716 -0.414738 -1.32772
-0.563747 1.17329 -0.0592697 1.21307
-0.641872 0.0402802 0.0164139 1.7229
1.03 0.879002 -2.31366 -0.954403
-1.13406 -0.29079 -0.989934 0.502651
1.20969 1.47493 1.57452 0.29649
0.330784 -1.87258 -1.32294 0.761746
-1.25515 0.422864 1.4837 1.0487
-0.587184 0.849576 0.31866 1.25486
0.217503 3.10087 1.65802 2.12408
1.1511 -1.03386 1.54425 -1.02684
1.36203 2.98316 0.0315506 -0.934902
0.155003 0.78336 -0.399602 -0.163193
0.975316 2.48287 0.735164 -0.422287
1.51438 0.327214 0.870906 -0.386066
0.475316 1.91636 -0.437688 -2.26102
0.565159 -0.68072 1.04522 -0.458504
-1.4075 0.0623597 -0.876164 0.0596849
-2.35672 -0.209857 -0.362004 0.678166
2.5925 0.959927 -0.294133 -1.05748
-0.419216 0.761289 0.644344 -0.394424
0.436253 -0.894076 -0.0138596 0.126549
1.48313 0.930508 -1.25458 -0.408356
-1.35281 1.5485 -1.67841 -1.58681
-0.411403 -0.923511 -2.2912 -0.416714
0.791722 0.474362 0.598933 -0.898685
1.35422 -1.08536 -0.710149 1.10163
-0.298122 0.481717 0.167781 0.0680429
1.58078 -0.967654 1.40802 -0.235626
0.0026593 0.915784 -1.61786 0.970692
0.0807843 -1.09272 -0.535832 0.304848
-0.0324969 0.812787 -0.331731 -0.0656814
0.709691 -0.261355 0.061824 -1.89606
0.354222 0.761289 -0.611516 -0.358208
-0.466091 -0.187793 0.508113 -0.327564
0.268284 -0.60715 -0.233586 -0.918186
1.24094 1.34987 0.348933 0.775677
-0.223903 0.216855 -0.899113 1.34122
-1.45828 -0.239291 0.27325 -0.478004
0.412816 -1.20308 2.61846 0.639164
-0.821559 -0.114215 -1.00507 -0.241199
2.27219 -0.415866 2.11163 -0.851322
-1.52078 1.16594 1.03009 0.689312
0.260472 0.121213 0.629207 -1.01291
0.307347 -1.12215 -0.233586 -0.795605
0.733128 0.879002 -0.142766 -0.118618
0.412816 0.864285 1.03009 -0.848537
-1.11062 0.606793 -1.25458 1.05706
0.490941 -0.820506 -0.899113 -0.717598
0.385472 -0.158359 0.394344 -2.03814
-0.610622 0.39343 2.74737 -2.29723
0.436253 -0.342288 -0.581242 -0.968334
-0.360622 -0.136287 1.4837 1.89006
0.869847 -0.195148 0.22784 -1.272
0.877659 1.24686 0.825496 -0.00717916
3.01438 0.13593 0.0769608 -0.0406112
1.06516 0.937863 -0.10468 0.940048
1.6511 0.268353 -0.0895431 -1.29986
0.0026593 0.915784 -0.044133 -1.2915
-0.450466 -1.1295 -0.535832 -1.5701
-0.192653 -0.268718 -0.611516 -0.581085
1.20188 0.695073 0.333797 -1.43359
-0.0871844 -0.386432 1.02227 0.750603
-1.33718 -0.173068 1.16632 1.51395
1.56125 -1.14422 -0.626653 2.09064
-0.208278 -0.658649 0.931453 -1.57288
1.28782 -0.923511 0.303523 -0.363781
2.45578 1.60737 -0.323918 0.867611
-1.23953 -1.50472 -0.422551 0.672596
1.29563 0.231572 0.333797 -0.617302
0.0651593 -0.393787 -0.505559 -1.40015
1.05735 -1.51208 -0.0744064 -2.18858
0.635472 -0.496791 1.18145 -0.101902
1.53 -0.305499 0.0920975 -1.24136
1.17453 0.319859 -0.641789 1.28272
0.268284 0.0549973 -0.0592697 -1.26086
1.35422 1.77658 1.00714 -1.23021
1.81907 -0.93822 1.22686 0.212914
0.338597 0.687718 -0.550969 -0.0545386
2.32688 -1.85787 -0.157903 -0.670235
2.69016 -1.60772 0.159969 -0.770531
-0.700466 -0.0921432 1.89971 -1.58403
1.03 -0.452647 1.71856 2.30516
2.38547 0.150647 0.720027 -1.19957
-0.411403 -1.26929 -0.377141 -0.163193
2.53 0.444928 1.18145 1.10163
-0.458278 0.37872 0.303523 0.686524
0.330784 -0.761645 0.795222 0.321564
1.52219 -2.57151 -2.13202 -0.842964
1.41672 0.0770692 0.644344 -2.01864
-0.532497 0.349286 -0.392278 0.0986863
1.33078 -0.908786 0.674617 -1.4698
0.549534 1.91636 1.0755 -0.508652
0.936253 -1.17365 2.40655 -0.115829
1.89328 1.9973 0.553523 1.42202
2.02219 0.121213 -3.49384 -2.31952
0.959691 0.555287 0.492976 -0.238411
1.12766 1.38665 1.46856 -2.18301
2.04563 -0.923511 -0.26386 0.118191
2.41672 0.952573 2.12677 -0.202194
2.72922 -0.754291 0.40948 -1.47538
2.48703 0.128568 -0.248723 -1.41409
1.04563 0.0623597 1.7337 -3.03273
0.268284 0.121213 2.43682 -0.347065
-0.770778 1.96786 -1.92792 -1.29707
0.846409 -0.0700713 1.09063 0.680954
1.07297 0.856931 0.303523 -0.241199
2.53782 3.7483 0.629207 -0.288559
3.67063 2.70358 1.71856 -1.72611
2.29563 0.268353 -0.0138596 -0.0155372
2.90891 1.25422 0.94659 -0.439003
0.912816 -0.452647 -1.02021 -0.539295
3.75266 0.753934 0.901179 -1.09927
2.18235 -0.467364 1.92999 -0.182693
3.55344 0.290433 2.6336 -0.622875
2.7136 1.63679 -0.483098 -1.84312
0.748753 1.34251 1.03009 -1.23021
1.7175 1.26158 2.03595 0.770104
2.24094 -0.217212 1.37774 -1.77904
2.03782 2.72566 -0.755559 -0.202194
2.31907 2.00465 2.64874 -0.81789
2.07688 2.49759 -0.218449 -1.44194
4.5886 2.16651 1.21173 -0.327564
3.68235 0.930508 1.99054 0.109833
4.13938 2.56379 1.242 -1.79019
3.19797 2.09294 1.10577 -0.0991134
3.56907 1.93844 0.629207 0.0931169
4.47141 3.88809 1.67315 -1.76511
3.20578 0.923146 1.12091 -0.174335
3.74485 1.14386 -0.0895431 0.920544
1.41672 1.17329 -0.0744064 -0.0322532
4.31516 3.10087 0.825496 -1.28872
3.56907 2.2033 -0.119817 -3.72364
4.94407 3.11558 2.42169 -2.30002
3.31907 1.90165 1.12091 -1.14942
5.58078 1.00407 4.1087 -0.606159
3.74485 2.57116 1.0755 0.770104
2.37766 1.76187 3.03448 0.162766
1.7175 3.67473 0.122371 -0.491936
4.32297 2.4093 2.82305 1.3858
3.91282 0.268353 2.25567 0.0764009
3.79953 0.731854 0.36407 0.630806
3.26828 0.790723 2.60333 -0.249557
3.94797 4.68267 2.82305 0.263058
2.74875 1.81337 3.00421 -0.154835
2.12766 -0.114215 1.4837 -0.280201
3.67453 2.18858 -0.294133 -0.338707
4.29953 2.05615 2.80792 -1.19678
3.06907 0.489072 3.67755 -1.50045
4.92844 0.879002 0.61407 0.831394
4.66282 0.202145 2.31622 -0.650734
2.56125 3.0273 0.47784 -0.962761
3.25266 3.01994 1.91485 0.171124
4.84641 3.57908 3.54132 1.54739
5.0261 1.32779 3.60186 -1.14663
4.53391 0.459645 1.88458 -2.07157
3.72141 1.74715 1.52911 -0.377708
7.97141 0.319859 4.45684 0.0875436
6.87766 2.16651 4.42657 -1.4308
6.37766 3.18181 2.45196 -0.163193
7.30344 0.982007 0.0920975 0.831394
6.60422 2.8728 1.36261 -0.129761
5.83078 4.2118 2.39141 -0.951618
4.55735 2.58587 3.57159 0.474793
7.03782 1.66623 5.23614 0.274204
7.2136 2.29158 4.96368 1.25207
7.40891 2.32101 2.1419 0.0680429
7.23313 2.12973 3.20098 1.09327
6.42453 4.42517 3.15557 0.533299
6.6511 1.46022 4.70636 -3.50634
8.19016 2.32837 5.40264 -1.47259
5.00266 3.00523 3.34503 -0.790031
8.31907 1.84279 5.5838 -1.22464
6.78782 2.49759 3.88214 -0.820679
8.60032 1.19536 3.14044 0.0373956
8.03782 1.9458 3.43536 -0.483578
9.04172 2.14444 4.52471 -0.636803
8.82688 -0.504146 3.20098 -0.129761
10.2839 2.38723 4.81231 -1.43359
12.2878 1.35722 4.46466 1.1685
8.8425 2.51965 4.22979 -0.915398
9.91282 1.60737 3.64727 0.524941
9.31125 1.00407 4.32061 0.240772
10.3464 0.13593 4.84259 0.878754
11.323 -0.320216 2.70929 -1.0742
9.23703 2.76244 6.70343 -3.16645
11.155 1.43079 4.26007 -0.622875
13.5613 0.768643 4.50958 -1.4503
11.8542 1.20272 3.75323 -1.20235
12.1511 1.59265 3.14044 0.934475
11.7722 1.12915 5.84893 -1.69825
15.5573 -0.614505 5.40264 -0.34985
14.6394 -2.04915 5.47833 -0.182693
13.7683 0.099141 6.41632 -0.363781
16.78 0.547925 7.2254 -1.78183
17.03 -1.65923 6.86261 -0.815105
17.8855 0.408139 8.80645 -1.311
16.9597 -1.41644 6.90802 -0.386066
17.9089 -3.39552 7.46026 -1.69546
18.0769 -0.79108 7.89141 -1.02684
17.4323 -0.173068 7.9671 -0.464073
19.2448 -2.16687 7.07452 -1.28036
19.6394 -1.96086 9.3211 -0.926544
21.2761 -2.16687 8.61016 -1.01569
22.5534 -4.44024 10.3426 -1.311
21.3073 -3.15273 9.26837 -1.76511
24.237 -3.63831 10.3426 -1.84591
23.3113 -2.08594 10.5467 -1.77904
24.6238 -3.97673 9.91876 -1.82641
24.6238 -3.86638 9.34356 -1.81248
25.0183 -1.51208 8.59503 -2.06878
25.0652 -4.27838 8.94268 0.586231
26.8464 -5.9926 10.0774 -0.884754
28.0964 -2.75544 9.14727 -0.135334
26.8152 -3.48381 7.61163 -2.18858
29.448 -1.89466 10.7889 -0.316418
28.2253 -3.87374 8.88214 0.898258
30.1628 -4.46231 7.30108 0.307636
30.3894 -3.95466 9.26837 -0.912613
29.2214 -3.21159 6.61309 -1.99356
29.2214 -2.70394 8.11846 -1.22464
30.9675 -2.46851 6.86261 -0.425072
31.0652 -4.63153 9.41925 -0.39164
32.2488 -1.74751 9.68438 -1.00455
33.112 -0.673358 9.19268 2.03493
32.4089 -2.74809 9.43438 -0.893112
34.0534 -3.22631 8.3753 -1.77904
33.9011 -3.27045 8.07305 -0.135334
34.3503 -1.89466 7.65704 -0.834606
34.7214 -3.29988 7.67218 -1.24693
33.9714 -0.467364 5.98516 -0.987835
34.2956 -3.61624 8.22393 -2.11615
36.4519 -1.34287 8.23907 -0.425072
36.7761 -1.27664 6.2044 -0.787247
36.4597 -1.30608 7.11993 -0.614517
39.737 -2.82901 5.5838 -0.394424
37.9441 0.930508 6.78692 -0.94326
37.4519 0.547925 6.70343 1.31058
38.6745 -0.93822 7.41485 -1.12435
41.5495 -0.879367 9.20782 -0.826248
41.0339 -0.0847884 6.96856 -0.425072
43.8113 -0.180431 8.94268 -0.954403
42.8698 -1.76958 4.44171 0.360569
42.6511 -2.82166 7.59649 0.887112
44.3698 -1.46794 6.10577 0.0680429
45.6472 -1.09272 6.55255 0.784035
46.9597 -1.46794 6.0003 0.268631
47.4909 -1.51208 7.53594 -1.98242
48.4831 -1.40172 7.41485 0.69767
46.4948 -1.51208 6.3255 -1.24693
48.5534 -2.77016 5.20587 -0.282989
48.6823 -1.12215 7.65704 -0.547653
50.5105 -3.59416 9.117 -0.271843
50.4792 -2.33609 6.21954 1.14342
50.7448 -0.827861 5.90948 0.917759
50.9948 -1.74751 5.84893 -1.47816
54.4909 -3.13066 8.98809 1.11277
52.3894 -3.13802 6.40118 1.09049
54.8269 -2.34344 8.17901 1.14621
53.4909 -2.33609 5.44805 0.839752
55.2214 -1.8358 7.49053 0.491509
54.7566 -4.74189 5.62188 1.37187
55.7605 -1.64451 6.35577 1.20471
57.6706 -1.73279 7.49053 -0.464073
56.9948 -4.11652 6.17413 2.15194
58.8386 -5.48496 9.46466 1.0487
60.6003 -3.47645 7.67218 -1.03241
61.6628 -5.1171 6.31036 0.680954
62.5261 -6.06617 7.41485 -1.68432
62.1003 -5.00674 7.90655 -2.48111
62.9675 -3.3808 8.89727 1.66718
64.4675 -4.21217 5.56866 2.97379
65.5456 -6.53704 6.64288 -0.784458
65.5378 -6.65475 6.95343 -0.5783
66.237 -6.38253 7.52081 2.34417
68.2331 -8.03054 8.20928 -0.0322532
68.2449 -7.63326 6.16632 1.6839
67.4636 -9.98755 7.11993 2.00985
69.0222 -7.6259 6.09063 1.09049
71.0066 -7.99375 7.07452 1.18242
70.1589 -10.6938 7.28594 2.54754
71.9949 -11.4737 9.68438 -0.321991
71.655 -10.0979 8.867 2.45282
73.7253 -12.4522 8.04278 1.188
74.0339 -13.0555 7.67218 1.40808
74.2175 -14.0119 7.68731 1.34679
75.28 -14.7329 7.98223 0.235199
75.8269 -13.5411 6.28009 1.71454
80.1667 -14.3724 7.30889 -0.165977
77.8347 -15.5717 5.86407 2.50854
78.4128 -14.0046 6.56768 1.6226
80.0574 -15.9395 6.96856 1.73126
82.4792 -19.2944 6.65802 1.56131
83.6081 -17.1755 6.52227 2.92922
84.2683 -19.8462 5.80352 1.97642
82.6902 -21.428 3.01934 -0.104687
85.5886 -20.2729 6.17413 -1.02684
90.2878 -21.8841 5.53887 2.26059
89.4675 -26.1807 5.49346 0.781246
91.6589 -23.8338 5.08477 1.28829
93.737 -24.6357 5.38751 0.647522
91.28 -26.2616 7.19512 1.63932
93.3738 -28.8808 6.23468 2.66734
94.2995 -28.0126 5.69757 2.64783
96.8581 -29.7269 7.38458 1.95971
98.9363 -30.7201 4.32061 0.466435
97.6316 -31.2719 4.58526 1.68668
99.4949 -33.0523 4.29034 2.09343
101.971 -32.1621 5.77325 3.15488
103.866 -33.4643 2.28595 2.30516
106.218 -36.3998 2.49737 1.91513
108.046 -36.7309 1.52911 -0.918186
108.038 -38.9969 1.51397 1.29108
110.37 -41.3954 0.36407 0.725529
112.628 -41.0716 -1.73896 -0.0350379
117.44 -42.2488 0.220515 -0.0545386
116.925 -46.0819 -1.80683 2.07393
118.077 -44.9709 -2.07929 2.56426
122.87 -46.9132 -4.84784 0.850895
124.706 -48.9438 -2.91132 -0.191051
127.569 -49.5692 -4.61347 -0.277416
128.842 -52.4017 -5.8996 -2.80706
130.792 -52.4679 -8.26728 -2.03535
133.948 -53.7996 -7.76044 -3.60106
134.132 -55.4844 -9.69697 -2.24709
139.518 -55.8301 -10.5519 -2.59254
141.565 -57.6694 -9.84833 -2.94636
142.757 -58.7362 -12.6018 -2.46717
146.792 -58.0962 -13.1315 -3.18874
149.085 -59.494 -17.0349 -3.11909
152.893 -59.9722 -19.4709 -4.96618
151.995 -59.0305 -22.1867 -5.07204
152.171 -58.6774 -23.7678 -4.7238
154.096 -57.9417 -26.8845 -6.33687
158.249 -54.962 -28.1706 -7.69084
160.624 -55.0724 -31.1359 -5.28656
163.3 -52.6077 -34.2453 -7.62676
163.128 -49.606 -37.4601 -7.61283
163.944 -44.7429 -37.0969 -7.61562
163.901 -38.9086 -44.1476 -8.10595
167.018 -33.251 -43.2248 -10.123
170.35 -28.0274 -46.5305 -7.77999
169.975 -21.4868 -46.9162 -9.57136
170.514 -12.8201 -46.591 -13.0956
174.171 -4.34459 -42.9221 -16.0905
179.014 0.356641 -39.7751 -18.5338
178.339 6.47782 -35.0168 -21.1804
185.151 13.7394 -28.1706 -24.9025
187.182 14.2323 -21.0822 -32.0094
193.913 15.5934 -14.4401 -38.5341
197.85 15.0416 -5.11249 -43.7272
201.538 11.7529 2.00567 -49.6696
208.464 11.4954 4.38116 -52.6255
211.956 9.83269 4.91827 -56.5398
213.592 12.6284 1.74884 -59.869
220.831 14.0336 -2.68427 -63.5074
222.788 15.1814 -11.0588 -67.118
224.616 17.1457 -14.342 -71.9377
228.925 18.5951 -15.7643 -77.2923
225.073 16.7558 -19.1911 -82.2681
220.862 18.9482 -34.6008 -85.1264
213.167 22.384 -54.9577 -86.2715
204.792 25.2386 -76.4042 -87.3775
197.956 34.597 -99.0158 -83.8393
191.233 41.6672 -108.805 -83.4744
187.421 54.3363 -116.506 -76.8466
182.44 63.9668 -118.911 -72.1272
176.94 70.6104 -118.624 -67.4134
171.124 78.2913 -117.081 -60.5265
170.319 84.7656 -112.95 -55.86
163.436 89.5992 -108.298 -50.9985
159.272 94.8891 -100.907 -47.0369
156.268 98.6265 -97.7978 -42.1392
154.698 102.651 -92.5402 -38.6317
153.839 108.103 -86.4882 -36.9489
153.514 111.384 -82.6455 -34.4694
154.757 114.908 -77.5844 -33.0542
150.585 120.205 -74.7475 -29.998
151.1 120.713 -70.8139 -28.7861
149.885 121.559 -63.6196 -27.095
149.378 125.627 -60.1474 -25.8692
149.104 125.031 -52.4235 -25.7578
146.792 126.856 -50.6838 -23.9079
145.03 129.858 -45.093 -22.8576
145.819 129.019 -37.9367 -23.0442
143.772 130.056 -37.1877 -23.5206
146.846 129.541 -32.6945 -20.7486
143.354 130.461 -28.2233 -22.136
144.167 128.335 -24.237 -20.3725
144.507 131.594 -19.9475 -20.0605
142.807 131.749 -14.9167 -20.9241
141.026 129.924 -13.2902 -19.2609
141.846 131.668 -6.89032 -19.2052
138.339 128.798 -5.7707 -19.6899
136.499 127.901 0.394344 -18.8764
135.971 126.393 0.182918 -18.088
133.206 126.083 5.03936 -17.3191
133.12 124.303 8.51934 -16.8511
132.428 122.375 10.4632 -17.4278
129.139 121.36 12.9295 -19.1829
126.917 119.212 14.3441 -17.1102
125.624 115.018 18.9134 -19.3278
122.311 112.863 20.9334 -15.1516
122.159 110.427 24.6932 -17.2745
118.409 107.389 25.2903 -17.1575
120.733 108.868 29.4969 -15.5361
119.585 108.963 30.0789 -16.9263
121.507 109.603 34.7469 -17.7871
126.589 111.759 34.9056 -17.464
127.409 114.879 40.6321 -18.5923
134.796 115.129 43.8094 -19.5924
137.135 119.212 47.3196 -21.7014
143.19 124.207 52.4183 -25.6491
151.944 128.394 56.9041 -24.6016
158.823 133.669 61.6321 -25.312
163.686 137.134 66.1712 -28.527
173.862 142.13 72.9417 -30.7697
181.479 147.817 78.888 -33.9958
189.975 154.74 84.7054 -35.4278
202.214 159.397 94.5472 -36.0324
210.05 167.034 100.107 -41.2505
219.155 171.404 106.454 -45.5241
228.425 176.053 111.863 -49.2461
236.292 178.702 118.528 -49.391
240.995 181.093 120.729 -51.8148
243.604 179.195 126.206 -54.5227
