43.6301956177 -4.7628455162 1.4022946358 -5.9612336159
43.5934524536 -4.8067536354 1.4114856720 -5.9652028084
43.5009193420 -4.8631296158 1.4240803719 -5.9621152878
43.3553161621 -4.9270949364 1.4370155334 -5.9475612640
43.1566467285 -4.9943122864 1.4479084015 -5.9171304703
42.9089851379 -5.0615296364 1.4550566673 -5.8664116859
42.6164169312 -5.1244106293 1.4564185143 -5.7949647903
42.2843933105 -5.1802444458 1.4506316185 -5.7014665604
41.9224243164 -5.2268629074 1.4366750717 -5.5876808167
41.5373306274 -5.2626399994 1.4148893356 -5.4566946030
41.1359024048 -5.2881178856 1.3852744102 -5.3115959167
40.7263107300 -5.3027539253 1.3488516808 -5.1576762199
40.3126373291 -5.3081746101 1.3069820404 -4.9997873306
39.8989639282 -5.3038377762 1.2617087364 -4.8436627388
39.4866485596 -5.2919120789 1.2147333622 -4.6941537857
39.0770568848 -5.2723975182 1.1674175262 -4.5556697845
38.6688270569 -5.2452936172 1.1221442223 -4.4312992096
38.2578735352 -5.2095165253 1.0795938969 -4.3232469559
37.8401184082 -5.1639823914 1.0411286354 -4.2323946953
37.4114761353 -5.1059799194 1.0070884228 -4.1587429047
36.9692268372 -5.0333418846 0.9771330357 -4.1000857353
36.5106468201 -4.9422731400 0.9509222507 -4.0546598434
36.0330162048 -4.8300633430 0.9267537594 -4.0198183060
35.5376968384 -4.6934599876 0.9036064148 -3.9911513329
35.0287704468 -4.5302948952 0.8790974617 -3.9664535522
34.5103149414 -4.3383998871 0.8518652916 -3.9421968460
33.9905014038 -4.1183166504 0.8195271492 -3.9161760807
33.4788513184 -3.8705878258 0.7810618877 -3.8866271973
32.9862518311 -3.5973811150 0.7344267368 -3.8526678085
32.5222320557 -3.3030338287 0.6789412498 -3.8147392273
32.1003952026 -2.9924240112 0.6146054268 -3.7728412151
31.7289028168 -2.6715145111 0.5414190292 -3.7296204567
31.4145660400 -2.3468108177 0.4600632191 -3.6863994598
31.1641845703 -2.0253596306 0.3718991280 -3.6462657452
30.9791183472 -1.7142076492 0.2793099880 -3.6114242077
30.8580093384 -1.4193179607 0.1836571693 -3.5840804577
30.7967758179 -1.1455693245 0.0876638889 -3.5664391518
30.7845287323 -0.8978402615 -0.0059466362 -3.5598237514
30.8131046295 -0.6782994270 -0.0951318741 -3.5651161671
30.8675346375 -0.4874885082 -0.1775090694 -3.5827572346
30.9314918518 -0.3248655796 -0.2517166138 -3.6118652821
30.9913654327 -0.1893463135 -0.3160524368 -3.6511168480
31.0321884155 -0.0760524273 -0.3698358536 -3.6991891861
31.0376319885 0.0177268982 -0.4127264023 -3.7538769245
30.9995307922 0.0979540348 -0.4447240829 -3.8134160042
30.9056377411 0.1678819656 -0.4668502808 -3.8751602173
30.7532310486 0.2334733009 -0.4797854424 -3.9364635944
30.5382308960 0.2979803085 -0.4852318764 -3.9964437485
30.2619934082 0.3635716438 -0.4838702679 -4.0533366203
29.9286041260 0.4334994555 -0.4777431488 -4.1053781509
29.5448684692 0.5066797733 -0.4678714275 -4.1516861916
29.1203079224 0.5841968060 -0.4552767277 -4.1922612190
28.6658096313 0.6627978086 -0.4413201809 -4.2257795334
28.1895408630 0.7408568859 -0.4260020256 -4.2526822090
27.7023849487 0.8151212931 -0.4103436470 -4.2720875740
27.2138690948 0.8823387623 -0.3933236599 -4.2839956284
26.7294349670 0.9397989511 -0.3759629726 -4.2884054184
26.2572479248 0.9837070704 -0.3572409153 -4.2839956284
25.7986698151 1.0135213137 -0.3371572495 -4.2707643509
25.3550586700 1.0270732641 -0.3153715134 -4.2478308678
24.9250545502 1.0254470110 -0.2918839455 -4.2138714790
24.5059375763 1.0091847181 -0.2670345306 -4.1693277359
24.0936241150 0.9809967279 -0.2411639690 -4.1124343872
23.6826725006 0.9441355467 -0.2152936459 -4.0436339378
23.2717208862 0.9018535614 -0.1901037693 -3.9633665085
22.8539638519 0.8584874868 -0.1672968864 -3.8711910248
22.4266834259 0.8189158440 -0.1482343674 -3.7693130970
21.9885139465 0.7863912582 -0.1346182823 -3.6581735611
21.5408210754 0.7641661167 -0.1278102398 -3.5404183865
21.0822429657 0.7554929256 -0.1295123100 -3.4178118706
20.6154975891 0.7603715658 -0.1404051781 -3.2930004597
20.1460323334 0.7798863649 -0.1608293056 -3.1690709591
19.6765670776 0.8129529953 -0.1914653778 -3.0477876663
19.2098236084 0.8568612337 -0.2309520245 -2.9313557148
18.7539653778 0.9094426632 -0.2786083221 -2.8224210739
18.3089942932 0.9663606882 -0.3323917389 -2.7214252949
17.8776302338 1.0238207579 -0.3902599812 -2.6296908855
17.4625949860 1.0769442320 -0.4494898319 -2.5472183228
17.0611686707 1.1213945150 -0.5073580742 -2.4740071297
16.6733493805 1.1533770561 -0.5608010292 -2.4091758728
16.2936935425 1.1696393490 -0.6074361801 -2.3509597778
15.9181213379 1.1680130959 -0.6441993713 -2.2980360985
15.5425491333 1.1463301182 -0.6700699329 -2.2495229244
15.1615343094 1.1045901775 -0.6830053329 -2.2032146454
14.7696323395 1.0433355570 -0.6830053329 -2.1573474407
14.3627624512 0.9631081820 -0.6697297096 -2.1114804745
13.9382019043 0.8671606779 -0.6448802948 -2.0647311211
13.4932308197 0.7582032681 -0.6094784737 -2.0166587830
13.0305690765 0.6389465332 -0.5655667782 -1.9677045345
12.5502176285 0.5131847858 -0.5162084103 -1.9174270630
12.0562582016 0.3841705322 -0.4641270638 -1.8671498299
11.5527734756 0.2556984425 -0.4120457172 -1.8173131943
11.0479278564 0.1304788589 -0.3626873493 -1.7692408562
10.5485258102 0.0112218857 -0.3184351921 -1.7224917412
10.0586481094 -0.0999038219 -0.2809910774 -1.6788296700
9.5878219604 -0.2012720108 -0.2517166138 -1.6373729706
9.1387681961 -0.2923409939 -0.2309520245 -1.5985622406
8.7196512222 -0.3720262051 -0.2183570862 -1.5615158081
8.3291101456 -0.4408698082 -0.2132511139 -1.5253510475
7.9725885391 -0.4988720417 -0.2142722607 -1.4891867638
7.6473646164 -0.5471167564 -0.2197186947 -1.4516992569
7.3520784378 -0.5866885185 -0.2268671989 -1.4120063782
7.0840063095 -0.6186709404 -0.2343559265 -1.3692264557
6.8377075195 -0.6441485882 -0.2394621372 -1.3224773407
6.6118192673 -0.6658315659 -0.2404832840 -1.2717585564
6.3981781006 -0.6837201118 -0.2363984585 -1.2175121307
6.1954240799 -0.6994402409 -0.2261862755 -1.1601781845
5.9994735718 -0.7151606083 -0.2091662884 -1.1015210152
5.8062438965 -0.7308807373 -0.1863594055 -1.0433049202
5.6170959473 -0.7482271194 -0.1581060886 -0.9868531227
5.4293098450 -0.7671999931 -0.1264486313 -0.9348115921
5.2469673157 -0.7888829708 -0.0927488804 -0.8889446259
5.0714282990 -0.8127343655 -0.0590491295 -0.8514571190
4.9054145813 -0.8387539387 -0.0270514488 -0.8232312202
4.7543697357 -0.8664000034 0.0008614063 -0.8051486015
4.6210136414 -0.8951299191 0.0233278275 -0.7972102165
4.5094299316 -0.9238600731 0.0389864445 -0.7985334396
4.4209804535 -0.9520480633 0.0471560955 -0.8082361221
4.3583850861 -0.9786098003 0.0481772423 -0.8245539665
4.3216438293 -1.0013768673 0.0417096615 -0.8439593315
4.3080368042 -1.0203497410 0.0291147232 -0.8651289940
4.3175621033 -1.0344436169 0.0114138126 -0.8845343590
4.3447780609 -1.0431168079 -0.0093505383 -0.8999700546
4.3828792572 -1.0463693142 -0.0318171978 -0.9092321396
4.4277839661 -1.0436589718 -0.0542836189 -0.9114370346
4.4726905823 -1.0366120338 -0.0747077465 -0.9052624702
4.5121517181 -1.0252282619 -0.0917277336 -0.8911495209
4.5366458893 -1.0111343861 -0.1046631336 -0.8699803352
4.5461711884 -0.9959561825 -0.1124923229 -0.8435182571
4.5325641632 -0.9818623066 -0.1152155399 -0.8144102097
4.4958229065 -0.9693944454 -0.1128327847 -0.7853026390
4.4359493256 -0.9612631798 -0.1063649654 -0.7592816353
4.3515815735 -0.9585528374 -0.0961530209 -0.7389941216
4.2481632233 -0.9623475075 -0.0832176208 -0.7262043953
4.1270542145 -0.9726469517 -0.0696017742 -0.7235579491
3.9936981201 -0.9905354977 -0.0553047657 -0.7319378853
3.8549003601 -1.0143868923 -0.0420291424 -0.7500200272
3.7161026001 -1.0436589718 -0.0301151276 -0.7782459259
3.5827465057 -1.0767254829 -0.0199029446 -0.8130874634
3.4602775574 -1.1114184856 -0.0117335320 -0.8527798653
3.3527755737 -1.1461112499 -0.0049254894 -0.8933548927
3.2629661560 -1.1780939102 0.0001807213 -0.9308423996
3.1908454895 -1.2057397366 0.0052866936 -0.9612736702
3.1404972076 -1.2268807888 0.0107331276 -0.9820017815
3.1064777374 -1.2398905754 0.0172007084 -0.9890584946
3.0887870789 -1.2447693348 0.0257108212 -0.9806790352
3.0847053528 -1.2404327393 0.0366036892 -0.9555401802
3.0874271393 -1.2274229527 0.0502197742 -0.9145240784
3.0928688049 -1.2073659897 0.0662186146 -0.8580722809
3.0983123779 -1.1808042526 0.0842597485 -0.7892718315
3.0969524384 -1.1499059200 0.1036627293 -0.7112092972
3.0874271393 -1.1173813343 0.1230657101 -0.6278548241
3.0656547546 -1.0843145847 0.1417877674 -0.5436177254
3.0302734375 -1.0534162521 0.1584672928 -0.4624681473
2.9799251556 -1.0257704258 0.1717429161 -0.3883752823
2.9173297882 -1.0024611950 0.1802530289 -0.3253078461
2.8411273956 -0.9840304852 0.1836571693 -0.2745895386
2.7567596436 -0.9704785347 0.1812741756 -0.2384247780
2.6655883789 -0.9612631798 0.1731045246 -0.2168145180
2.5716953278 -0.9542162418 0.1594886780 -0.2079939842
2.4778022766 -0.9482533932 0.1411068439 -0.2106399536
2.3893508911 -0.9417486191 0.1189808846 -0.2216658592
2.3090667725 -0.9314491749 0.0944719315 -0.2371020317
2.2396678925 -0.9162709713 0.0692820549 -0.2543020248
2.1825141907 -0.8945879936 0.0444328785 -0.2684149742
2.1376094818 -0.8647737503 0.0212855339 -0.2772355080
2.1049499512 -0.8273704052 0.0015423298 -0.2781176567
2.0858993530 -0.7823779583 -0.0144565105 -0.2697381973
2.0763740540 -0.7308807373 -0.0260303020 -0.2516555786
2.0750141144 -0.6745047569 -0.0331788063 -0.2247529030
2.0790958405 -0.6159605980 -0.0362422466 -0.1907935143
2.0858993530 -0.5579583645 -0.0362422466 -0.1524238586
2.0927047729 -0.5032086372 -0.0341999531 -0.1127314568
2.0967864990 -0.4544217587 -0.0304555893 -0.0761256218
2.0967864990 -0.4148502350 -0.0270514488 -0.0452537537
2.0899829865 -0.3861200809 -0.0246686935 -0.0236430168
2.0763740540 -0.3698577881 -0.0239877701 -0.0139403343
2.0559635162 -0.3660633564 -0.0260303020 -0.0174689293
2.0287475586 -0.3747365475 -0.0304555893 -0.0342278481
1.9960899353 -0.3947932720 -0.0369231701 -0.0637769699
1.9593486786 -0.4240655899 -0.0454332829 -0.1043515205
1.9198856354 -0.4593005180 -0.0542836189 -0.1524238586
1.8804244995 -0.4983298779 -0.0627937317 -0.2053475380
1.8436832428 -0.5373594761 -0.0692613125 -0.2578301430
1.8096637726 -0.5731365681 -0.0726652145 -0.3067846298
1.7797260284 -0.6029508114 -0.0716440678 -0.3473591805
1.7565937042 -0.6246337891 -0.0658571720 -0.3769083023
1.7389030457 -0.6365594864 -0.0542836189 -0.3932266235
1.7266559601 -0.6376435757 -0.0379443169 -0.3949904442
1.7198524475 -0.6278862953 -0.0168395042 -0.3826417923
1.7171306610 -0.6089136600 0.0076694489 -0.3570618629
1.7171306610 -0.5818097591 0.0335400105 -0.3208975792
1.7184925079 -0.5498273373 0.0590701103 -0.2781176567
1.7184925079 -0.5145921707 0.0818769932 -0.2326912880
1.7171306610 -0.4793572426 0.0999183655 -0.1885886192
1.7103271484 -0.4468326569 0.1114919186 -0.1511011124
1.6994419098 -0.4202709198 0.1145555973 -0.1233158112
1.6817512512 -0.4007561207 0.1080880165 -0.1087617874
1.6586189270 -0.3893725872 0.0924293995 -0.1087617874
1.6286811829 -0.3877463341 0.0668992996 -0.1246390343
1.5933017731 -0.3942513466 0.0335400105 -0.1546292305
1.5538387299 -0.4083452225 -0.0066273212 -0.1965270042
1.5116558075 -0.4284021854 -0.0505392551 -0.2476863861
1.4681110382 -0.4522535801 -0.0958125591 -0.3032565117
1.4259262085 -0.4777309895 -0.1390435696 -0.3579440117
1.3851032257 -0.5015823841 -0.1778492928 -0.4068984985
1.3483638763 -0.5216393471 -0.2095067501 -0.4452681541
1.3157043457 -0.5357332230 -0.2312924862 -0.4686427116
1.2898502350 -0.5427801609 -0.2421853542 -0.4743762016
1.2707996368 -0.5411539078 -0.2411639690 -0.4602632523
1.2585525513 -0.5308544636 -0.2285692692 -0.4258627892
1.2531089783 -0.5118818283 -0.2050814629 -0.3724980354
1.2531089783 -0.4847781658 -0.1734242439 -0.3032565117
1.2585525513 -0.4522535801 -0.1352992058 -0.2212247849
1.2680778503 -0.4143080711 -0.0937702656 -0.1316957474
1.2803249359 -0.3736524582 -0.0525815487 -0.0399613380
1.2939319611 -0.3319125175 -0.0144565105 0.0473628044
1.3089008331 -0.2912566662 0.0175411701 0.1258659363
1.3225078583 -0.2527692318 0.0410287380 0.1902565956
1.3347549438 -0.2169923782 0.0546448231 0.2370057106
1.3456420898 -0.1850097179 0.0570275784 0.2639083862
1.3538055420 -0.1573638916 0.0491983891 0.2696418762
1.3592491150 -0.1340546608 0.0314974785 0.2550878525
1.3633308411 -0.1139976978 0.0066483021 0.2228927612
1.3660526276 -0.0971934795 -0.0236475468 0.1752614975
1.3674144745 -0.0830993652 -0.0559856892 0.1179275513
1.3674144745 -0.0711736679 -0.0869622231 0.0553011894
1.3687744141 -0.0608742237 -0.1135134697 -0.0077662468
1.3687744141 -0.0522010326 -0.1332566738 -0.0655412674
1.3701343536 -0.0456960201 -0.1434688568 -0.1140542030
1.3728561401 -0.0419015884 -0.1431283951 -0.1502189636
1.3742179871 -0.0402753353 -0.1322355270 -0.1709470749
1.3769397736 -0.0429856777 -0.1104497910 -0.1762394905
1.3796615601 -0.0505747795 -0.0798137188 -0.1660957336
1.3796615601 -0.0630426407 -0.0427100658 -0.1422801018
1.3796615601 -0.0809311867 -0.0018618107 -0.1083211899
1.3782997131 -0.1047823429 0.0389864445 -0.0673050880
1.3728561401 -0.1335124969 0.0771114826 -0.0236430168
1.3660526276 -0.1665792465 0.1084282398 0.0182547569
1.3565273285 -0.2018141747 0.1305544376 0.0544190407
1.3442802429 -0.2381331921 0.1407663822 0.0808811188
1.3293113708 -0.2722840309 0.1383836269 0.0954351425
1.3116226196 -0.3026404381 0.1230657101 0.0967578888
1.2952938080 -0.3264918327 0.0951526165 0.0839681625
1.2776031494 -0.3411278725 0.0563468933 0.0579476357
1.2612743378 -0.3449223042 0.0097119808 0.0209007263
1.2490272522 -0.3367912769 -0.0416886806 -0.0245251656
1.2395019531 -0.3161923885 -0.0941104889 -0.0748028755
1.2340583801 -0.2842097282 -0.1438093185 -0.1264033318
1.2354183197 -0.2419278622 -0.1870403290 -0.1749167442
1.2435836792 -0.1909725666 -0.2203996181 -0.2176966667
1.2585525513 -0.1356809139 -0.2411639690 -0.2512149811
1.2803249359 -0.0793049335 -0.2476317883 -0.2737073898
1.3089008331 -0.0256392956 -0.2387812138 -0.2842922211
1.3442802429 0.0204372406 -0.2149531841 -0.2825279236
1.3864650726 0.0551300049 -0.1771686077 -0.2697381973
1.4354515076 0.0746448040 -0.1274700165 -0.2476863861
1.4885215759 0.0757291317 -0.0685803890 -0.2181372643
1.5456752777 0.0567562580 -0.0032234192 -0.1850600243
1.6069087982 0.0166425705 0.0645165443 -0.1511011124
1.6695041656 -0.0435278416 0.1319160461 -0.1193466187
1.7334613800 -0.1226708889 0.1952307224 -0.0924439430
1.7974166870 -0.2186183929 0.2527585030 -0.0725975037
1.8613739014 -0.3264918327 0.3017764091 -0.0602488518
1.9239692688 -0.4424960613 0.3409225941 -0.0567202568
1.9838428497 -0.5612108707 0.3705375195 -0.0611305237
2.0409946442 -0.6777572632 0.3899405003 -0.0725975037
2.0940647125 -0.7872567177 0.4004929066 -0.0893568993
2.1430530548 -0.8853726387 0.4032161236 -0.1087617874
2.1879577637 -0.9677681923 0.4001524448 -0.1286082268
2.2274208069 -1.0317332745 0.3930039406 -0.1471314430
2.2600784302 -1.0756413937 0.3834726810 -0.1616854668
2.2872943878 -1.0989506245 0.3732607365 -0.1709470749
2.3077049255 -1.1022031307 0.3637294769 -0.1740345955
2.3213138580 -1.0870249271 0.3555598259 -0.1705060005
2.3294773102 -1.0561265945 0.3490922451 -0.1608037949
2.3308391571 -1.0122184753 0.3443264961 -0.1466903687
2.3281173706 -0.9590950012 0.3402416706 -0.1299314499
2.3185920715 -0.9005506039 0.3368377686 -0.1118493080
2.3049831390 -0.8409223557 0.3324124813 -0.0946488380
2.2886543274 -0.7829201221 0.3259449005 -0.0814180374
2.2696037292 -0.7292544842 0.3167541027 -0.0730385780
2.2478313446 -0.6826360226 0.3038187027 -0.0712742805
2.2260589600 -0.6441485882 0.2867987156 -0.0770077705
2.2042865753 -0.6148765087 0.2656939030 -0.0893568993
2.1811542511 -0.5931932926 0.2411849499 -0.1078801155
2.1607418060 -0.5796413422 0.2136123180 -0.1316957474
2.1389694214 -0.5720524788 0.1843378544 -0.1577162743
2.1199188232 -0.5682578087 0.1547229290 -0.1837372780
2.1008682251 -0.5660896301 0.1264696121 -0.2079939842
2.0804576874 -0.5644633770 0.1009395123 -0.2269582748
2.0614070892 -0.5601267815 0.0791537762 -0.2388658524
2.0409946442 -0.5519955158 0.0624740124 -0.2423939705
2.0205821991 -0.5384435654 0.0519216061 -0.2362198830
1.9974498749 -0.5189287663 0.0468156338 -0.2207837105
1.9743175507 -0.4934513569 0.0481772423 -0.1965270042
1.9498233795 -0.4614686966 0.0543045998 -0.1656551361
1.9253292084 -0.4240655899 0.0648570061 -0.1299314499
1.9008350372 -0.3828675747 0.0781326294 -0.0933260918
1.8777027130 -0.3389594555 0.0931103230 -0.0580434799
1.8586521149 -0.2934250832 0.1080880165 -0.0280532837
1.8423213959 -0.2489748001 0.1213636398 -0.0064430237
1.8314361572 -0.2066929340 0.1322565079 0.0045828819
1.8259925842 -0.1682054996 0.1390645504 0.0028185844
1.8287143707 -0.1351387501 0.1417877674 -0.0121765137
1.8382396698 -0.1074929237 0.1397452354 -0.0404024124
1.8559303284 -0.0868940353 0.1332776546 -0.0800948143
1.8817844391 -0.0727999210 0.1230657101 -0.1299314499
1.9130821228 -0.0657529831 0.1094496250 -0.1859421730
1.9498233795 -0.0641267300 0.0934505463 -0.2445993423
1.9892845154 -0.0684633255 0.0764305592 -0.3019332886
2.0314693451 -0.0771365166 0.0590701103 -0.3535337448
2.0722923279 -0.0890622139 0.0427308083 -0.3958725929
2.1117553711 -0.1031563282 0.0277531147 -0.4254217148
2.1471347809 -0.1172502041 0.0151584148 -0.4404168129
2.1770725250 -0.1313440800 0.0049462318 -0.4386525154
2.2015647888 -0.1432697773 -0.0028829575 -0.4205703735
2.2192554474 -0.1519432068 -0.0079889297 -0.3870520592
2.2301406860 -0.1573638916 -0.0110526085 -0.3407440186
2.2369461060 -0.1589901447 -0.0120737553 -0.2842922211
2.2396678925 -0.1551954746 -0.0120737553 -0.2212247849
2.2396678925 -0.1476063728 -0.0107121468 -0.1568341255
2.2410278320 -0.1351387501 -0.0086698532 -0.0955309868
2.2437496185 -0.1194186211 -0.0059466362 -0.0408434868
2.2519130707 -0.0999038219 -0.0025424957 0.0028185844
2.2668819427 -0.0787627697 0.0015423298 0.0328087807
2.2886543274 -0.0559954643 0.0063078403 0.0464806557
2.3199520111 -0.0337703228 0.0124351978 0.0442752838
2.3580532074 -0.0126295090 0.0202643871 0.0253109932
2.4015979767 0.0063431263 0.0294551849 -0.0073251724
2.4505863190 0.0220634937 0.0406885147 -0.0523099899
2.5022964478 0.0329048634 0.0532832146 -0.1052336693
2.5512828827 0.0394098759 0.0672397614 -0.1625676155
2.5961894989 0.0399520397 0.0822174549 -0.2190194130
2.6329288483 0.0350732803 0.0975353718 -0.2710609436
2.6560630798 0.0253160000 0.1118323803 -0.3142819405
2.6655883789 0.0101377964 0.1251080036 -0.3455953598
2.6560630798 -0.0082929134 0.1360008717 -0.3623542786
2.6288471222 -0.0305180550 0.1438300610 -0.3627953529
2.5825805664 -0.0538272858 0.1482553482 -0.3473591805
2.5186252594 -0.0782206059 0.1489360332 -0.3164873123
2.4396991730 -0.1009879112 0.1462128162 -0.2719430923
2.3471679688 -0.1221289635 0.1404261589 -0.2168145180
2.2451095581 -0.1400175095 0.1325967312 -0.1537470818
2.1403312683 -0.1541113853 0.1237463951 -0.0867104530
2.0355510712 -0.1633267403 0.1148960590 -0.0192327499
1.9375762939 -0.1682054996 0.1077475548 0.0447163582
1.8491268158 -0.1682054996 0.1036627293 0.1024913788
1.7742843628 -0.1649529934 0.1040031910 0.1514458656
1.7157707214 -0.1584479809 0.1091091633 0.1902565956
1.6763076782 -0.1497747898 0.1196615696 0.2176003456
1.6545352936 -0.1400175095 0.1360008717 0.2339186668
1.6504535675 -0.1313440800 0.1571056843 0.2392110825
1.6613407135 -0.1237552166 0.1819550991 0.2361235619
1.6831130981 -0.1194186211 0.2088468075 0.2259798050
1.7130489349 -0.1183342934 0.2360789776 0.2105441093
1.7470684052 -0.1210446358 0.2616090775 0.1929025650
1.7770061493 -0.1280918121 0.2830543518 0.1739382744
1.8014984131 -0.1389331818 0.2987127304 0.1562972069
1.8164672852 -0.1524851322 0.3068823814 0.1408610344
1.8151073456 -0.1682054996 0.3062016964 0.1276302338
1.8001384735 -0.1844677925 0.2963299751 0.1170454025
1.7661190033 -0.1996457577 0.2772674561 0.1077837944
1.7171306610 -0.2126557827 0.2496950626 0.0994043350
1.6531753540 -0.2224130630 0.2156548500 0.0897016525
1.5769729614 -0.2267496586 0.1768491268 0.0773530006
1.4926052094 -0.2256655693 0.1356604099 0.0601525307
1.4027938843 -0.2180764675 0.0951526165 0.0376601219
1.3143444061 -0.2039823532 0.0573680401 0.0076699257
1.2313365936 -0.1839256287 0.0253703594 -0.0293765068
1.1578559875 -0.1589901447 0.0005209446 -0.0734796524
1.0952606201 -0.1308021545 -0.0154778957 -0.1237568855
1.0489940643 -0.0999038219 -0.0222859383 -0.1788859367
1.0190563202 -0.0684633255 -0.0199029446 -0.2366609573
1.0040874481 -0.0381071568 -0.0096910000 -0.2944355011
1.0068092346 -0.0110032558 0.0069887638 -0.3486824036
1.0217781067 0.0117640495 0.0274126530 -0.3971958160
1.0476322174 0.0285682678 0.0488581657 -0.4373297691
1.0789299011 0.0388677120 0.0686013699 -0.4659962654
1.1143112183 0.0421202183 0.0842597485 -0.4823145866
1.1483306885 0.0388677120 0.0927698612 -0.4840788841
1.1782665253 0.0296525955 0.0931103230 -0.4726119041
1.1986789703 0.0155584812 0.0839195251 -0.4474730492
1.2082042694 -0.0023300648 0.0651972294 -0.4108676910
1.2068424225 -0.0213027000 0.0379652977 -0.3645596504
1.1905136108 -0.0402753353 0.0032441616 -0.3120770454
1.1619377136 -0.0576217175 -0.0359020233 -0.2565069199
1.1224746704 -0.0711736679 -0.0770905018 -0.2009372711
1.0721263885 -0.0798468590 -0.1172578335 -0.1493368149
1.0163345337 -0.0825572014 -0.1530001163 -0.1047925949
0.9578227997 -0.0793049335 -0.1815938950 -0.0690693855
0.8965873718 -0.0690054893 -0.2009966373 -0.0443716049
0.8394355774 -0.0532851219 -0.2095067501 -0.0320229530
0.7877254486 -0.0321443081 -0.2064430714 -0.0311408043
0.7441806793 -0.0077507496 -0.1924865246 -0.0412845612
0.7101612091 0.0188109875 -0.1686584949 -0.0606899261
0.6856689453 0.0453727245 -0.1380224228 -0.0871515274
0.6707000732 0.0703082085 -0.1026206017 -0.1175827980
0.6666183472 0.0909070969 -0.0665380955 -0.1488957405
0.6707000732 0.1066274643 -0.0331788063 -0.1780037880
0.6815853119 0.1153006554 -0.0059466362 -0.2013783455
0.6979160309 0.1163847446 0.0124351978 -0.2176966667
0.7169666290 0.1093378067 0.0192432404 -0.2238707542
0.7387390137 0.0936174393 0.0134563446 -0.2194604874
0.7591495514 0.0703082085 -0.0049254894 -0.2044653893
0.7795619965 0.0399520397 -0.0355615616 -0.1788859367
0.7972507477 0.0036327839 -0.0757288933 -0.1449265480
0.8122196198 -0.0364809036 -0.1230447292 -0.1039104462
0.8258266449 -0.0787627697 -0.1737644672 -0.0593667030
0.8367137909 -0.1210446358 -0.2241439819 -0.0143814087
0.8475990295 -0.1622426510 -0.2694172859 0.0283985138
0.8584861755 -0.1996457577 -0.3065211773 0.0654449463
0.8693714142 -0.2321703434 -0.3320512772 0.0941119194
0.8829803467 -0.2576479912 -0.3436248302 0.1121940613
0.8993091583 -0.2760787010 -0.3398804665 0.1174864769
0.9183597565 -0.2863781452 -0.3208179474 0.1099891663
0.9401321411 -0.2874622345 -0.2874586582 0.0897016525
0.9632644653 -0.2809572220 -0.2425255775 0.0570654869
0.9877586365 -0.2663211823 -0.1884016991 0.0138444901
1.0122528076 -0.2451803684 -0.1295123100 -0.0377559662
1.0340251923 -0.2180764675 -0.0696017742 -0.0946488380
1.0530757904 -0.1866359711 -0.0130951405 -0.1541881561
1.0666828156 -0.1524851322 0.0366036892 -0.2128453255
1.0734882355 -0.1177923679 0.0757498741 -0.2675328255
1.0707664490 -0.0836415291 0.1023011208 -0.3156051636
1.0598793030 -0.0511169434 0.1148960590 -0.3544158936
1.0394687653 -0.0229289532 0.1135344505 -0.3826417923
1.0095310211 0.0009224415 0.0992374420 -0.3989601135
0.9700698853 0.0188109875 0.0737073421 -0.4029293060
0.9238033295 0.0307366848 0.0406885147 -0.3954315186
0.8707332611 0.0361573696 0.0029039383 -0.3769083023
0.8122196198 0.0350732803 -0.0359020233 -0.3491234779
0.7523460388 0.0280263424 -0.0723249912 -0.3138408661
0.6911106110 0.0161006451 -0.1026206017 -0.2737073898
0.6325988770 -0.0001616478 -0.1244063377 -0.2304863930
0.5781669617 -0.0191342831 -0.1366608143 -0.1877064705
0.5291805267 -0.0391912460 -0.1380224228 -0.1462497711
0.4869956970 -0.0597901344 -0.1291718483 -0.1092028618
0.4529762268 -0.0782206059 -0.1118113995 -0.0774488449
0.4284820557 -0.0939409733 -0.0873024464 -0.0523099899
0.4107933044 -0.1053245068 -0.0593895912 -0.0342278481
0.4026279449 -0.1112873554 -0.0301151276 -0.0236430168
0.4026279449 -0.1112873554 -0.0035638809 -0.0201148987
0.4094314575 -0.1047823429 0.0182218552 -0.0223202705
0.4216785431 -0.0917725563 0.0325188637 -0.0302586555
0.4393692017 -0.0727999210 0.0379652977 -0.0417256355
0.4597797394 -0.0478644371 0.0342206955 -0.0558385849
0.4829139709 -0.0191342831 0.0216259956 -0.0708332062
0.5074081421 0.0128481388 0.0018825531 -0.0858283043
0.5332622528 0.0464568138 -0.0236475468 -0.0990591049
0.5591163635 0.0800657272 -0.0519008636 -0.1096439362
0.5822505951 0.1125903130 -0.0798137188 -0.1175827980
0.6053829193 0.1418623924 -0.1043226719 -0.1219930649
0.6257934570 0.1673400402 -0.1223638058 -0.1233158112
0.6448459625 0.1873967648 -0.1322355270 -0.1211109161
0.6598129272 0.2014908791 -0.1318950653 -0.1162595749
0.6720600128 0.2085378170 -0.1213426590 -0.1096439362
0.6815853119 0.2090797424 -0.1005783081 -0.1021466255
0.6870288849 0.2031168938 -0.0713036060 -0.0946488380
0.6883888245 0.1911911964 -0.0355615616 -0.0884747505
0.6843070984 0.1733028889 0.0032441616 -0.0840644836
0.6775035858 0.1510777473 0.0423903465 -0.0827412605
0.6652565002 0.1256000996 0.0774517059 -0.0849461555
0.6502876282 0.0974121094 0.1057050228 -0.0906796455
0.6298770905 0.0681400299 0.1244273186 -0.1003823280
0.6081047058 0.0383257866 0.1312351227 -0.1136131287
0.5822505951 0.0095956326 0.1254484653 -0.1303725243
0.5563945770 -0.0180501938 0.1067264080 -0.1497778893
0.5305404663 -0.0429856777 0.0767710209 -0.1705060005
0.5060462952 -0.0646688938 0.0376248360 -0.1912345886
0.4842739105 -0.0836415291 -0.0076487064 -0.2110810280
0.4665851593 -0.0988194942 -0.0556452274 -0.2287220955
0.4556980133 -0.1102032661 -0.1019399166 -0.2423939705
0.4502544403 -0.1177923679 -0.1424477100 -0.2512149811
0.4516162872 -0.1215867996 -0.1737644672 -0.2538609505
0.4611415863 -0.1210446358 -0.1931674480 -0.2498917580
0.4774703979 -0.1161661148 -0.1986138821 -0.2388658524
0.5019645691 -0.1074929237 -0.1887421608 -0.2207837105
0.5319004059 -0.0944828987 -0.1642332077 -0.1965270042
0.5672817230 -0.0771365166 -0.1264486313 -0.1660957336
0.6040229797 -0.0559954643 -0.0784521103 -0.1312546730
0.6434841156 -0.0316021442 -0.0229666233 -0.0933260918
0.6815853119 -0.0034141541 0.0352420807 -0.0536332130
0.7156047821 0.0274841785 0.0924293995 -0.0152635574
0.7455425262 0.0605509281 0.1434895992 0.0209007263
0.7686748505 0.0941596031 0.1853590012 0.0526552200
0.7836437225 0.1283104420 0.2146337032 0.0777935982
0.7904472351 0.1613771915 0.2289304733 0.0949940681
0.7877254486 0.1922755241 0.2272284031 0.1033735275
0.7754783630 0.2193791866 0.2098679543 0.1020503044
0.7550678253 0.2416043282 0.1785509586 0.0910248756
0.7264919281 0.2578666210 0.1349797249 0.0702962875
0.6924724579 0.2676241398 0.0825579166 0.0411882401
0.6557312012 0.2697923183 0.0257108212 0.0041418076
0.6149082184 0.2649137974 -0.0321574211 -0.0381970406
0.5754451752 0.2529881001 -0.0862812996 -0.0840644836
0.5373439789 0.2340154648 -0.1332566738 -0.1316957474
0.5019645691 0.2096219063 -0.1703605652 -0.1780037880
0.4720268250 0.1803498268 -0.1952097416 -0.2216658592
0.4461727142 0.1478252411 -0.2064430714 -0.2600355148
0.4271221161 0.1136744022 -0.2044007778 -0.2913484573
0.4135150909 0.0800657272 -0.1897633076 -0.3142819405
0.4053497314 0.0486252308 -0.1645736694 -0.3279538155
0.4012680054 0.0198950768 -0.1315548420 -0.3323645592
0.3999061584 -0.0039563179 -0.0934298038 -0.3275132179
0.3999061584 -0.0223867893 -0.0542836189 -0.3134002686
0.3999061584 -0.0343124866 -0.0164990425 -0.2917895317
0.3985462189 -0.0408174992 0.0161795616 -0.2640047073
0.3931026459 -0.0408174992 0.0423903465 -0.2313685417
0.3822174072 -0.0364809036 0.0594105721 -0.1960859299
0.3672485352 -0.0272655487 0.0675802231 -0.1599216461
0.3454761505 -0.0158820152 0.0658781528 -0.1241979599
0.2107601166 0.0285682678 -0.0736865997 0.0235471725
0.2856025696 0.0551300049 -0.1298527718 0.0054650307
0.3686084747 0.0844023228 -0.1884016991 -0.0179100037
0.4570598602 0.1153006554 -0.2452487946 -0.0452537537
0.5482311249 0.1445727348 -0.2959687710 -0.0761256218
0.6366806030 0.1700503826 -0.3368167877 -0.1087617874
0.7224082947 0.1895651817 -0.3637084961 -0.1413984299
0.7986125946 0.2020328045 -0.3739206791 -0.1713881493
0.8652896881 0.2058274746 -0.3660914898 -0.1978502274
0.9183597565 0.2009487152 -0.3391997814 -0.2185783386
0.9578227997 0.1868546009 -0.2946071625 -0.2326912880
0.9809551239 0.1646294594 -0.2343559265 -0.2388658524
0.9891204834 0.1369836330 -0.1625313759 -0.2366609573
0.9836769104 0.1055431366 -0.0838985443 -0.2265172005
0.9659862518 0.0735607147 -0.0035638809 -0.2088756561
0.9374103546 0.0442886353 0.0723457336 -0.1850600243
0.9033908844 0.0198950768 0.1383836269 -0.1563930511
0.8652896881 0.0036327839 0.1891036034 -0.1246390343
0.8271884918 -0.0023300648 0.2204203606 -0.0924439430
0.7918090820 0.0030908585 0.2296113968 -0.0611305237
0.7618713379 0.0204372406 0.2153143883 -0.0337867737
0.7400989532 0.0497093201 0.1785509586 -0.0112943649
0.7264919281 0.0881967545 0.1210231781 0.0050239563
0.7210483551 0.1342732906 0.0468156338 0.0138444901
0.7237701416 0.1846864223 -0.0386252403 0.0147266388
0.7346553802 0.2356414795 -0.1288316250 0.0076699257
0.7496242523 0.2838864326 -0.2176764011 -0.0060019493
0.7686748505 0.3256263733 -0.2976706028 -0.0258483887
0.7863655090 0.3570666313 -0.3633682728 -0.0501050949
0.8026943207 0.3765814304 -0.4086415768 -0.0783309937
0.8135814667 0.3814601898 -0.4307677746 -0.1074390411
0.8176631927 0.3722448349 -0.4273636341 -0.1369881630
0.8135814667 0.3483934402 -0.3984296322 -0.1656551361
0.8013343811 0.3126163483 -0.3463480473 -0.1921167374
0.7809219360 0.2665400505 -0.2745234966 -0.2154912949
0.7523460388 0.2139585018 -0.1890826225 -0.2353377342
0.7169666290 0.1586666107 -0.0961530209 -0.2525377274
0.6788635254 0.1044590473 -0.0028829575 -0.2666506767
0.6380405426 0.0556721687 0.0828981400 -0.2789998055
0.5999393463 0.0150165558 0.1543824673 -0.2895846367
0.5645599365 -0.0142557621 0.2061235905 -0.2997279167
0.5346221924 -0.0310599804 0.2333557606 -0.3103127480
0.5128498077 -0.0343124866 0.2336959839 -0.3213386536
0.4992427826 -0.0245552063 0.2064640522 -0.3336873055
0.4937992096 -0.0034141541 0.1533613205 -0.3469181061
0.4978828430 0.0258579254 0.0777921677 -0.3610315323
0.5074081421 0.0610928535 -0.0147969723 -0.3755850792
0.5237369537 0.0979540348 -0.1182789803 -0.3892574310
0.5427875519 0.1326470375 -0.2248246670 -0.4011650085
0.5645599365 0.1619191170 -0.3272855282 -0.4104266167
0.5836105347 0.1825180054 -0.4188537598 -0.4161601067
0.5999393463 0.1928174496 -0.4923803806 -0.4170422554
0.6108264923 0.1917333603 -0.5441215038 -0.4126319885
0.6162681580 0.1781814098 -0.5699920654 -0.4024882317
0.6162681580 0.1537880898 -0.5693111420 -0.3874931335
0.6094646454 0.1207213402 -0.5424194336 -0.3676466942
0.5972175598 0.0811498165 -0.4923803806 -0.3442721367
0.5795288086 0.0388677120 -0.4232788086 -0.3182511330
0.5618381500 -0.0028719902 -0.3405613899 -0.2917895317
0.5427875519 -0.0402753353 -0.2506952286 -0.2662096024
0.5250968933 -0.0700895786 -0.1601483822 -0.2437171936
0.5114898682 -0.0906884670 -0.0753884315 -0.2251939774
0.5033245087 -0.0999038219 -0.0018618107 -0.2124042511
0.5006027222 -0.0977354050 0.0556662083 -0.2066707611
0.5060462952 -0.0836415291 0.0941314697 -0.2075529099
0.5169334412 -0.0603320599 0.1125130653 -0.2154912949
0.5346221924 -0.0294337273 0.1111514568 -0.2296042442
0.5563945770 0.0058012009 0.0917487144 -0.2485685349
0.5808887482 0.0415782928 0.0573680401 -0.2719430923
0.6081047058 0.0757291317 0.0127754211 -0.2966408730
0.6339588165 0.1033749580 -0.0372636318 -0.3213386536
0.6584529877 0.1234316826 -0.0879833698 -0.3438310623
0.6788635254 0.1326470375 -0.1342780590 -0.3623542786
0.6951942444 0.1315629482 -0.1720626354 -0.3751444817
0.7074413300 0.1196372509 -0.1979329586 -0.3808774948
0.7142448425 0.0974121094 -0.2105278969 -0.3795547485
0.7183265686 0.0681400299 -0.2084856033 -0.3707337379
0.7196865082 0.0339891911 -0.1931674480 -0.3544158936
0.7210483551 -0.0017879009 -0.1662757397 -0.3314824104
0.7237701416 -0.0353965759 -0.1305334568 -0.3041381836
0.7305736542 -0.0641267300 -0.0896854401 -0.2728252411
0.7441806793 -0.0852677822 -0.0481562614 -0.2393069267
0.7645931244 -0.0955672264 -0.0090103149 -0.2062296867
0.7931690216 -0.0950250626 0.0233278275 -0.1744756699
0.8312702179 -0.0830993652 0.0464751720 -0.1458086967
0.8761768341 -0.0608742237 0.0587296486 -0.1206698418
0.9306068420 -0.0299758911 0.0587296486 -0.0999412537
0.9904804230 0.0068852901 0.0471560955 -0.0840644836
1.0530757904 0.0464568138 0.0250298977 -0.0721564293
1.1183929443 0.0854864120 -0.0052657127 -0.0642180443
1.1809883118 0.1196372509 -0.0410079956 -0.0589256287
1.2408618927 0.1467411518 -0.0787925720 -0.0549564362
1.2952938080 0.1635453701 -0.1152155399 -0.0518689156
1.3401985168 0.1684241295 -0.1475536823 -0.0483407974
1.3769397736 0.1608350277 -0.1724028587 -0.0434894562
1.4027938843 0.1413202286 -0.1887421608 -0.0368742943
1.4191226959 0.1109640598 -0.1948695183 -0.0280532837
1.4272880554 0.0724766254 -0.1907846928 -0.0170278549
1.4272880554 0.0291104317 -0.1771686077 -0.0046787262
1.4218444824 -0.0158820152 -0.1557233334 0.0081110001
1.4123191833 -0.0587060452 -0.1284911633 0.0204596519
1.4027938843 -0.0955672264 -0.0981953144 0.0310444832
1.3946285248 -0.1232130527 -0.0672187805 0.0389833450
1.3891868591 -0.1389331818 -0.0386252403 0.0425114632
1.3891868591 -0.1416437626 -0.0144565105 0.0411882401
1.3959903717 -0.1302599907 0.0032441616 0.0336909294
1.4109592438 -0.1064085960 0.0134563446 0.0204596519
1.4327297211 -0.0706317425 0.0151584148 0.0010547638
1.4626674652 -0.0256392956 0.0090310574 -0.0236430168
1.4994087219 0.0247738361 -0.0045850277 -0.0523099899
1.5415916443 0.0768132210 -0.0243282318 -0.0845055580
1.5878582001 0.1266841888 -0.0488371849 -0.1180238724
1.6382064819 0.1711344719 -0.0760693550 -0.1511011124
1.6899166107 0.2058274746 -0.1043226719 -0.1824140549
1.7429866791 0.2285945415 -0.1318950653 -0.2106399536
1.7960567474 0.2372677326 -0.1574251652 -0.2335734367
1.8491268158 0.2302207947 -0.1802322865 -0.2512149811
1.9008350372 0.2090797424 -0.1996350288 -0.2622404099
1.9511833191 0.1733028889 -0.2152936459 -0.2666506767
2.0015316010 0.1250579357 -0.2275478840 -0.2648868561
2.0518798828 0.0670557022 -0.2367389202 -0.2573890686
2.1008682251 0.0025486946 -0.2435469627 -0.2450404167
2.1512165070 -0.0657529831 -0.2486529350 -0.2296042442
2.2015647888 -0.1340546608 -0.2517166138 -0.2119631767
2.2519130707 -0.1991038322 -0.2537589073 -0.1934399605
2.3049831390 -0.2587320805 -0.2544398308 -0.1762394905
2.3566932678 -0.3096873760 -0.2534184456 -0.1612443924
2.4097633362 -0.3508851528 -0.2503550053 -0.1493368149
2.4641933441 -0.3812415600 -0.2442276478 -0.1413984299
2.5186252594 -0.3996720314 -0.2346963882 -0.1383109093
2.5757770538 -0.4061770439 -0.2203996181 -0.1400752068
2.6329288483 -0.4018404484 -0.2009966373 -0.1462497711
2.6941642761 -0.3872044086 -0.1764876842 -0.1572751999
2.7594814301 -0.3633530140 -0.1468727589 -0.1718292236
2.8302402496 -0.3308284283 -0.1131730080 -0.1899113655
2.9091663361 -0.2912566662 -0.0760693550 -0.2106399536
2.9962539673 -0.2462644577 -0.0376038551 -0.2326912880
3.0955905914 -0.1958513260 0.0001807213 -0.2565069199
3.2058124542 -0.1421856880 0.0352420807 -0.2807636261
3.3296432495 -0.0858097076 0.0655376911 -0.3054614067
3.4684410095 -0.0272655487 0.0880043507 -0.3297181129
3.6208477020 0.0312788486 0.1016201973 -0.3544158936
3.7855014801 0.0898230076 0.1046838760 -0.3791136742
3.9610404968 0.1467411518 0.0968546867 -0.4042520523
4.1461048126 0.2004065514 0.0777921677 -0.4302730560
4.3366127014 0.2497355938 0.0485177040 -0.4567346573
4.5298423767 0.2931017876 0.0107331276 -0.4849610329
4.7217102051 0.3288786411 -0.0335190296 -0.5145096779
4.9067745209 0.3559825420 -0.0808348656 -0.5462641716
5.0850353241 0.3733289242 -0.1284911633 -0.5793414116
5.2496891022 0.3798339367 -0.1727433205 -0.6150646210
5.4007339478 0.3744132519 -0.2112088203 -0.6521110535
5.5368118286 0.3576087952 -0.2404832840 -0.6904807091
5.6551990509 0.3299629688 -0.2585244179 -0.7297325134
5.7572565079 0.2920174599 -0.2639708519 -0.7689843178
5.8443450928 0.2448568344 -0.2564821243 -0.8082361221
5.9178266525 0.1911911964 -0.2357175350 -0.8457236290
5.9790611267 0.1331892014 -0.2030391693 -0.8810057640
6.0294103622 0.0724766254 -0.1608293056 -0.9127602577
6.0743150711 0.0117640495 -0.1111307144 -0.9405450821
6.1124172211 -0.0467803478 -0.0566663742 -0.9630374908
6.1477966309 -0.1015300751 -0.0008406639 -0.9797968864
6.1790943146 -0.1497747898 0.0532832146 -0.9899406433
6.2076711655 -0.1915147305 0.1029818058 -0.9930276871
6.2308034897 -0.2262074947 0.1458725929 -0.9890584946
6.2498550415 -0.2533113956 0.1795723438 -0.9780325890
6.2621011734 -0.2733681202 0.2034003735 -0.9603915215
6.2648229599 -0.2874622345 0.2159953117 -0.9365758896
6.2580194473 -0.2972195148 0.2173569202 -0.9079089165
6.2389688492 -0.3031823635 0.2078256607 -0.8761544228
6.2076711655 -0.3069770336 0.1884226799 -0.8421955109
6.1641263962 -0.3096873760 0.1598289013 -0.8082361221
6.1110563278 -0.3129398823 0.1237463951 -0.7764816284
6.0511827469 -0.3167343140 0.0811963081 -0.7486968040
5.9872264862 -0.3210709095 0.0331995487 -0.7266454697
5.9232702255 -0.3264918327 -0.0182011127 -0.7120914459
5.8674783707 -0.3313703537 -0.0726652145 -0.7059168816
5.8225727081 -0.3357069492 -0.1284911633 -0.7094449997
5.7953577042 -0.3384175301 -0.1846573353 -0.7222352028
5.7899141312 -0.3378753662 -0.2404832840 -0.7447276115
5.8089656830 -0.3329966068 -0.2946071625 -0.7751588821
5.8552312851 -0.3237812519 -0.3456673622 -0.8122053146
5.9273519516 -0.3091452122 -0.3923022747 -0.8536620140
6.0253276825 -0.2890884876 -0.4331505299 -0.8973240852
6.1437149048 -0.2636108398 -0.4668502808 -0.9405450821
6.2784309387 -0.2332546711 -0.4913592339 -0.9802379608
6.4226722717 -0.1991038322 -0.5056560040 -1.0141968727
6.5682744980 -0.1622426510 -0.5090601444 -1.0406589508
6.7070732117 -0.1237552166 -0.5008904934 -1.0574178696
6.8336248398 -0.0841834545 -0.4811470509 -1.0635924339
6.9397649765 -0.0446119308 -0.4511919022 -1.0605053902
7.0214109421 -0.0061244965 -0.4123859406 -1.0477151871
7.0758419037 0.0312788486 -0.3677933216 -1.0278692245
7.1030569077 0.0681400299 -0.3208179474 -1.0031714439
7.1071395874 0.1039168835 -0.2752041817 -0.9767093658
7.0908098221 0.1402361393 -0.2353773117 -0.9524526596
7.0608730316 0.1781814098 -0.2061026096 -0.9339294434
7.0254936218 0.2177531719 -0.1914653778 -0.9242267609
6.9955568314 0.2600350380 -0.1948695183 -0.9259910583
6.9805879593 0.3061115742 -0.2193784714 -0.9423093796
6.9873914719 0.3559825420 -0.2656729221 -0.9740633965
7.0254936218 0.4091060162 -0.3340935707 -1.0212535858
7.0989751816 0.4649399519 -0.4229385853 -1.0834388733
7.2132797241 0.5229420662 -0.5281226635 -1.1584138870
7.3684072495 0.5820285082 -0.6455609798 -1.2435326576
7.5629968643 0.6411148310 -0.7691268921 -1.3361492157
7.7943277359 0.6996589899 -0.8926925659 -1.4327349663
8.0569562912 0.7571191788 -1.0091099739 -1.5302023888
8.3454399109 0.8145792484 -1.1129324436 -1.6259059906
8.6556949615 0.8742076159 -1.1990540028 -1.7194046974
8.9836406708 0.9387147427 -1.2637302876 -1.8102564812
9.3279151917 1.0135213137 -1.3062804937 -1.9011087418
9.6912403107 1.1045901775 -1.3284065723 -1.9954893589
10.0776996613 1.2200524807 -1.3338530064 -2.0991315842
10.4995374680 1.3674973249 -1.3297681808 -2.2199738026
10.9703636169 1.5561399460 -1.3253430128 -2.3668367863
11.5078678131 1.7957377434 -1.3318105936 -2.5498645306
12.1338224411 2.0944218636 -1.3610851765 -2.7787592411
12.8686370850 2.4581551552 -1.4267826080 -3.0632236004
13.7368087769 2.8934426308 -1.5408171415 -3.4116375446
14.7587461472 3.4013681412 -1.7134007215 -3.8301751614
15.9507808685 3.9808478355 -1.9533838034 -4.3223648071
17.3251571655 4.6270031929 -2.2651915550 -4.8882069588
18.8859596252 5.3300762177 -2.6498453617 -5.5232901573
20.6277446747 6.0770578384 -3.1032602787 -6.2192358971
22.5369052887 6.8511428833 -3.6176071167 -6.9650182724
24.5903053284 7.6311907768 -4.1796097755 -7.7434368134
26.7539291382 8.3955192566 -4.7729301453 -8.5359678268
28.9828701019 9.1197328568 -5.3768024445 -9.3192377090
31.2281398773 9.7778139114 -5.9691009521 -10.0707530975
33.4312248230 10.3464527130 -6.5263381004 -10.7658176422
35.5322532654 10.8028802872 -7.0253667831 -11.3806133270
37.4713516235 11.1275844574 -7.4437203407 -11.8939723969
39.1900024414 11.3059272766 -7.7626767159 -12.2869300842
40.6337776184 11.3276109695 -7.9672579765 -12.5449333191
41.7577743530 11.1877546310 -8.0469112396 -12.6582775116
42.5266113281 10.8869018555 -7.9968729019 -12.6225547791
42.9185104370 10.4326419830 -7.8178215027 -12.4390859604
42.9239540100 9.8369007111 -7.5165662766 -12.1149291992
42.5470199585 9.1170225143 -7.1039996147 -11.6615495682
41.8040390015 8.2936086655 -6.5971417427 -11.0965900421
40.7290344238 7.3915929794 -6.0153951645 -10.4398956299
39.3614578247 6.4369964600 -5.3808870316 -9.7144012451
37.7543907166 5.4558382034 -4.7171039581 -8.9448032379
35.9636154175 4.4741373062 -4.0471935272 -8.1557998657
34.0503768921 3.5157463551 -3.3922610283 -7.3712072372
32.0758972168 2.6012632847 -2.7720494270 -6.6121940613
30.1000614166 1.7496612072 -2.2018768787 -5.8981661797
28.1759338379 0.9723235369 -1.6933170557 -5.2419128418
26.3484191895 0.2790076733 -1.2541990280 -4.6549019814
24.6556224823 -0.3259496689 -0.8869057894 -4.1424245834
23.1261177063 -0.8414642811 -0.5910968781 -3.7071278095
21.7735137939 -1.2707889080 -0.3616662025 -3.3454830647
20.6059722900 -1.6204280853 -0.1911249161 -3.0521979332
19.6194152832 -1.8979716301 -0.0702824593 -2.8193340302
18.7988700867 -2.1137180328 0.0117542744 -2.6358654499
18.1280117035 -2.2763409615 0.0651972294 -2.4916484356
17.5837039948 -2.3972239494 0.1002585888 -2.3752164841
17.1360111237 -2.4844980240 0.1257889271 -2.2764256001
16.7617988586 -2.5462946892 0.1479148865 -2.1864554882
16.4324932098 -2.5885767937 0.1717429161 -2.0986905098
16.1249580383 -2.6156806946 0.1996560097 -2.0087203979
15.8215074539 -2.6303167343 0.2319941521 -1.9134578705
15.5071697235 -2.6341114044 0.2667150497 -1.8137850761
15.1724205017 -2.6270642281 0.3017764091 -1.7114658356
14.8145380020 -2.6086335182 0.3324124813 -1.6095881462
14.4335231781 -2.5777354240 0.3555598259 -1.5130023956
14.0361776352 -2.5332851410 0.3671336174 -1.4261193275
13.6279468536 -2.4752826691 0.3644104004 -1.3537902832
13.2210769653 -2.4031867981 0.3456881046 -1.2999849319
12.8250932693 -2.3180809021 0.3109672070 -1.2677893639
12.4495201111 -2.2221331596 0.2612686157 -1.2585277557
12.1038846970 -2.1180543900 0.1993155479 -1.2721996307
11.7936296463 -2.0096392632 0.1291928291 -1.3070411682
11.5228366852 -1.9001398087 0.0553257465 -1.3604059219
11.2915058136 -1.7938928604 -0.0171797276 -1.4274425507
11.0982761383 -1.6946926117 -0.0825369358 -1.5037407875
10.9390659332 -1.6057920456 -0.1370012760 -1.5826849937
10.8043498993 -1.5299015045 -0.1758069992 -1.6589832306
10.6873235703 -1.4681048393 -0.1969118118 -1.7269020081
10.5784626007 -1.4214861393 -0.1989543438 -1.7824716568
10.4682397842 -1.3889615536 -0.1819341183 -1.8212823868
10.3498535156 -1.3683626652 -0.1482343674 -1.8415699005
10.2178583145 -1.3575212955 -0.0998973846 -1.8420109749
10.0640916824 -1.3526425362 -0.0413484573 -1.8230466843
9.8885526657 -1.3504741192 0.0226471424 -1.7860002518
9.6912403107 -1.3466796875 0.0873234272 -1.7339582443
9.4735174179 -1.3385484219 0.1482553482 -1.6700091362
9.2394657135 -1.3228282928 0.2006771564 -1.5976800919
8.9945268631 -1.2973506451 0.2418656349 -1.5213818550
8.7441453934 -1.2610316277 0.2690978050 -1.4450836182
8.4964847565 -1.2144129276 0.2813522816 -1.3718724251
8.2569894791 -1.1574950218 0.2789695263 -1.3048362732
8.0311021805 -1.0929877758 0.2633111477 -1.2461791039
7.8229045868 -1.0236020088 0.2360789776 -1.1963424683
7.6351184845 -0.9515058994 0.2006771564 -1.1570911407
7.4704647064 -0.8810360432 0.1605098248 -1.1266598701
7.3262233734 -0.8149025440 0.1189808846 -1.1054902077
7.2023935318 -0.7558162212 0.0788133144 -1.0913772583
7.0935316086 -0.7059452534 0.0434117317 -1.0829977989
6.9982776642 -0.6674578190 0.0148179531 -1.0790286064
6.9084672928 -0.6408960819 -0.0059466362 -1.0777053833
6.8200168610 -0.6251759529 -0.0182011127 -1.0781464577
6.7302064896 -0.6192131042 -0.0226261616 -1.0794696808
6.6335916519 -0.6219234467 -0.0199029446 -1.0812335014
6.5274515152 -0.6300544739 -0.0120737553 -1.0825567245
6.4104251862 -0.6414382458 -0.0008406639 -1.0843210220
6.2811527252 -0.6533639431 0.0120947361 -1.0865259171
6.1409931183 -0.6625790596 0.0243492126 -1.0896134377
5.9940299988 -0.6669156551 0.0349016190 -1.0935826302
5.8389024734 -0.6652896404 0.0423903465 -1.0984339714
5.6837749481 -0.6566162109 0.0468156338 -1.1037263870
5.5286464691 -0.6398119926 0.0481772423 -1.1094594002
5.3803234100 -0.6159605980 0.0471560955 -1.1143107414
5.2388038635 -0.5861463547 0.0454540253 -1.1169571877
5.1095294952 -0.5514533520 0.0447733402 -1.1160750389
4.9938640594 -0.5135080814 0.0464751720 -1.1103415489
4.8931674957 -0.4755628109 0.0522620678 -1.0979928970
4.8047180176 -0.4381594658 0.0641760826 -1.0781464577
4.7312355042 -0.4029245377 0.0828981400 -1.0490384102
4.6672801971 -0.3725681305 0.1087687016 -1.0115509033
4.6142101288 -0.3465485573 0.1421279907 -0.9652428627
4.5652217865 -0.3254075050 0.1819550991 -0.9109959602
4.5203170776 -0.3096873760 0.2268881798 -0.8505749702
4.4767723083 -0.2977616787 0.2748847008 -0.7866253853
4.4305057526 -0.2896304131 0.3245832920 -0.7209119797
4.3815174103 -0.2842097282 0.3729202747 -0.6574034691
4.3270874023 -0.2793309689 0.4178533554 -0.5987467766
4.2685737610 -0.2755365372 0.4573400021 -0.5484690666
4.2073402405 -0.2706577778 0.4896781445 -0.5087766647
4.1433830261 -0.2652370930 0.5128252506 -0.4818735123
4.0794277191 -0.2592742443 0.5271222591 -0.4699659348
4.0195541382 -0.2533113956 0.5315475464 -0.4730529785
3.9637622833 -0.2478907108 0.5267817974 -0.4915761948
3.9174957275 -0.2440960407 0.5135061741 -0.5237712860
3.8821163177 -0.2435541153 0.4930820465 -0.5683155060
3.8589820862 -0.2468063831 0.4672114849 -0.6216802597
3.8508186340 -0.2554798126 0.4372563362 -0.6816601753
3.8576221466 -0.2706577778 0.4045777321 -0.7438454628
3.8793945312 -0.2912566662 0.3712182045 -0.8051486015
3.9147739410 -0.3183605671 0.3381993771 -0.8624825478
3.9610404968 -0.3498010635 0.3062016964 -0.9123191833
4.0168323517 -0.3850359917 0.2762463093 -0.9528937340
4.0780658722 -0.4208130836 0.2479929924 -0.9820017815
4.1433830261 -0.4560480118 0.2224628925 -0.9996433258
4.2073402405 -0.4869463444 0.1986346245 -1.0053763390
4.2672138214 -0.5113399029 0.1761682034 -1.0014071465
4.3216438293 -0.5265178680 0.1557440758 -0.9886174202
4.3679103851 -0.5303125381 0.1360008717 -0.9696531296
4.4032897949 -0.5221812725 0.1176192760 -0.9476013184
4.4277839661 -0.5010404587 0.1002585888 -0.9251089096
4.4413928986 -0.4674315453 0.0842597485 -0.9057035446
4.4454746246 -0.4218971729 0.0703034401 -0.8911495209
4.4400310516 -0.3676896095 0.0590701103 -0.8836522102
4.4277839661 -0.3064348698 0.0505599976 -0.8849754333
4.4087333679 -0.2419278622 0.0461349487 -0.8951187134
4.3883228302 -0.1785049438 0.0464751720 -0.9140830040
4.3651885986 -0.1188764572 0.0512409210 -0.9409861565
4.3434162140 -0.0668370724 0.0614528656 -0.9736223221
4.3243656158 -0.0261814594 0.0764305592 -1.0097866058
4.3093967438 0.0014646053 0.0965142250 -1.0472745895
4.2985115051 0.0144743919 0.1203424931 -1.0829977989
4.2930679321 0.0117640495 0.1475744247 -1.1147518158
4.2930679321 -0.0055825710 0.1768491268 -1.1394495964
4.2985115051 -0.0364809036 0.2071447372 -1.1557679176
4.3093967438 -0.0782206059 0.2377808094 -1.1628241539
4.3257274628 -0.1280918121 0.2673957348 -1.1601781845
4.3474998474 -0.1822993755 0.2956492901 -1.1478290558
4.3733539581 -0.2375912666 0.3215196133 -1.1275420189
4.4060115814 -0.2896304131 0.3446669579 -1.1010799408
4.4454746246 -0.3351650238 0.3657720089 -1.0706491470
4.4903793335 -0.3709421158 0.3848342896 -1.0393357277
4.5448112488 -0.3953354359 0.4021949768 -1.0097866058
4.6087665558 -0.4072611332 0.4185340405 -0.9850893021
4.6822490692 -0.4050927162 0.4341926575 -0.9678888321
4.7666168213 -0.3899147511 0.4501914978 -0.9599504471
4.8618698120 -0.3622686863 0.4661903381 -0.9625964165
4.9693698883 -0.3248655796 0.4825296402 -0.9771504402
5.0863971710 -0.2787890434 0.4988689423 -1.0031714439
5.2129478455 -0.2272918224 0.5145273209 -1.0393357277
5.3463039398 -0.1725420952 0.5281434059 -1.0847620964
5.4851016998 -0.1172502041 0.5393767357 -1.1368036270
5.6239013672 -0.0635845661 0.5465250015 -1.1932554245
5.7613382339 -0.0126295090 0.5482270718 -1.2505893707
5.8933334351 0.0334470272 0.5434615612 -1.3066000938
6.0158023834 0.0741028786 0.5315475464 -1.3582005501
6.1260242462 0.1087956429 0.5121445656 -1.4031858444
6.2226390839 0.1380677223 0.4852528572 -1.4393501282
6.3029251099 0.1619191170 0.4515531063 -1.4658122063
6.3655204773 0.1803498268 0.4120664597 -1.4816889763
6.4104251862 0.1944437027 0.3691759109 -1.4869813919
6.4417228699 0.2036590576 0.3245832920 -1.4821300507
6.4580526352 0.2085378170 0.2810118198 -1.4688992500
6.4648561478 0.2090797424 0.2411849499 -1.4477300644
6.4648561478 0.2047431469 0.2074851990 -1.4217090607
6.4621343613 0.1949858665 0.1826357841 -1.3917188644
6.4594135284 0.1787235737 0.1676580906 -1.3604059219
6.4634952545 0.1559562683 0.1645946503 -1.3286519051
6.4743814468 0.1261420250 0.1737854481 -1.2982206345
6.4947929382 0.0887389183 0.1945500374 -1.2704358101
6.5288124084 0.0437464714 0.2258667946 -1.2448558807
6.5737180710 -0.0077507496 0.2660341263 -1.2228045464
6.6308698654 -0.0646688938 0.3126692772 -1.2033991814
6.6989088058 -0.1259233952 0.3623678684 -1.1866397858
6.7737512589 -0.1882622242 0.4127473831 -1.1716446877
6.8526754379 -0.2495169640 0.4604034424 -1.1588549614
6.9316005707 -0.3069770336 0.5026133060 -1.1469473839
7.0091638565 -0.3579320908 0.5369939804 -1.1363625526
7.0812845230 -0.3991298676 0.5618431568 -1.1271009445
7.1438798904 -0.4289441109 0.5768208504 -1.1196031570
7.1983108521 -0.4457485676 0.5812461376 -1.1147518158
7.2418556213 -0.4484589100 0.5761401653 -1.1134290695
7.2758750916 -0.4370753765 0.5632047653 -1.1165161133
7.3003683090 -0.4126818180 0.5441422462 -1.1257777214
7.3207807541 -0.3774468899 0.5220162868 -1.1420960426
7.3371095657 -0.3340806961 0.4985284805 -1.1672344208
7.3561601639 -0.2852938175 0.4770832062 -1.2007527351
7.3806543350 -0.2343387604 0.4590418339 -1.2439737320
7.4146738052 -0.1855518818 0.4467873573 -1.2955741882
7.4623003006 -0.1421856880 0.4406602383 -1.3546724319
7.5276174545 -0.1058666706 0.4406602383 -1.4203858376
7.6106243134 -0.0793049335 0.4467873573 -1.4905099869
7.7154035568 -0.0635845661 0.4569995403 -1.5623974800
7.8405942917 -0.0576217175 0.4692540169 -1.6334037781
7.9861965179 -0.0608742237 0.4808275700 -1.7008810043
8.1494884491 -0.0711736679 0.4893376827 -1.7626252174
8.3304710388 -0.0852677822 0.4913799763 -1.8164310455
8.5250616074 -0.0993616581 0.4852528572 -1.8609752655
8.7305374146 -0.1107451916 0.4682328701 -1.8953757286
8.9455394745 -0.1150817871 0.4392986298 -1.9196324348
9.1659841537 -0.1096611023 0.3984503746 -1.9350683689
9.3905105591 -0.0923147202 0.3463690281 -1.9434478283
9.6204805374 -0.0630426407 0.2840754986 -1.9465351105
9.8518114090 -0.0213027000 0.2142932415 -1.9482991695
10.0885858536 0.0301945210 0.1404261589 -1.9513864517
10.3294420242 0.0881967545 0.0655376911 -1.9593248367
10.5771017075 0.1478252411 -0.0062870979 -1.9747610092
10.8315658569 0.2047431469 -0.0713036060 -1.9998996258
11.0969152451 0.2524459362 -0.1264486313 -2.0365052223
11.3704299927 0.2849705219 -0.1693394184 -2.0854594707
11.6561918259 0.2963540554 -0.1979329586 -2.1458806992
11.9542007446 0.2828023434 -0.2118895054 -2.2160046101
12.2630949020 0.2405202389 -0.2115490437 -2.2936258316
12.5815153122 0.1678819656 -0.1982734203 -2.3747754097
12.9094610214 0.0648875237 -0.1751260757 -2.4554839134
13.2455711365 -0.0657529831 -0.1451709270 -2.5313410759
13.5884847641 -0.2202446461 -0.1124923229 -2.5983777046
13.9382019043 -0.3926250935 -0.0811753273 -2.6530654430
14.2920026779 -0.5769309998 -0.0549643040 -2.6918761730
14.6526069641 -0.7650315762 -0.0379443169 -2.7130455971
15.0213747025 -0.9498796463 -0.0328383446 -2.7170147896
15.4023904800 -1.1228020191 -0.0420291424 -2.7037839890
15.7983741760 -1.2783780098 -0.0661976337 -2.6773221493
16.2147693634 -1.4122710228 -0.1050033569 -2.6402757168
16.6570205688 -1.5206861496 -0.1570849419 -2.5988187790
17.1305675507 -1.6036238670 -0.2197186947 -2.5586850643
17.6408557892 -1.6627101898 -0.2898414135 -2.5260488987
18.1933288574 -1.7022819519 -0.3630278111 -2.5070846081
18.7879848480 -1.7277593613 -0.4351928234 -2.5070846081
19.4289073944 -1.7467322350 -0.5008904934 -2.5313410759
20.1106529236 -1.7684149742 -0.5567162037 -2.5816185474
20.8318614960 -1.8009395599 -0.5982453823 -2.6601219177
21.5830059052 -1.8540630341 -0.6230945587 -2.7655282021
22.3545608521 -1.9348325729 -0.6295621395 -2.8951911926
23.1370048523 -2.0492105484 -0.6162865162 -3.0438182354
23.9140033722 -2.2020764351 -0.5846292973 -3.2056763172
24.6719512939 -2.3945136070 -0.5352709293 -3.3728268147
25.3958816528 -2.6254382133 -0.4716157913 -3.5368900299
26.0721836090 -2.8915977478 -0.3963871002 -3.6894865036
26.6872520447 -3.1870293617 -0.3133292198 -3.8231186867
27.2329196930 -3.5030598640 -0.2265267372 -3.9311711788
27.7037467957 -3.8310160637 -0.1400647163 -4.0083513260
28.0942878723 -4.1605987549 -0.0566663742 -4.0515723228
28.4099864960 -4.4804239273 0.0202643871 -4.0608339310
28.6562843323 -4.7812762260 0.0890254974 -4.0387825966
28.8440704346 -5.0539407730 0.1489360332 -3.9889459610
28.9855918884 -5.2919120789 0.1999962330 -3.9188222885
29.0985355377 -5.4897704124 0.2432272434 -3.8367908001
29.2005920410 -5.6453456879 0.2803311348 -3.7529950142
29.3121757507 -5.7580976486 0.3140308857 -3.6775786877
29.4509735107 -5.8312788010 0.3470497131 -3.6206858158
29.6333179474 -5.8675975800 0.3827919960 -3.5915777683
29.8741741180 -5.8746442795 0.4239804745 -3.5986344814
30.1844291687 -5.8583822250 0.4733388424 -3.6471476555
30.5708885193 -5.8258571625 0.5325686932 -3.7406461239
31.0362701416 -5.7857437134 0.6033720970 -3.8786885738
31.5778579712 -5.7429199219 0.6854088306 -4.0595111847
32.1902046204 -5.7044324875 0.7783386707 -4.2773799896
32.8637847900 -5.6729917526 0.8801186085 -4.5252389908
33.5849914551 -5.6513090134 0.9883663654 -4.7933855057
34.3402175903 -5.6393833160 1.1000180244 -5.0712342262
35.1144981384 -5.6366729736 1.2116696835 -5.3477602005
35.8914947510 -5.6404676437 1.3192367554 -5.6119375229
36.6562500000 -5.6464300156 1.4189743996 -5.8531808853
37.3965072632 -5.6507673264 1.5078191757 -6.0635523796
38.1027450562 -5.6485986710 1.5823669434 -6.2364363670
38.7640838623 -5.6372146606 1.6409158707 -6.3683042526
39.3791503906 -5.6117372513 1.6824450493 -6.4573926926
39.9425048828 -5.5716238022 1.7059326172 -6.5050239563
40.4555168152 -5.5152478218 1.7127408981 -6.5142850876
40.9208984375 -5.4442358017 1.7042307854 -6.4904699326
41.3413772583 -5.3596720695 1.6827855110 -6.4410743713
41.7223968506 -5.2653503418 1.6511282921 -6.3735966682
42.0639495850 -5.1666927338 1.6126627922 -6.2964162827
42.3742027283 -5.0669503212 1.5707931519 -6.2165899277
42.6518020630 -4.9731712341 1.5285835266 -6.1416149139
42.8994598389 -4.8891496658 1.4894375801 -6.0763421059
43.1158218384 -4.8192214966 1.4557375908 -6.0243005753
43.2995262146 -4.7677245140 1.4288458824 -5.9876952171
43.4464874268 -4.7357416153 1.4101238251 -5.9656438828
43.5539894104 -4.7249002457 1.3999118805 -5.9568233490
43.6165847778 -4.7346577644 1.3978695869 -5.9568233490
