43.6111412048 -4.8956542015 1.8580923080 -5.4999155998
44.0180130005 -4.7758555412 1.2766864300 -5.0769677162
43.5172500610 -4.5823340416 0.9478585720 -6.7837548256
43.5240554810 -4.2560043335 0.7939970493 -6.4437203407
42.8681640625 -5.0739974976 1.5895156860 -5.8615603447
42.9089851379 -5.3645505905 2.5603408813 -5.6326656342
43.0083236694 -5.5163321495 1.8843030930 -6.4670953751
42.3061637878 -5.3472042084 1.8553690910 -5.8827300072
42.1387901306 -5.4632086754 1.3202576637 -6.3550734520
40.5752639771 -5.7759866714 0.6469435692 -4.9115815163
40.7793807983 -4.7530884743 1.9809770584 -4.6615171432
40.7644119263 -4.7400784492 1.7780981064 -4.7263488770
39.8077926636 -5.1536827087 -0.0668785572 -4.5737524033
39.4744033813 -4.5845026970 1.9847216606 -4.3475036621
40.0132675171 -5.8253154755 1.5279026031 -4.5133309364
38.4293327332 -5.2469201088 0.1594886780 -5.1259222031
37.4386901855 -5.8903646469 0.9090528488 -4.9874386787
37.4917602539 -5.6204109192 0.8637793064 -4.2081384659
37.5679626465 -5.8025484085 1.1235058308 -3.5827572346
37.7040405273 -3.9275059700 0.4913799763 -3.9091196060
36.7637481689 -4.3373155594 0.8967983723 -4.2588567734
37.2713165283 -5.5065746307 1.2770268917 -3.5915777683
36.1173858643 -4.5920915604 1.7566528320 -5.3579039574
35.6846618652 -4.0435099602 1.1211228371 -3.8958888054
35.0056381226 -5.5049481392 0.4872951508 -3.0936546326
34.9484825134 -4.3790555000 1.3546385765 -4.1909379959
32.9359054565 -2.9859189987 0.5352919102 -4.4167451859
33.0502090454 -3.9388895035 1.0550849438 -4.0886192322
32.5154266357 -3.8684196472 1.3287677765 -3.8681037426
32.1765975952 -3.0390424728 0.1247675419 -3.2118508816
31.8663406372 -3.1908240318 0.7548508644 -3.9593970776
31.7030487061 -2.3348851204 0.4838912487 -3.9690997601
31.0457954407 -2.0676412582 -0.0379443169 -2.8484418392
30.6960792542 -1.6632523537 -0.2946071625 -2.6812913418
30.3667716980 -1.7315540314 -0.3895790577 -3.8619294167
30.2443046570 -1.1390643120 0.0890254974 -4.4290943146
31.1451339722 -0.5639212132 -0.4181728363 -3.5624699593
30.4035129547 -1.2946403027 0.4243209362 -3.7768106461
31.8051071167 -0.5677156448 -0.2680556774 -3.5448286533
30.8103828430 -0.4370753765 0.3300297260 -3.3723857403
31.0907020569 -0.9683103561 0.9624958038 -3.8107700348
32.4433059692 0.1342732906 -0.3831114769 -3.8394367695
31.3111457825 0.0280263424 -0.1598081589 -3.1064445972
31.1288032532 0.0719344616 -0.6264986992 -4.6469631195
31.4404201508 0.7533246279 -0.3837924004 -4.2116665840
30.9695930481 0.5045114756 -0.7190878391 -4.1944661140
29.5652790070 0.4150688648 -1.1701198816 -3.0464644432
29.7625923157 0.1342732906 -0.2500145435 -3.5179257393
29.1175861359 0.1326470375 -0.0117335320 -3.4103145599
30.0442695618 0.3164110184 -1.0520005226 -4.5490546227
29.1475219727 0.1608350277 -0.5754382610 -4.2315130234
28.5365371704 0.3261682987 -0.3688147068 -4.6072707176
29.3067321777 1.0189421177 -0.1921463013 -5.0147824287
27.8792858124 0.7153792381 -1.1044223309 -4.1979942322
27.4084587097 1.0303256512 -0.7895509005 -3.0914494991
26.7634544373 0.6411148310 -0.4385969639 -4.3064880371
27.0669059753 1.2487825155 -0.2241439819 -5.1347427368
25.8639869690 1.1116371155 0.4842317104 -4.5464086533
25.8367710114 1.3534033298 -0.4763815403 -3.6802248955
25.0434417725 0.8687869310 0.1057050228 -4.1591839790
24.9944553375 0.9620240927 -0.5032732487 -4.8176422119
24.9862899780 0.9392569065 -0.2986919880 -3.7715182304
23.6663436890 1.1138055325 0.3763244152 -3.6784608364
23.0580787659 1.3571977615 0.1203424931 -3.8288521767
22.9288063049 0.1857705116 -0.2255055904 -4.2504768372
23.2104854584 1.1999956369 -0.5359518528 -3.6908097267
22.9070339203 -0.1486907005 -0.1550424099 -4.2099022865
21.1080970764 1.3512350321 0.0212855339 -3.9602792263
20.1814136505 0.9354623556 -1.6303427219 -2.7893438339
20.4399585724 0.8839650154 0.3620274067 -3.4954333305
20.8658790588 0.5673923492 -0.1577656269 -3.3441598415
19.9269485474 0.6335257292 -0.4168112278 -3.3560676575
19.6384658813 0.9685289860 0.0502197742 -2.3020055294
18.2001323700 0.7343519926 -1.0918275118 -3.0804238319
19.0887145996 1.3458142281 0.1496169567 -2.4259350300
17.9116497040 0.0887389183 0.3351356983 -2.3756575584
17.3455696106 1.0590558052 -0.4985077381 -2.9564943314
17.9647197723 1.3750863075 -0.4399585724 -2.7465639114
17.7823753357 1.1962010860 -0.3677933216 -1.9813764095
16.4392967224 1.7740546465 -0.0648360252 -3.3825294971
16.5985069275 1.2151737213 -0.3041384220 -2.6049931049
15.5656833649 0.8611978292 -0.5795230865 -2.5419259071
14.7152023315 1.4959694147 -0.3606450558 -1.9469761848
14.8295059204 1.4401354790 -1.4652479887 -1.9716737270
14.4797887802 1.0872436762 -1.4451643229 -1.4089193344
14.4185543060 0.6400306225 -0.5907564163 -1.9557967186
13.7136754990 0.2594928741 -1.0244280100 -2.2737793922
12.3569879532 0.8460197449 -0.5386750698 -1.1950197220
12.5134763718 -0.0782206059 -0.7030889988 -2.2217378616
13.3027229309 0.2898492813 -0.9189035892 -2.2393791676
11.4466333389 -0.0494906902 0.0226471424 -1.7467484474
10.7322292328 0.1022908688 -0.7626591921 -2.4731252193
11.6779642105 0.6904437542 0.7099177837 -1.4221501350
10.3185558319 0.0963280201 0.3136904240 -1.8129029274
9.3891496658 0.2161269188 0.1839973927 -2.2676050663
9.6055126190 -0.0896043777 -0.9158399105 -0.8814468384
8.7250947952 -0.4918251038 -0.8235911131 -2.4215245247
8.3454399109 0.1646294594 -0.1839766502 -1.0066995621
8.6869926453 -0.0402753353 0.0655376911 -1.7551279068
8.6026248932 -1.1450271606 0.4917204380 -0.6913628578
6.8145742416 -0.1448960304 -0.3296685219 -1.5747466087
7.5779657364 -0.1828415394 -0.9423912764 -1.4049501419
6.8567581177 -1.8242492676 -0.4951035976 -1.3480567932
6.1927022934 -1.1428589821 -0.7367887497 -0.5511155128
6.3097286224 -1.4447956085 -0.1247467995 -2.1352961063
6.8567581177 -0.4538795948 0.5948622227 -0.8166155815
5.8320980072 -0.9645156860 -0.5914373398 -1.7454252243
6.4390020370 0.1228897572 -0.1124923229 -0.8324928284
5.3082027435 -0.1600742340 -0.1550424099 -1.0406589508
5.6034889221 -0.9401223660 -0.1669564247 -0.3358926773
4.9094963074 -0.2549376488 -0.0556452274 -1.9928431511
4.7149066925 -1.0805201530 -0.1084074974 -0.9484834671
4.5556964874 -1.0479955673 -0.3936638832 -0.8408722878
4.8441791534 -0.9683103561 -0.1005783081 0.0707373619
5.1326637268 -0.2928829193 0.7187683582 -0.4849610329
5.3000373840 -1.3553528786 0.3674738407 -1.0807929039
5.1517143250 -0.5167605877 -0.1707010269 -1.3626108170
4.2372760773 -1.4182338715 0.2782886028 -0.6997423172
3.5541706085 -1.4485900402 -0.4739987850 -0.9193754196
4.6427860260 -1.0290229321 -0.2224419117 -0.9330477715
4.7530078888 -1.2946403027 0.2088468075 -1.0203714371
4.0848712921 -1.0273966789 0.5574178696 -0.5048069954
3.8875579834 -0.1085770130 -0.5924584866 -0.6155056953
4.6931343079 -0.5980720520 -0.0427100658 -0.8386669159
4.3896827698 -0.6419801712 -0.0532624722 -1.0133152008
4.3284473419 -1.8242492676 -0.2302711010 -0.5899257660
4.7081031799 -1.2702469826 -0.3759629726 -1.8772931099
4.0018634796 -1.2339277267 -0.2163147926 -0.5039253235
4.4046516418 -1.0084240437 -0.0410079956 -0.5449409485
4.5706653595 -1.5889878273 0.4624459743 -0.3261899948
4.2223072052 -0.8756151199 0.1846783161 -0.6613731384
4.9244651794 -1.4924981594 -0.6550922394 -1.1720857620
4.8292121887 -0.0630426407 0.2449293137 -1.4627246857
4.1012001038 -0.2413856983 0.1210231781 -1.5972390175
3.9569587708 -0.5145921707 -0.1938481331 -0.1316957474
3.7514820099 -0.7596108913 -0.5778212547 -0.2529788017
3.7092971802 -1.4545528889 0.8334836960 -1.2638201714
3.9569587708 -1.5358643532 -0.2391216755 -0.6754860878
3.2806549072 -1.0463693142 -0.3201372623 0.1051378250
3.4398651123 -1.6497006416 -0.4035356045 -0.6203570366
3.0683765411 -1.4979190826 -0.1196405888 -1.2298607826
3.2343902588 -1.3857092857 0.4910397530 -0.8752727509
3.7283496857 -0.6913092136 0.2459504604 -0.4439449310
3.3636627197 -1.6822252274 0.0063078403 -1.0291919708
2.5254287720 -0.1373069286 -0.1281507015 -1.3692264557
3.2956237793 -0.8756151199 -0.0447523594 -1.4243550301
3.5011005402 -1.5586316586 0.0617933273 -1.5681309700
1.9865646362 -1.5607998371 -0.1196405888 -0.5727257729
3.2044525146 -0.8338754177 -0.5213146210 -0.8818879128
2.3158702850 -1.6724677086 -0.0049254894 -1.1985478401
3.5392017365 -1.1564109325 0.0978758335 -0.5281815529
3.7052154541 -2.0600523949 1.0108327866 -0.2485685349
3.2343902588 -0.8203234673 0.0944719315 -0.6287364960
3.0710964203 -0.3611845970 1.0601911545 0.5501370430
3.5949935913 -0.3725681305 0.6197113991 -0.8505749702
2.7758102417 -1.1694207191 -0.0348806381 -0.0725975037
2.2138118744 -0.9455430508 -0.2432065010 0.2021641731
2.1947612762 -1.2057397366 -0.4780836105 -0.2375426292
2.4070415497 -0.7444326878 -0.7252150774 -0.3460364342
2.8057479858 -1.0897355080 0.3446669579 -0.9643607140
2.3689403534 -1.8204545975 0.5904369354 -0.7059168816
2.7417907715 -0.2511432171 -0.3953659534 -0.0461359024
2.0954246521 -1.6914401054 0.9083719254 0.5439629555
2.8669815063 -0.4181027412 -0.1557233334 -0.0986185074
2.2410278320 -0.8772413731 -0.0893449783 -0.5912489891
1.6327629089 -0.0343124866 -0.0607511997 -0.8474874496
1.6558971405 -0.8907933235 0.2071447372 -0.5780181885
2.3471679688 -0.6685419083 0.2142932415 0.5377883911
1.6028270721 -1.1222600937 0.3882384300 -0.1092028618
2.1185588837 -0.7921354771 -0.3684742451 -0.5691976547
2.6356506348 -0.7693681717 0.1931884289 -0.0007095337
2.3199520111 -0.7671999931 -0.7020677328 0.3521146774
2.3811874390 -0.4143080711 0.3861958981 -0.8122053146
2.2178955078 -0.2907147408 -0.0958125591 0.2295084000
1.5688076019 -0.4332807064 -0.1700201035 -0.1391930580
1.3905467987 -0.6739628315 -0.0961530209 0.3075704575
1.8110237122 -0.4598424435 -0.0709633827 0.1465945244
2.5934677124 0.4443410635 0.2432272434 -0.2701792717
2.1117553711 0.3982644081 -0.0978550911 -0.5378842354
1.9824810028 -0.7558162212 -0.0944509506 -0.0209970474
1.0299434662 -0.8962140083 -0.5778212547 -0.3208975792
2.0355510712 -0.4083452225 0.0005209446 -0.2988462448
2.7268218994 -0.9021768570 -0.1822745800 0.6502509117
2.8479309082 -0.5736784935 0.6626019478 -0.4430627823
2.0804576874 0.3960962296 0.1867206097 -0.6693115234
1.3674144745 -1.5889878273 -0.2289094925 -0.1131725311
1.3782997131 -0.8962140083 -0.4590210915 -0.1083211899
1.6627006531 -0.7693681717 0.0485177040 -0.5330328941
0.6611747742 -0.1790468693 0.3878979683 -0.6362342834
1.5116558075 -1.4334118366 -0.6629216671 -0.4210114479
1.9144439697 0.1060853004 0.0594105721 -0.0633358955
1.8191890717 -0.1942250729 0.2200801373 -0.2812047005
1.8532085419 -0.4614686966 0.7674458027 0.1355686188
2.1267223358 -0.4083452225 -0.5829272270 -0.3195743561
1.6899166107 -0.7823779583 -0.3044786453 -1.1368036270
1.4817180634 -0.3020982742 1.0091307163 -0.4210114479
1.8913097382 -0.6685419083 -0.0798137188 -0.1868243217
2.1117553711 -0.1600742340 0.0866427422 -0.2384247780
0.9646263123 0.0773551464 -0.1935079098 0.2665548325
1.4436168671 -1.1450271606 -0.0444118977 0.4363512993
1.5497570038 -0.2018141747 -0.6867496967 -0.1660957336
2.3009014130 -0.2907147408 0.6459224224 0.5924758911
1.6939983368 -0.4235234261 0.0696225166 0.3177142143
1.4653892517 -1.1049134731 0.3926637173 -0.5330328941
0.9836769104 -0.5357332230 -1.1919056177 -1.2695536613
1.8831462860 -0.2094032764 0.3882384300 -0.5850749016
0.7060794830 -0.3931670189 -0.7881892920 -0.9727401733
1.0789299011 -0.3687736988 0.0716650486 -0.6556396484
1.1388053894 -0.4880304337 0.1792318821 -0.2150502205
0.6230735779 -0.4349069595 -0.1666162014 -1.4468479156
2.0614070892 -0.7292544842 -0.1039822102 0.5364651680
1.1088676453 -0.4842360020 -0.1322355270 0.3516736031
1.6599788666 -0.6268022060 -0.1455111504 -0.0390791893
1.6627006531 -1.1618316174 -0.1080670357 -1.0203714371
0.9455757141 0.4286208153 0.3984503746 0.0994043350
0.2665519714 0.0871126652 -1.1803319454 0.1514458656
1.9103603363 -0.8051452637 -0.3851540089 -0.4113087654
1.2000389099 -0.2148239613 -0.3167331219 0.0954351425
1.5946617126 0.1781814098 -0.0209243298 1.3042988777
0.8884220123 -0.4560480118 0.3347954750 -0.1652140617
2.1076717377 -0.1904306412 0.7718708515 0.5646910667
1.9334945679 0.2616612911 -0.2796294689 0.1915798187
1.5184593201 -0.8111081123 1.0288741589 0.3560838699
0.5849704742 -0.6777572632 -0.1564040184 0.0200190544
1.2150077820 -0.1064085960 -0.1935079098 -0.4170422554
1.9892845154 0.3202054501 -0.4297466278 -0.4196882248
0.6530094147 -0.3324546814 0.1445109844 0.5333781242
0.5659198761 0.5619716644 -0.1141943932 0.4328231812
1.6558971405 0.3624875546 -0.0345404148 -0.1197876930
1.2000389099 -0.4614686966 -0.7881892920 -0.3173694611
1.8532085419 0.2405202389 0.6295831203 -0.1215519905
1.4055156708 0.3717026711 -0.3827710152 0.2718472481
1.7729225159 -0.0950250626 -0.1955502033 -1.0706491470
0.9877586365 -0.3969616890 -0.8988198042 -0.5824284554
1.1388053894 -0.7921354771 0.2224628925 0.1311583519
1.8681774139 0.2670819759 -0.0910470486 0.4098896980
1.1088676453 -0.4311125278 0.7677860260 0.1792306900
1.7171306610 -0.7769572735 0.2970108986 -0.0902385712
1.4966869354 0.6221420765 -0.0386252403 -0.3372159004
1.2340583801 -0.2663211823 -0.5577375889 0.6806821823
1.6708660126 -0.4576742649 -0.3701763153 0.3838686943
1.1918735504 -0.4538795948 1.1520993710 0.4306178093
1.0326652527 0.0659716129 0.4682328701 0.7441906929
0.8244667053 0.3147847652 0.2238245010 -1.0305151939
1.5796928406 -1.0160129070 0.0934505463 -1.3502621651
0.9727897644 0.4985486269 0.6711120605 0.4314999580
1.3442802429 -0.2375912666 -0.5907564163 -0.0655412674
0.8503208160 -0.5373594761 -0.9679213762 -0.2763533592
1.7089672089 0.1380677223 -0.5277822018 0.1664409637
0.9033908844 -0.0305180550 -0.3238816261 0.0222239494
1.1741847992 -1.3401746750 -0.3500926495 0.0050239563
1.3211479187 -1.3840830326 -0.0049254894 -0.1921167374
1.8191890717 -0.1486907005 0.6928977966 -0.2913484573
1.6708660126 0.7771760225 -0.2173359394 0.1285123825
0.7033576965 0.1402361393 -0.1145346165 -0.6397624016
1.9021968842 1.0129792690 -0.9546456337 -0.7747178078
1.2912101746 -0.9075977802 -0.3953659534 -0.4201292992
1.6858329773 0.5749814510 -0.2408237457 0.1518869400
1.5157375336 0.4324153662 0.2609281540 -0.3420667648
1.5075721741 0.3299629688 0.5179314613 0.8235759735
1.6327629089 -0.4842360020 0.4855933189 0.2237749100
2.2777690887 0.5635977983 0.8205482960 -0.7482557297
1.1769065857 -1.3477637768 0.6455819607 0.0469217300
1.3524456024 0.1039168835 -0.3058402538 -0.0117354393
1.9783992767 -0.6951036453 0.4011735916 -0.7486968040
1.8300762177 -0.7769572735 -0.2227823734 -0.3530926704
2.5104598999 -0.7596108913 0.0345611572 -0.0126175880
2.0505199432 -1.2133288383 0.6030318737 -0.4973096848
2.9391021729 -0.9910774231 0.2939472198 0.7574214935
2.4492263794 -0.6343910694 -0.0018618107 0.0178136826
1.8450431824 -0.4273178577 -0.2261862755 -0.1449265480
1.7770061493 -1.8318381310 1.6613402367 0.1836409569
2.7649230957 -1.6459059715 0.4440641403 -1.0027303696
1.9824810028 -0.7346754074 0.1142151356 0.0006136894
2.2777690887 -1.1694207191 0.9941532612 -0.4540886879
2.9241333008 -0.7308807373 0.4893376827 0.0310444832
2.4941310883 -0.6723365784 0.2626302242 0.3724021912
2.2559967041 -1.1314752102 -0.0590491295 0.0936708450
1.5796928406 -0.4332807064 0.5206546783 -0.4377703667
1.6327629089 -1.0463693142 0.1193211079 -0.1114082336
2.6274871826 -0.7140765190 0.3262853622 0.2400927544
2.4152069092 -0.2527692318 0.6186902523 0.1637945175
2.7104930878 -0.6094555855 -0.1397244930 -1.1478290558
2.0654888153 -0.9113922119 -0.0941104889 -0.2124042511
1.6858329773 -1.5645945072 0.4685730934 0.1712923050
2.5784988403 -0.2094032764 0.0073289871 0.5470499992
2.8928356171 -0.8111081123 0.6094994545 -0.1449265480
2.2410278320 -0.2663211823 0.2850966454 -1.3683443069
0.9646263123 -0.3552217484 -1.2099468708 0.5558705330
2.8928356171 -1.2095344067 0.9121162891 0.7000875473
2.0614070892 -0.1562798023 0.1513190269 -1.1460652351
1.4313697815 -0.9455430508 0.7282996178 -1.0322794914
1.5837764740 -0.6154184341 0.9144992828 -0.4077806473
2.9622364044 -0.0684633255 -0.1519789696 0.1263070107
1.9144439697 -0.3514273167 -0.3735802174 0.5545473099
1.6599788666 0.1098797321 -0.3449864388 -0.0708332062
2.0505199432 -0.3058927059 0.8620772362 -0.1347827911
1.4123191833 -0.8338754177 -0.9982171059 0.5329370499
2.5975494385 -0.1882622242 0.1387240887 0.3049244881
1.6939983368 -1.2474796772 -0.3980891705 -0.5846338272
1.8450431824 -0.5015823841 -0.0869622231 -0.8245539665
1.5905799866 -0.0115451813 -0.0103719234 -0.5991878510
1.9443798065 0.5299891233 -0.1264486313 0.1827588081
2.3471679688 -0.1139976978 0.6346890926 0.6379022598
0.8503208160 0.0318207741 1.2031598091 -0.0972952843
1.6790294647 -0.6533639431 0.1768491268 -0.6741628647
2.3009014130 -0.6116240025 1.0132155418 -0.3420667648
2.1416912079 0.6243103743 0.2153143883 0.8443045616
1.7089672089 -0.0668370724 -0.6544115543 -0.3627953529
2.7948608398 -0.1448960304 0.1475744247 -0.1960859299
3.0370788574 0.1895651817 -1.0050251484 -0.5356793404
1.4966869354 -0.2831256390 -0.4865934849 -0.3777904510
1.1551342010 -0.3096873760 0.1908054352 -0.3658823967
1.7702007294 -0.6988983154 0.3256044388 -0.2212247849
2.1947612762 0.1554143429 -0.1053438187 -0.8025026321
1.8069419861 0.2806339264 0.6986846924 -0.1881475449
1.3524456024 -0.2131977081 0.4883165359 -0.4020471573
2.9010009766 0.5977486372 -0.3609855175 0.1554150581
3.1745147705 -0.3362491131 -0.1145346165 -0.7786870003
1.4735546112 -0.4674315453 -0.4508514404 -0.1246390343
3.0751800537 -0.6170446873 0.2064640522 -0.5996284485
1.8790626526 -0.0115451813 -0.1267890930 -0.4682016373
2.8547344208 -0.0440697670 0.2187185287 0.3860740662
2.3240337372 0.1342732906 -0.1553828716 0.4659004211
2.1498565674 0.7733814716 0.7905929089 0.1906976700
2.0736522675 -0.3286600113 -0.0120737553 -0.4435038567
2.1947612762 -0.5828938484 -1.1194000244 -0.1025876999
2.2328624725 -1.2664523125 0.2912240028 -0.8223490715
1.9062786102 0.0795235634 -0.1822745800 -0.0805358887
3.3446121216 0.4665662050 0.0597507954 0.5876245499
2.4601116180 0.3771235943 0.4062795639 0.1854052544
2.1117553711 0.0204372406 0.3688354492 -0.2353377342
2.5063781738 0.2898492813 -0.3844730854 0.6348152161
2.4070415497 -0.1215867996 0.6837069988 -0.5564079285
1.6286811829 -0.0077507496 -0.0056061745 -0.5687565804
2.9989757538 0.5598033667 0.2405040264 -0.3791136742
2.7948608398 0.1873967648 -0.9451144934 0.3022780418
4.0658187866 -0.0608742237 0.6101801395 -0.7782459259
2.3920726776 -0.3666052818 0.5683107376 0.2841959000
1.9253292084 -0.4750206470 -0.4188537598 -0.6146235466
2.6084346771 -0.6875147820 -0.0478160381 -0.9850893021
2.2410278320 -0.1790468693 0.4685730934 -0.8589544296
2.3730220795 0.4931279421 0.3327529430 0.2109847069
2.8179931641 0.3717026711 0.1761682034 -0.8219079971
2.6274871826 0.2085378170 0.3239026070 0.1232199669
1.9144439697 -0.3324546814 0.0100522041 0.1977539062
0.9646263123 -0.4994142056 0.0141370296 0.9567670822
1.6627006531 0.0643453598 0.2517373562 0.0941119194
2.4002380371 -0.8642315865 0.4382774830 0.7618317604
1.0748481750 -0.5395278931 -0.2711193562 -0.3363337517
0.7904472351 -0.2034404278 0.2803311348 0.6233482361
1.4817180634 0.4324153662 -0.5328881741 -0.1929988861
2.2940979004 0.0545880795 -0.1666162014 1.0617322922
1.7348213196 -0.2283759117 0.2609281540 -1.2951335907
1.8151073456 -0.1503169537 1.0574679375 0.5254392624
1.6218776703 -0.2473485470 -0.5628435612 -0.4562940598
2.4601116180 0.0242316723 0.3722395897 0.8213706017
2.1185588837 0.0811498165 0.7340862751 0.1955490112
1.6096305847 0.1949858665 1.1343986988 0.0129623413
1.5184593201 -0.0933988094 -0.1332566738 0.3578481674
1.9212474823 -0.3703999519 1.0057268143 0.0557422638
1.5565605164 -0.7330491543 -1.1057839394 0.3825454712
1.6477317810 -0.0402753353 0.9124567509 0.2383289337
2.0355510712 -0.0874359608 0.1414473057 0.7984371185
1.6558971405 0.2746710777 -0.2261862755 -0.3517694473
1.7389030457 -1.1791779995 0.7882101536 0.1011686325
0.8666496277 0.3391780853 -0.2067835331 -0.1466903687
1.3211479187 -1.0843145847 -1.0400865078 -0.9656839371
0.9755115509 0.0415782928 0.7354478836 0.3199195862
0.9727897644 0.4931279421 0.0835790634 -0.4774632454
0.9115562439 -1.0973243713 -0.2357175350 -0.4823145866
1.2952938080 0.2275104523 0.2987127304 0.9289822578
1.8763408661 -0.2907147408 0.2115700245 -0.0333456993
1.1319999695 0.6362360716 0.0240087509 -0.7019476891
0.6530094147 0.2237157822 0.1325967312 0.0301623344
0.9496574402 0.8102426529 1.1221442223 0.3578481674
1.3442802429 -0.4956195354 -0.5934796333 -0.5890440941
1.1319999695 -0.8013508320 -0.2554609776 -0.6710753441
1.4055156708 -0.0532851219 -0.9546456337 -1.0657978058
0.5019645691 0.3429727554 0.4971668720 0.5201473236
0.4298439026 0.0909070969 -0.1203215122 -1.0071406364
1.8069419861 0.1115059853 0.4267036915 -1.2104554176
1.0408287048 -0.3210709095 -0.6319451332 -0.0902385712
1.4585857391 -0.8642315865 0.7282996178 -0.5299458504
1.5688076019 0.1705923080 0.2653534412 -0.4973096848
1.3374767303 1.0688130856 0.4175128937 -0.4382114410
0.3073749542 0.5424568653 -0.0610916615 0.3948945999
1.1891536713 -0.6799256802 -0.5015711784 0.4023919106
1.1918735504 -0.1654949188 -0.2067835331 -0.5616998672
1.2762413025 0.0226054192 -0.4048972130 -0.3341283798
0.6502876282 -0.6495692730 -0.8075922728 -0.4615859985
1.3374767303 0.2367258072 0.0679204464 0.5316138268
0.3536396027 -0.2549376488 1.0748283863 -0.5449409485
-0.3104152679 -0.5319387913 -0.8331223726 0.5999736786
1.7171306610 -0.4614686966 -0.6380722523 -0.3817596436
0.7441806793 1.0471301079 0.4471278191 0.1686458588
0.4175968170 0.3088219166 -0.3061807156 0.0107569695
0.9033908844 -0.3210709095 0.0965142250 -0.6110954285
1.3333950043 0.4210317135 0.2057831287 0.3918075562
0.3114566803 0.7571191788 -0.7098970413 0.6030607224
0.5931358337 -0.0343124866 0.1492764950 -0.6477007866
0.9414920807 0.7142951488 0.0737073421 -0.3861699104
0.5319004059 -0.3666052818 0.5482270718 -1.1597371101
0.4869956970 -0.8696522713 -0.8858845234 -0.3389797211
0.8584861755 0.1153006554 -0.2047410011 -0.1885886192
1.3674144745 -0.3384175301 -0.2122299671 -0.0567202568
-0.0750026703 0.0659716129 -0.0052657127 0.0270752907
1.0326652527 0.2275104523 0.0202643871 -0.6843066216
0.9074745178 -0.6230075359 0.5264413357 0.5205883980
0.4107933044 0.4877071381 0.0464751720 0.6943540573
0.8094978333 -0.2625267506 -0.3664317131 -0.3204565048
1.3524456024 -0.2148239613 -0.7163646221 0.3212423325
1.1088676453 0.1478252411 -0.6533904076 0.3975405693
0.5999393463 -0.2300021648 -0.2316327095 0.5444040298
0.9578227997 -0.9173550606 0.0968546867 -0.3138408661
0.8884220123 0.1418623924 -0.4402990341 0.0989632607
0.6081047058 -0.1692895889 -0.0260303020 -0.2957587242
0.6720600128 0.2692503929 -0.9246903658 -0.2379837036
1.6980800629 0.1060853004 0.0243492126 -0.6997423172
1.4354515076 -1.0593791008 0.1775298119 0.4592847824
1.1891536713 -0.9607212543 -0.7262362242 0.0544190407
0.9033908844 -0.1064085960 -0.2697577477 0.1174864769
1.6096305847 -0.2148239613 0.2319941521 -0.3561801910
0.3645267487 0.3641138077 0.6152861118 -0.3239846230
1.2299766541 0.4606033564 0.8304200172 -0.4479141235
0.2583866119 -0.6967298985 0.1867206097 -0.3738212585
0.8584861755 0.1532459259 -0.7820620537 -0.2269582748
0.7142448425 -0.5487430096 0.2670555115 -0.8862981796
0.8203849792 -0.3400435448 -0.4392776489 -0.1511011124
1.2299766541 0.9051060677 -0.1764876842 -0.6058030128
1.6286811829 0.7067060471 0.6135842800 -0.1171417236
0.6230735779 -0.2300021648 0.0257108212 -0.0928850174
0.6462059021 0.4568088055 0.4968264103 0.2489137650
1.6790294647 -0.1752524376 -0.0893449783 -0.9939098358
0.2964878082 -0.8544743061 -0.8739705086 0.2211284637
-0.1444015503 -0.1026141644 0.4910397530 0.4231204987
0.4706668854 0.2139585018 -1.0989758968 -0.2745895386
0.5618381500 -0.6685419083 0.2061235905 -0.1391930580
0.4339256287 0.6904437542 -0.1179387569 -0.9004111290
0.1753787994 -0.1866359711 0.1148960590 -0.1563930511
0.3305072784 -0.2245812416 -0.3160524368 -0.8201436996
0.5169334412 -0.3096873760 1.0588295460 0.1315994263
1.0748481750 0.3451409340 -0.8280162811 -0.4060163498
0.1291141510 0.2443149090 -0.6942384243 0.5951223373
-0.0368995667 -0.6094555855 -0.1683180332 0.4835414886
0.3196220398 0.3581509590 0.1676580906 0.1523280144
0.7972507477 -0.3400435448 1.0261509418 0.5285267830
0.0161705017 0.1418623924 -0.3031170368 0.1263070107
0.9578227997 -0.4652633667 0.1043434143 -0.6807780266
1.4354515076 0.1115059853 -0.2091662884 0.4500231743
0.1100635529 -0.1026141644 0.4604034424 -0.4126319885
0.9945621490 -0.2641530037 0.1114919186 -0.4629092216
-0.4328842163 1.1842753887 0.0369439125 -0.4311552048
0.7251300812 0.3906755447 -0.2860970497 -0.3081078529
0.4175968170 -0.6002404690 -0.4127264023 0.0420703888
0.5278186798 0.4248262644 -0.9025642872 -0.0902385712
1.0176963806 0.7435672283 0.1298735142 -0.7972102165
0.7523460388 0.1440305710 0.2102084160 0.0852913857
0.2175636292 -0.1980195045 -0.2990322113 0.1324815750
1.2463054657 -0.0744261742 0.1707217693 0.1408610344
0.9877586365 0.3413465023 -0.1553828716 0.4451718330
1.0326652527 0.5728131533 -0.4937419891 -0.2282810211
-0.0110454559 -0.2928829193 0.2452697754 0.4398794174
1.4504203796 0.5766077042 0.4689135551 -0.6305007935
0.8884220123 -0.2907147408 -0.3225200176 0.0808811188
0.3536396027 -0.0532851219 0.8072726727 -0.6371164322
0.1522464752 -0.2527692318 0.9070103168 -0.1956448555
-0.1512050629 0.8904699087 -0.4215769768 -0.4598221779
-0.2382946014 -0.1980195045 -0.2466104031 0.2577342987
0.6679782867 -0.5525376797 0.0587296486 0.2542057037
0.6843070984 -0.2793309689 0.1608502865 -0.3844060898
0.2352542877 -0.3172764778 0.2289304733 -0.5722846985
1.1850700378 -0.5622949600 0.0117542744 -0.3747034073
0.4026279449 -0.3893725872 -0.1570849419 -0.0157046318
0.4747486115 0.8839650154 -0.5448021889 -0.5021610260
0.3917427063 -0.8203234673 -0.4239597321 -0.4554119110
0.9877586365 0.8102426529 -0.6601984501 0.1501226425
0.8734550476 0.3109900951 -0.6847071648 0.3344736099
1.0476322174 0.2556984425 -0.3991103172 -0.4245395660
0.6911106110 -0.3384175301 0.0781326294 -0.3297181129
0.4556980133 -0.6549899578 0.7531487942 -0.4536476135
0.2284488678 0.7229683399 0.3838131428 0.5254392624
-0.5689620972 0.8460197449 0.4947841167 -0.9043807983
0.8285484314 -0.8794097900 -0.3167331219 0.8200478554
0.5849704742 -0.4804413319 -0.1295123100 0.3754892349
1.1469688416 -0.4880304337 0.6132438183 0.3318271637
-0.0981349945 -0.2413856983 -0.0760693550 -0.7570762634
0.8435173035 -0.6246337891 0.0570275784 -0.4077806473
1.2109260559 0.7321835756 0.7116198540 -0.3786725998
0.9795951843 -0.2641530037 0.0631549358 0.0588293076
2.3771038055 1.3154579401 -0.1312143803 0.9192795753
0.2202854156 0.8216263056 0.5145273209 0.1726155281
0.8857021332 1.6244415045 -0.0593895912 0.4288539886
-0.0899696350 0.2974383831 0.0178816319 -0.0712742805
0.7224082947 0.1608350277 0.2129316330 0.4367923737
0.0270557404 -0.1638689041 -0.5703322887 0.1726155281
1.1701030731 -0.1465222836 -0.8133790493 -0.5052480698
-0.0260143280 -0.4484589100 -0.0243282318 -0.6860704422
0.4788303375 0.6736394167 -0.1468727589 -1.0852031708
0.7523460388 -0.1123714447 -0.8256335258 -0.0082073212
0.0991764069 -0.3210709095 0.4250018597 -0.7103271484
0.2175636292 -0.1828415394 0.4164917469 -0.4527654648
0.5468692780 -0.0440697670 -0.3837924004 -0.1916756630
0.3155384064 0.0909070969 0.0560064316 0.4588437080
0.2583866119 0.0394098759 -0.1087479591 0.1898155212
0.8857021332 -0.1486907005 0.1836571693 -0.5343561172
-0.3104152679 0.7381464243 -0.2363984585 0.0429525375
0.2665519714 0.3700766563 0.7340862751 -0.0227608681
0.6081047058 -0.1465222836 -0.0566663742 -1.0062584877
0.4788303375 -0.3346228600 0.1611905098 -0.5440587997
0.4788303375 -0.1882622242 -1.0564258099 -0.3063435555
1.5538387299 0.2123322487 0.1717429161 0.2542057037
-0.0450649261 0.5267366171 -0.1700201035 -0.6402034760
1.4272880554 0.3998906612 0.0086905956 0.5395526886
0.4556980133 -0.4083452225 0.0672397614 0.2991909981
0.7142448425 -0.1313440800 0.5148677826 0.4063611031
0.0991764069 0.5462514162 -0.6064147949 0.2559700012
-0.2804775238 -0.4956195354 -0.6455609798 -0.4977507591
0.5427875519 -0.4636371136 -0.3807287216 -0.2882614136
1.5497570038 0.5083060265 -0.1700201035 -0.3248667717
0.8666496277 0.7571191788 -0.9849414825 -0.5771360397
0.7183265686 0.8124109507 -0.5492274761 -0.0796542168
1.5497570038 -0.3438382149 -0.9965150356 -0.8369030952
0.9727897644 0.8498141766 -0.1458516121 -0.4540886879
1.6218776703 -0.0153398514 0.3269660473 -0.0126175880
0.2665519714 -0.5221812725 -0.2769062519 0.0310444832
0.8054161072 -0.6360173225 0.6455819607 0.3203606606
0.9006690979 0.4134426117 0.6329870224 0.1364507675
0.9496574402 0.4855388403 -0.3317108154 -0.4562940598
1.0557975769 -0.1541113853 0.5883944035 -0.1612443924
0.1903476715 0.0166425705 1.3546385765 0.0147266388
1.1469688416 0.0339891911 0.5424404144 -0.4245395660
0.5169334412 -0.2907147408 -0.1935079098 0.4976544380
0.3876590729 -0.2966775894 -1.2290093899 0.1011686325
1.2912101746 0.7739235163 -0.2653324604 -0.0686283112
0.4556980133 1.1116371155 -0.2775869370 0.0231060982
1.1197528839 0.4627716541 -0.1407456398 -0.5334739685
1.0176963806 0.3641138077 -0.8069114685 0.6295228004
-0.3716487885 -0.8794097900 0.4924013615 -1.0243406296
1.3293113708 -0.0760524273 0.0417096615 -0.0695104599
1.5565605164 0.5917857885 -0.1431283951 0.3962178230
0.3495578766 0.5538405180 -0.4154496193 -0.1325774193
0.8884220123 -0.6268022060 0.0291147232 -0.4752583504
1.1619377136 -0.1009879112 -0.4297466278 -0.6666650772
0.1440811157 1.0227366686 -0.4528937340 0.5148549080
1.0557975769 0.0947017670 -0.5148468018 0.8928174973
0.6843070984 1.0389989614 0.0069887638 -0.3085489273
0.0379409790 0.5023431778 -0.0379443169 -0.1466903687
0.6843070984 1.3046164513 -0.9825586081 -0.6525521278
0.7972507477 -0.0478644371 0.9253921509 -0.3050203323
0.7782001495 -0.2207868099 -0.2496740818 -0.6053619385
0.4706668854 -1.0517899990 0.1067264080 -0.3751444817
0.7863655090 0.0947017670 -0.0168395042 -0.4655556679
0.9605445862 -0.1335124969 0.7599568367 -0.0412845612
0.5468692780 -0.3725681305 -0.0022022724 -0.0880336761
0.2202854156 0.2405202389 0.0498793125 -1.0278692245
0.7441806793 -0.0554535389 -0.0777714252 -0.1493368149
0.0311374664 0.0280263424 0.0570275784 -0.0558385849
0.7591495514 -0.3118555546 -0.5454831123 -0.0968542099
0.4788303375 0.4454251528 0.0454540253 -0.5074534416
1.0408287048 0.5728131533 0.1560845375 -1.1685576439
0.3046531677 0.0090537071 -0.4076204300 -1.0935826302
-0.1280727386 0.4681923389 -0.3317108154 -0.0320229530
0.9074745178 -0.0532851219 -0.5475254059 -0.1365470886
0.8054161072 0.1077115536 -0.1642332077 -0.1502189636
0.4556980133 0.2708766460 -1.1745450497 0.4279718399
0.3686084747 0.1478252411 0.5145273209 0.1130762100
0.5400657654 -0.2945091724 -0.9029046297 -0.6666650772
0.6611747742 0.2936437130 -0.3102655411 -0.4620270729
0.6530094147 0.3641138077 -0.2905223370 -1.0097866058
0.2053165436 -0.3931670189 -0.5182509422 0.6612768173
1.1170330048 0.6926120520 0.1802530289 -0.5145096779
0.7945289612 -0.4218971729 -1.1605886221 -0.9550991058
0.3114566803 -0.3286600113 -0.7020677328 -0.1493368149
0.4148750305 0.4248262644 -0.7657228708 -0.7632508278
0.9224414825 -0.7482271194 0.5397171974 -0.1956448555
0.2964878082 -0.8566424847 0.8389301300 -0.6521110535
0.7591495514 0.1873967648 -0.2728214264 0.0517730713
0.9224414825 0.8953486681 0.7882101536 0.1417431831
-0.1512050629 -0.4408698082 0.2949683666 -0.2640047073
-0.2042751312 0.5635977983 0.2898623943 0.0411882401
0.5700035095 0.2275104523 0.6098399162 -0.2229886055
1.1319999695 -0.4576742649 -1.1224637032 -0.0130586624
0.0910110474 -0.2435541153 0.6847281456 0.0134034157
1.3592491150 0.4703606367 0.3402416706 -0.8399901390
0.8353519440 -0.2869200706 -0.5250589848 0.2630267143
0.4706668854 0.9999693632 -0.9114147425 -0.1766805649
0.5169334412 -0.1768786907 -0.6299026012 -0.8457236290
1.3524456024 0.1418623924 0.1281716824 -0.3032565117
0.3958244324 0.0188109875 -0.3371572495 -0.8893857002
1.4463386536 0.0301945210 -0.2363984585 -1.1425371170
1.3333950043 0.0909070969 -0.3752822876 -0.5303869247
0.1753787994 0.2860546112 0.5380151272 0.2273030281
-0.2573451996 -0.3400435448 -0.6418166161 -0.5766949654
0.6339588165 -0.8392961025 -0.1778492928 -0.4364476204
0.6761436462 -0.8111081123 -0.1764876842 0.6423125267
0.8816184998 0.1554143429 -0.0845792294 0.2599391937
0.4107933044 0.1516196728 0.8008050919 -0.3486824036
1.4204845428 0.1380677223 0.0529429913 0.0323677063
1.6436500549 0.1705923080 0.8171443939 0.3287401199
1.4735546112 1.0465879440 0.1298735142 0.1968717575
1.9702339172 0.2844283581 0.3296892643 -0.4642324448
0.8584861755 -0.0023300648 -0.3460078239 0.5192651749
1.1020641327 0.6243103743 -0.2718002796 -0.1996140480
0.7591495514 -0.5053770542 0.1540422440 -0.8135285378
1.1047859192 -1.2491059303 -0.4011528492 -0.0478997231
0.9945621490 0.4877071381 -0.6758568287 -0.1669778824
1.1769065857 -0.0554535389 -0.3371572495 0.0702962875
1.1047859192 -0.2549376488 -0.9631557465 -0.2093167305
1.4735546112 0.8384306431 -0.0151374340 -0.0796542168
1.8382396698 -0.3020982742 -0.2186975479 0.0089931488
1.8300762177 -0.0250971317 0.1356604099 -0.3522105217
2.1076717377 0.4931279421 0.0073289871 0.4240026474
1.4585857391 0.4969224930 0.4450855255 0.7106723785
1.1469688416 0.2237157822 -0.1383628845 -0.1855010986
1.4354515076 0.1266841888 -0.5233569145 0.3940124512
1.1469688416 -0.4690577984 -0.0307958126 -0.1250801086
1.0258598328 -0.6837201118 0.0267319679 -0.1374287605
2.0124187469 -0.4408698082 0.5778419971 -0.4858427048
1.3823814392 0.0871126652 0.3164136410 -0.0051198006
1.7239360809 -0.2625267506 -0.1632120609 0.3252120018
1.4585857391 0.0280263424 -0.0760693550 -0.2578301430
0.9877586365 -0.6701681614 0.2850966454 -0.4236574173
0.3686084747 0.3299629688 -0.5298244953 -0.1744756699
2.1416912079 0.0188109875 0.7259166241 0.7119951248
1.6858329773 0.0947017670 0.0750689507 0.6326098442
2.7186584473 0.7647082806 -0.8828209639 -0.8823289871
1.4095973969 0.7397726774 -0.7861468792 0.1373329163
1.2993755341 0.8254207373 -1.0465540886 -1.2960152626
2.7377090454 0.0301945210 -0.1873805523 -0.7125325203
2.5662517548 0.4719868898 0.9573898315 -0.4258627892
2.4682769775 0.1798076630 -1.3352146149 0.3798995018
2.1675453186 -0.0608742237 -0.0399868488 0.0614757538
1.2952938080 0.0833179951 0.1046838760 -0.2979640961
2.1185588837 -1.0631737709 0.0127754211 -0.8638057709
2.6084346771 0.7625398636 0.3613467216 -0.2326912880
1.7280178070 -1.0707626343 -0.1441495419 -0.9273142815
2.1226406097 -1.2491059303 -0.4920399189 1.0013113022
2.2587184906 -0.6571583748 -0.2312924862 0.3746070862
1.9144439697 -0.0896043777 0.2544605732 0.0283985138
2.9241333008 0.7885595560 -0.3072018623 -0.5462641716
2.1416912079 -0.2679474354 -1.1830551624 -0.0373148918
3.5691394806 -0.7617790699 -0.0498583317 0.3049244881
3.0452423096 -0.4598424435 -0.2946071625 -0.2066707611
1.5905799866 -0.3915410042 -0.1686584949 -0.4143958092
3.1745147705 -0.2603583336 0.0839195251 -0.5758128166
3.5609741211 0.1153006554 0.2990531921 -0.6375575066
3.0833435059 -1.0160129070 -0.4246404171 -0.8532209396
3.1935672760 0.5462514162 -0.5927989483 0.1002864838
2.7268218994 0.2085378170 -0.3460078239 -0.1180238724
3.4548339844 -1.0631737709 0.6435396671 0.1417431831
3.1282501221 -0.0213027000 0.7051522732 -0.1444854736
1.9974498749 -0.0532851219 -0.4385969639 0.2237749100
3.6453418732 0.6449092627 -0.4522130489 -0.6891579628
5.0945606232 0.0280263424 0.6496667862 -0.3222208023
3.9406280518 0.4681923389 0.3851747513 -0.7345838547
4.9285469055 0.1570405960 -0.0103719234 -1.0596232414
3.9936981201 -0.3893725872 0.5877137184 0.0455985069
5.4742164612 0.7771760225 -0.6707508564 -0.7861843109
4.2481632233 -0.5547058582 -0.3674530983 -0.0818591118
4.8605098724 0.1667978764 0.5982661247 -0.9661250114
5.1938972473 0.2692503929 0.2265477180 -0.3067846298
5.4742164612 0.8368043900 -0.5631840229 0.2228927612
4.8564262390 0.5007169247 -0.1233851910 -1.9421248436
5.1898155212 0.6183475256 -0.3688147068 -1.0605053902
6.5791606903 0.5917857885 -0.3085634708 -0.0567202568
5.3680763245 0.2177531719 -0.9737081528 -0.7720713615
5.6116542816 -0.4690577984 -0.3102655411 -0.0249662399
6.7424535751 0.9761180878 -0.0164990425 -1.4128885269
6.3246974945 0.3240001202 -0.2980110645 -0.8788008690
5.5014324188 -0.2094032764 -0.4559574127 -0.4871659279
5.5817165375 0.1250579357 0.3031380177 -1.1667933464
6.5192871094 -0.5053770542 0.1714026928 -1.7163171768
6.4689388275 0.1949858665 0.2874796391 -0.8536620140
5.5653877258 0.2578666210 -0.2255055904 -1.4966840744
6.6662502289 -0.2549376488 0.6779201031 -1.1566500664
6.2416896820 -0.9227757454 0.4467873573 -1.0208125114
6.4662170410 -1.1314752102 -0.5699920654 -0.6895990372
5.8361806870 -0.0305180550 0.6353700161 -0.5048069954
6.9628982544 -0.1139976978 -0.2135915756 -0.8858571053
5.7790288925 -0.1123714447 0.2976915836 -0.4946632385
6.6975479126 -1.2832567692 0.7003865242 -0.9158473015
6.0824804306 -0.2679474354 -0.6019897461 0.1135172844
6.2416896820 0.5598033667 0.5877137184 -1.2214813232
5.8538703918 0.1115059853 0.2786290646 -0.7359070778
5.0795936584 -0.3931670189 0.6180093288 -1.7524819374
5.8171300888 0.4855388403 -0.7558511496 -0.5008378029
6.6131801605 -0.1047823429 -0.5257396698 -0.7209119797
5.1449108124 -0.3915410042 -0.8923522234 -0.7522249222
5.7599773407 -0.7785835266 0.7272782326 -0.4514427185
6.5070400238 -0.7157025337 0.4461066723 -1.3043951988
6.4008998871 -0.9856567383 -0.4028546810 -1.0635924339
5.2701015472 -0.4500851631 -1.2603262663 -0.8616003990
6.6444778442 -0.7959299088 -0.2673749924 -0.8069128990
5.6007671356 1.0167738199 -0.9893666506 -0.3041381836
5.8810863495 -0.3611845970 0.1451916695 -0.4029293060
6.3328619003 0.0242316723 0.8202080727 -0.9132013321
6.6131801605 -0.7861726284 -0.2398023605 -1.2135429382
6.9370431900 -0.6799256802 -0.5328881741 -0.8029437065
5.5735530853 0.4757814407 0.3715586662 -1.3101282120
6.0974483490 -0.2094032764 -1.5428595543 -1.4071550369
7.1833429337 -0.6170446873 -1.8730490208 -1.6651577950
6.8948593140 0.1743869781 -0.9192439318 -1.1275420189
7.8215436935 0.3012328148 0.5986065865 0.1505637169
7.4446105957 0.1592087746 -1.1415261030 -1.0291919708
7.3724899292 0.0583825111 0.7660841942 0.1977539062
6.3859319687 0.2443149090 -0.3483905792 -1.2214813232
6.5451412201 -0.1427278519 -0.7861468792 -0.9065856934
7.0200500488 0.8048218489 0.3136904240 -1.6232600212
7.2976474762 0.3088219166 -0.3323917389 -2.7037839890
6.8268213272 -0.1958513260 -0.1356396675 -0.4192471504
7.1983108521 1.0801967382 -0.5366325378 -1.1592960358
6.5682744980 0.3847126961 -0.1196405888 -1.6788296700
7.7371759415 0.5045114756 0.5032942295 -0.6327061653
7.1452407837 -0.1920566559 -0.4365544319 -1.0071406364
7.0840063095 0.3505618572 -0.9607728720 -0.5700798035
8.0188550949 0.0166425705 -1.0857002735 -0.5167150497
7.2976474762 1.1138055325 -0.7378098965 -1.1081366539
8.8530063629 0.4757814407 -1.1112303734 -0.5542025566
8.1059446335 0.5158951283 -0.7306615114 -2.2746615410
8.0909757614 0.6752655506 -1.9224072695 -2.0894289017
8.8911085129 1.1100109816 -1.1085071564 -1.7343993187
8.5495548248 1.1859016418 -1.4921396971 -1.7754154205
9.7647218704 1.3588240147 -0.8504828215 -2.0885467529
9.4531059265 1.6569660902 -1.3930828571 -2.3840370178
9.5483598709 1.9551081657 -1.4376754761 -2.1101572514
10.6260890961 1.4769966602 0.0553257465 -3.1337885857
11.5269184113 1.8217573166 -1.0502985716 -3.0279412270
11.5990400314 1.2905224562 -2.2560007572 -2.3068568707
12.3950901031 2.1789858341 -1.9976360798 -2.3536059856
13.5680732727 2.1605551243 -1.8539865017 -3.1099729538
15.5575180054 2.8191781044 -1.6793606281 -3.1152651310
15.5044479370 3.7970840931 -1.0244280100 -3.7313845158
16.9550285339 4.3949942589 -2.1154150963 -4.8189649582
17.9919357300 5.3327865601 -2.6971611977 -5.8730273247
19.7527694702 5.6818838120 -3.3156707287 -6.5725011826
21.4047451019 6.0710949898 -3.8786950111 -5.8408322334
23.7792873383 7.2175865173 -3.9525620937 -6.8472633362
24.9645175934 7.7661681175 -3.5423781872 -7.7549033165
27.1961784363 8.7169704437 -4.8025445938 -8.7657451630
29.8197441101 9.4059495926 -5.0925669670 -10.3225822449
32.8760299683 11.0267581940 -5.7417125702 -10.3402233124
34.4667701721 10.7914972305 -7.3950428963 -10.1183843613
35.5866851807 10.9758024216 -7.1155734062 -13.0591735840
38.8811073303 11.2338314056 -8.1326932907 -11.6289129257
39.7057342529 10.8256473541 -7.8562870026 -12.7478065491
41.5318870544 11.2945442200 -8.2014541626 -13.1464977264
42.3633155823 10.5752086639 -8.0098075867 -12.6547489166
42.8980979919 10.9584560394 -7.9427490234 -12.4801015854
43.3539581299 10.6071910858 -8.2739601135 -11.9080848694
43.3389892578 9.6471729279 -7.6472802162 -12.8108749390
42.0857200623 9.0985918045 -7.1751437187 -11.1918525696
41.2964706421 7.7813463211 -6.8020634651 -10.3353710175
40.0962753296 6.1524066925 -4.1659936905 -9.9168338776
38.2973365784 6.2857570648 -5.0466127396 -9.0700559616
37.0971374512 5.2357549667 -3.9477963448 -8.8592433929
35.0165214539 3.3796851635 -3.4045157433 -7.0457267761
34.2653770447 2.7075102329 -3.2642703056 -6.5513319969
30.6702232361 1.8255518675 -2.7322225571 -6.5557422638
27.8942546844 1.0764021873 -1.4815872908 -4.9173145294
26.8546257019 0.6221420765 -1.4506107569 -5.4994745255
25.4190139771 -0.2131977081 -1.2776867151 -4.5477313995
22.8458003998 0.5007169247 -1.0571066141 -5.1475324631
22.7777614594 -0.8224916458 -0.3238816261 -3.1690709591
21.3435096741 -0.7997245789 -0.4610633850 -3.6762557030
20.5610675812 -1.4106447697 -0.6132228374 -3.1315832138
19.3309326172 -2.1738882065 -0.3123080730 -2.5882339478
19.1526718140 -1.8757462502 0.4774236679 -2.5511875153
17.8966808319 -3.1111388206 -0.4338312149 -2.0907518864
17.4449043274 -2.9311690331 0.4784448147 -1.2007527351
17.5619316101 -2.9100284576 -0.1158962250 -2.0506181717
16.6665458679 -2.1473264694 0.4161512852 -3.2418408394
15.9684705734 -2.9501419067 0.1877419949 -2.1150085926
15.8010959625 -2.2232174873 0.7054927349 -1.0256638527
15.4595432281 -2.8872609138 0.3140308857 -1.6730961800
15.7929306030 -3.1322793961 0.5734169483 -2.0867826939
14.2443752289 -3.0184435844 0.4607439041 -2.3337595463
14.1191844940 -2.2627887726 -0.1090881824 -1.3599648476
14.6580495834 -2.2817616463 0.8807995319 -1.7551279068
13.3870906830 -2.4470949173 0.1254484653 -1.1068134308
13.1884183884 -2.3197069168 0.7068543434 -1.2298607826
13.0673103333 -1.5320699215 0.0291147232 -1.2492661476
12.9951887131 -2.2400217056 0.0982162952 -1.2580866814
11.8154020309 -2.5170226097 -0.2340157032 -0.7297325134
12.4372739792 -1.9250750542 -0.5168893337 -1.9694685936
11.3214426041 -2.0790247917 -0.8545676470 -1.4909505844
11.8684720993 -1.9494686127 0.9870047569 -1.3590826988
11.8711938858 -2.0199384689 0.4903588295 -1.8966984749
10.9186544418 -1.0463693142 0.2350575924 -1.4790430069
11.3364114761 -1.3325855732 0.1084282398 -1.5407872200
10.4328603745 -1.8318381310 -0.0086698532 -1.1235728264
11.0751438141 -2.0654730797 -0.7704885006 -1.8645033836
10.0042181015 -1.3439693451 0.1717429161 -1.9355092049
10.3335237503 -1.6876459122 -0.3112866879 -1.9116935730
9.6817150116 -1.6193442345 -0.1618504524 -1.7551279068
9.7415895462 -1.4675626755 0.3644104004 -1.7141122818
10.6383361816 -1.1374380589 -0.5128045082 -1.8076105118
9.5592460632 -0.6815519333 0.2442486286 -0.5127458572
9.0816164017 -2.0025920868 0.0910677910 -2.0836954117
9.6653862000 -1.0843145847 -0.0791330338 -1.7952618599
9.3170289993 -1.2133288383 0.2010176182 -1.2223634720
8.5046501160 -0.7883408070 0.6023509502 -2.2645177841
9.9389009476 -0.5715103149 -0.1621909142 -2.4488685131
7.9004678726 -1.2642841339 -0.3266048431 -1.5725412369
7.4187555313 -1.3916718960 0.2234840393 -1.6223778725
8.2379388809 -0.9211497307 0.6391143799 -0.9114370346
8.0106906891 -1.0707626343 0.8985002041 -0.6869525909
7.6922702789 -1.4469637871 0.3119883537 -0.6225624084
6.4730205536 -0.8696522713 0.4202361107 -1.3692264557
7.7834415436 -1.0539584160 -0.4324696064 -0.3632364273
7.0499868393 -1.0707626343 -0.1199810505 -1.3114514351
6.9819488525 -0.6533639431 -0.2020177841 -1.3912777901
7.7643909454 -0.9341595173 -0.1584465504 -0.1991729736
6.8336248398 -0.2603583336 0.8001241684 -1.0102276802
6.7737512589 -0.6587846279 0.5346109867 -1.5359358788
6.7424535751 -0.5070033073 -1.0234068632 -0.7063579559
6.7383708954 -1.1200916767 -0.2554609776 -1.1028442383
5.7667818069 0.1705923080 -0.1070458889 -1.4477300644
6.4390020370 -0.3020982742 0.4597227573 -1.7851181030
5.7790288925 0.0773551464 0.0304763317 -1.6082649231
5.4061775208 -0.6436064243 0.2500352859 -1.4966840744
6.6853008270 -1.3781201839 -0.1584465504 -0.8836522102
5.7599773407 -0.0836415291 -0.2803101540 -0.4113087654
5.4905452728 -1.0691366196 -0.1053438187 -1.0684437752
5.7599773407 -0.7785835266 0.0549852848 -0.9043807983
4.6278171539 -1.6974029541 0.3446669579 -1.0419821739
5.3000373840 -0.8620634079 0.3446669579 -0.7632508278
5.2211132050 -0.5509114265 0.8212292194 -0.8739495277
5.3082027435 -0.2186183929 -0.1070458889 -0.6684293747
4.9734535217 0.1228897572 -0.5512697697 -1.7762975693
5.4184246063 -0.7064874172 0.0801749229 -1.1513576508
4.9884204865 0.1364414692 -0.8487808704 -1.5456385612
4.6849689484 -0.2945091724 0.0645165443 -1.4296474457
3.8657855988 0.1402361393 -0.1015994549 0.0733833313
5.1258583069 0.1039168835 0.8096554279 -0.7411994934
3.8195209503 -0.6132502556 0.6370718479 -0.8294053078
4.3202838898 -0.7959299088 1.2521774769 -1.5372591019
3.6984119415 0.1592087746 0.2469718456 -1.0922594070
4.0318012238 -0.1958513260 -0.2745234966 -0.5387663841
4.4808540344 -1.4090185165 0.1291928291 -0.2723841667
4.3733539581 -1.2019453049 0.8641197681 0.0601525307
4.4876575470 -0.5639212132 0.3113076687 -0.4699659348
4.2291126251 1.0872436762 0.6350295544 0.1126351357
3.7746143341 -1.0501637459 0.5826077461 -1.2510304451
4.1542701721 0.3906755447 0.6241366863 -0.3473591805
4.1692390442 0.8595715761 0.1642541885 -0.8942370415
4.0399646759 -0.1123714447 0.1257889271 -0.4086627960
4.1501865387 0.0947017670 0.4876356125 -1.1337161064
3.9025268555 -0.9742732048 0.5478866100 -0.3164873123
3.7963867188 -0.3286600113 0.7956991196 -0.9343705177
4.2604103088 -0.1524851322 0.3913021088 0.2114257812
3.9719257355 -0.9401223660 0.7694880962 -0.9255499840
3.7242660522 -0.7254600525 0.4893376827 -0.8095588684
3.7514820099 0.3467671871 0.1839973927 -1.0124330521
3.6140441895 -1.2588632107 -0.3470289707 -1.3939242363
3.1282501221 -0.4349069595 -0.0818562508 -0.8541030884
4.3202838898 0.5186054707 0.4627864361 -0.7972102165
3.8304061890 -0.3839519024 -0.5522911549 -1.6214957237
5.4592475891 -0.9515058994 0.7323844433 -0.6357932091
4.4386711121 -1.0707626343 0.2486736774 -1.9703507423
4.7121849060 -0.6609528065 0.3957271576 -0.6013927460
4.5706653595 -0.3438382149 0.7242147923 -0.3385386467
4.4386711121 -0.5243496895 0.2170164585 -1.0697669983
4.4046516418 -0.0971934795 0.1577866077 -1.0155200958
4.3243656158 0.6562929153 0.0454540253 -0.6424083710
4.1080036163 -0.2625267506 -0.5257396698 -0.6053619385
4.3733539581 -0.5677156448 -0.0481562614 -0.5436177254
4.5937976837 -0.7498533726 -0.7122797966 -1.0693259239
4.4196205139 -0.4880304337 0.1989750862 -0.9537758827
3.6671142578 0.5267366171 -0.0427100658 -1.2241272926
3.8494567871 -0.1828415394 -0.3824307919 -0.8373441696
4.2862644196 0.1554143429 0.2507162094 -1.6664810181
5.0496559143 -0.9796938896 0.2755653858 -0.8730673790
5.0986442566 0.2085378170 1.8223500252 -1.5840082169
4.5869941711 0.0811498165 -0.1489152908 -1.2144246101
4.4046516418 -0.3058927059 -0.2561416626 -0.7950048447
4.4917411804 -0.0836415291 0.0243492126 -0.3636775017
4.3815174103 0.1949858665 0.5768208504 -1.3229184151
3.5609741211 0.3050274849 0.3044996262 -1.2783741951
3.6031589508 -0.3953354359 0.5090808868 -1.3604059219
3.6603107452 -0.2094032764 -0.2843949795 -0.8139691353
5.2769050598 0.4931279421 0.3262853622 -1.9712326527
4.6128482819 -0.8165287971 0.2548010349 -0.5264177322
4.4114551544 -1.3249967098 0.1618714333 -0.8135285378
4.0399646759 0.8031955957 0.4158108234 -0.9154062271
4.2223072052 -0.5509114265 0.7218317986 -0.9418683052
5.5055141449 -1.1488218307 1.2406039238 -0.8435182571
4.7883892059 -0.4864041805 -0.4249808788 -0.3552980423
5.6878566742 -0.4864041805 0.7453196049 -1.3881907463
4.9625663757 0.0681400299 0.2323343754 -2.3187646866
5.2170314789 0.2974383831 0.5172505379 -0.9114370346
5.2809867859 0.1554143429 0.5598008633 -0.3883752823
6.1777343750 0.1933596134 0.3215196133 -1.5390229225
5.5735530853 -1.1829726696 0.8341643810 -1.1548857689
4.7312355042 -0.9249441624 0.2214417458 -1.4124474525
5.4102592468 -0.5509114265 1.2651128769 -0.9317245483
5.8770036697 1.1100109816 0.7088966370 -1.0040535927
7.0091638565 0.1212635040 0.1196615696 -0.2679738998
6.2035884857 0.2746710777 0.4130876064 -1.2104554176
5.6905784607 0.8498141766 0.6033720970 -1.9791712761
5.7069072723 0.5158951283 0.4978477955 -2.5119359493
6.0103588104 -0.1714577675 0.4457662106 -1.4217090607
6.2144746780 -0.3118555546 0.7558720112 -1.5478439331
6.4430837631 -0.0153398514 -0.0086698532 -2.2693691254
6.9928350449 -0.0153398514 -0.1332566738 -0.9581861496
6.5982112885 0.4172371626 -0.1499364376 -1.4794840813
7.4718255997 0.8237946033 -0.1067054272 -0.7460508347
6.5451412201 -0.4484589100 0.6105206013 -1.6431064606
6.6131801605 0.8422251940 -0.4893167019 -1.5072689056
6.3940963745 0.3998906612 0.2629706860 -0.9727401733
5.9300737381 -0.2945091724 0.8099958897 -0.6882758141
7.0050821304 0.2313048840 0.4032161236 -1.4525814056
6.2035884857 -0.8317070007 1.0458941460 -1.2532353401
6.8268213272 0.4324153662 0.5952024460 -1.1279830933
5.9913082123 -0.1161661148 0.0893659592 -1.0190482140
7.0649557114 -0.6761310101 -0.0015213490 -2.2429072857
7.0159683228 -0.3042666912 0.1189808846 -1.2338299751
6.6635284424 -0.1980195045 -0.1015994549 -1.1368036270
6.7016305923 -0.2435541153 0.4049181938 -0.2093167305
7.2595453262 0.1873967648 0.7637012005 -2.5101716518
6.0443782806 -0.5904829502 0.7269380093 -1.2982206345
7.7222070694 -0.7157025337 0.7715306282 -0.4862837791
7.3235015869 0.2237157822 0.6067762375 -0.1369881630
7.0459051132 -0.1199605465 0.3460285664 -1.0203714371
7.5888519287 -0.7785835266 0.8794379234 -1.3987755775
7.0772027969 -0.6208393574 0.5223565102 -1.6651577950
8.0106906891 0.2177531719 0.1465532780 -0.8933548927
7.3656854630 -0.8051452637 1.5227966309 -1.0587410927
7.2364130020 -0.7216653824 0.1523401737 -0.7985334396
7.3997049332 -0.6647474766 -0.5757787228 -2.0347411633
7.7521438599 0.8481880426 0.2306325436 -1.2095732689
7.9236011505 -0.4370753765 1.2300515175 -1.9509453773
7.1030569077 -0.1215867996 0.0434117317 -0.5833106041
9.2489910126 -0.2224130630 1.3195772171 -2.0956032276
6.5832433701 0.0735607147 0.2762463093 -1.4666943550
7.3997049332 -0.2397594452 0.2330152988 -1.1522397995
7.6773023605 -0.5622949600 0.3058612347 -2.2751026154
7.6963529587 0.5619716644 0.7044713497 -1.5253510475
8.1317987442 0.1115059853 0.3930039406 -2.0466489792
9.0094947815 0.1402361393 0.7078754902 -1.8243699074
8.5114536285 -0.2739102840 0.7272782326 -2.6539475918
8.9904441833 -0.1541113853 0.0158390999 -1.7017631531
9.7075700760 0.0567562580 -0.0372636318 -1.2461791039
10.5662155151 -0.6609528065 -0.3507733345 -1.3224773407
9.3932323456 -0.1389331818 1.1919264793 -2.3346416950
10.3335237503 -0.0326862335 0.7408943176 -2.1366190910
9.9620342255 1.1409093142 -0.3514542580 -2.0488541126
10.0994720459 0.3126163483 0.0131158829 -1.1588549614
11.1649541855 -0.7102818489 -0.2357175350 -2.8475599289
11.2833414078 0.2313048840 -0.0127546787 -2.2980360985
11.1622323990 0.4757814407 0.0246894360 -2.2490818501
11.1091623306 0.2464830875 -0.1329164505 -2.2287943363
11.9746122360 -0.4067189693 -0.0301151276 -1.9271297455
12.5815153122 0.3624875546 -0.6251370907 -1.4953613281
11.6248941422 0.9240787029 -0.0250091553 -2.7822873592
12.2317972183 -0.2072348595 -0.3647298813 -1.9341862202
13.2959194183 -0.4197289944 -0.6564538479 -3.4791152477
13.1734495163 -0.1790468693 -0.5716938972 -2.6243984699
14.5328588486 0.1760132313 0.6135842800 -2.3862421513
13.8647212982 -0.5622949600 0.6173286438 -2.7386252880
13.7694664001 -0.7899670601 0.1618714333 -1.8711190224
15.2499847412 -0.4029245377 0.1584672928 -2.3880064487
15.1030216217 -0.5639212132 -0.2466104031 -2.7725846767
15.5997018814 -1.4014294147 -0.6908345222 -3.5946650505
16.0215415955 -1.8340063095 0.5019326210 -2.7505331039
16.3930301666 -1.3081922531 -0.7238534689 -2.3130311966
17.3237972260 -2.0806512833 -0.5264205933 -2.2870104313
17.6000328064 -0.9780676365 -0.0556452274 -2.9930999279
18.1770000458 -1.5358643532 -0.7289594412 -2.4718019962
19.0887145996 -1.6898140907 -0.3643894196 -2.3403749466
19.2560901642 -2.5533418655 -0.2129106522 -2.9807510376
19.8099231720 -1.8090710640 -0.3225200176 -1.9813764095
20.0752735138 -1.8925504684 -0.2418448925 -3.7552001476
20.3106861115 -1.0956983566 -0.8722685575 -2.9564943314
20.9937915802 -2.1793093681 -0.4471070766 -1.2003116608
23.0322246552 -2.3424739838 -0.2152936459 -2.9719302654
23.6962814331 -2.0638470650 -0.4392776489 -2.7694973946
24.0759353638 -2.3863825798 -1.7144219875 -3.6890456676
25.7959480286 -2.5208172798 0.4866144657 -3.8323802948
25.3550586700 -2.7110862732 -1.4523127079 -2.9586994648
26.5933589935 -2.6005024910 0.0270724297 -4.2623848915
26.6382637024 -2.6769351959 -0.8331223726 -3.8345856667
28.6004943848 -3.7014598846 1.0132155418 -4.2817902565
27.6520385742 -4.0565199852 -0.3507733345 -4.7673645020
28.3501129150 -4.1437940598 0.0253703594 -3.8165032864
28.1949844360 -5.0604457855 0.1843378544 -4.1344861984
28.8862552643 -5.2696871758 -0.3722186089 -4.3814630508
29.7625923157 -5.3244366646 -0.0886640549 -3.6356809139
28.1759338379 -5.7797813416 -0.2986919880 -2.3712472916
28.7637863159 -5.4062905312 0.5084002018 -3.7649028301
30.0211372375 -5.7819490433 1.0047056675 -3.4658842087
29.0794849396 -5.7759866714 -0.2067835331 -3.6714043617
28.9842300415 -5.3797287941 0.4889972210 -4.6381425858
30.3164253235 -6.3001747131 0.0801749229 -3.5183668137
30.2034797668 -5.5786705017 1.2242646217 -3.5192489624
30.0252189636 -5.9185523987 0.6660060883 -3.7468204498
30.9845619202 -6.1673660278 0.6908552647 -4.9093761444
30.8375988007 -5.2051801682 0.9999399185 -3.5968701839
32.1548233032 -5.2030115128 0.8341643810 -4.7885341644
32.1548233032 -5.5559034348 0.0825579166 -3.7472615242
33.4829330444 -5.9944429398 1.1687791348 -4.0736236572
34.1510734558 -5.9223470688 0.6173286438 -4.5596394539
34.9335136414 -6.4671344757 0.7654032707 -5.2128052711
34.7933578491 -5.3873176575 1.0002803802 -5.7279286385
36.7134017944 -5.0983910561 1.8563904762 -5.9210996628
37.5679626465 -5.3358206749 0.7140026093 -5.1634097099
37.0590362549 -5.8713922501 2.2155137062 -6.2095336914
38.5395545959 -5.2447514534 1.2994933128 -6.7890472412
40.0513687134 -6.0020322800 2.7111387253 -6.5822038651
39.9030456543 -5.9640874863 1.4363346100 -7.2022924423
39.0716171265 -6.2091054916 1.5047554970 -5.9621152878
40.9317855835 -4.8273525238 1.2103080750 -6.3718323708
40.1915283203 -5.9413194656 1.9503412247 -6.9151821136
42.2109107971 -4.8858971596 2.8796372414 -6.0251827240
42.0775527954 -5.0073223114 1.3076629639 -5.8280425072
42.2000236511 -5.0094904900 1.1136341095 -6.5279574394
42.7007865906 -4.7568826675 0.9298171997 -6.6024913788
43.0804443359 -4.9504041672 1.9748501778 -6.2739238739
43.8547210693 -4.9466094971 2.0415687561 -6.2681903839
43.0804443359 -4.8918600082 1.3287677765 -6.0578188896
42.0476188660 -4.8311471939 1.2371997833 -5.6401634216
43.1253471375 -4.1703562737 1.1068260670 -5.8686170578
43.2097167969 -5.2030115128 1.0857212543 -5.4315562248
44.0139312744 -5.2485461235 1.3195772171 -6.1985077858
